-0.925 53.906 
-0.699 25.75 
-0.925 53.906 
-0.699 25.75 
-0.744 26.756 
-0.9 52.379 
-0.879 42.048 
-0.706 26.346 
-0.898 47.408 
-0.886 46.817 
-0.86 41.354 
-0.852 36.803 
-0.754 29.821 
-0.804 31.708 
-0.805 35.467 
-0.789 30.982 
-0.766 29.872 
-0.786 30.803 
-0.773 30.527 
-0.905 53.323 
-0.827 35.868 
-0.867 41.473 
-0.834 36.173 
-0.877 41.711 
-0.803 31.455 
-0.916 53.705 
-0.916 53.705 
-0.702 25.915 
-0.852 36.803 
-0.845 36.356 
-0.851 36.374 
-0.754 29.821 
-0.896 47.06 
-0.819 35.783 
-0.809 35.476 
-0.86 41.354 
-0.905 53.323 
-0.841 36.287 
-0.886 46.817 
-0.889 46.862 
-0.819 35.783 
-0.813 35.558 
-0.771 30.33 
-0.813 35.558 
-0.771 30.33 
-0.862 41.366 
-0.841 36.287 
-0.803 31.455 
-0.898 47.408 
-0.897 47.096 
-0.888 46.848 
-0.862 41.366 
-0.889 46.862 
-0.897 47.096 
-0.805 35.467 
-0.925 53.906 
-0.916 53.705 
-0.852 36.803 
-0.819 35.783 
-0.886 46.817 
-0.803 31.455 
-0.898 47.408 
-0.841 36.287 
-0.771 30.33 
-0.862 41.366 
-0.889 46.862 
-0.897 47.096 
-0.925 53.906 
-0.916 53.705 
-0.841 36.287 
-0.852 36.803 
-0.819 35.783 
-0.889 46.862 
-0.803 31.455 
-0.898 47.408 
-0.771 30.33 
-0.897 47.096 
-0.862 41.366 
-0.862 41.366 
-0.852 36.803 
-0.819 35.783 
-0.898 47.408 
-0.771 30.33 
-0.862 41.366 
-0.819 35.783 
-0.819 35.783 
-0.771 30.33 
-0.819 35.783 
-0.819 35.783 
-0.852 36.803 
-0.852 36.803 
-0.841 36.287 
-0.898 47.408 
-0.803 31.455 
-0.889 46.862 
-0.852 36.803 
-0.841 36.287 
-0.803 31.455 
-0.819 35.783 
-0.862 41.366 
