-0.925 53.906 
-0.925 53.906 
-0.682 25.696 
-0.744 26.429 
-0.916 53.57 
-0.906 48.166 
-0.879 41.918 
-0.852 36.637 
-0.862 41.239 
-0.886 46.817 
-0.706 26.346 
-0.805 35.467 
-0.804 31.708 
-0.765 29.657 
-0.765 29.657 
-0.699 25.749 
-0.906 48.166 
-0.796 30.855 
-0.786 30.803 
-0.773 30.527 
-0.916 53.57 
-0.786 30.803 
-0.798 31.037 
-0.867 41.473 
-0.862 41.239 
-0.877 41.711 
-0.803 31.451 
-0.898 47.408 
-0.845 36.356 
-0.819 35.783 
-0.827 35.868 
-0.896 47.059 
-0.767 30.106 
-0.851 36.374 
-0.828 36.086 
-0.834 36.173 
-0.841 36.282 
-0.898 47.408 
-0.886 46.817 
-0.889 46.862 
-0.867 41.473 
-0.834 36.173 
-0.819 35.783 
-0.702 25.915 
-0.813 35.558 
-0.813 35.558 
-0.771 30.33 
-0.702 25.915 
-0.897 47.078 
-0.841 36.282 
-0.706 26.346 
-0.809 35.476 
-0.809 35.476 
-0.877 41.711 
-0.772 30.517 
-0.888 46.847 
-0.773 30.527 
-0.804 31.708 
-0.766 29.872 
-0.771 30.33 
-0.766 29.872 
-0.889 46.862 
-0.828 36.086 
-0.827 35.868 
-0.851 36.374 
-0.805 35.467 
-0.925 53.906 
-0.786 30.803 
-0.862 41.239 
-0.706 26.346 
-0.886 46.817 
-0.898 47.408 
-0.867 41.473 
-0.819 35.783 
-0.813 35.558 
-0.702 25.915 
-0.773 30.527 
-0.809 35.476 
-0.877 41.711 
-0.771 30.33 
-0.804 31.708 
-0.889 46.862 
-0.828 36.086 
-0.851 36.374 
-0.805 35.467 
-0.925 53.906 
-0.862 41.239 
-0.706 26.346 
-0.886 46.817 
-0.898 47.408 
-0.867 41.473 
-0.819 35.783 
-0.813 35.558 
-0.773 30.527 
-0.809 35.476 
-0.771 30.33 
-0.804 31.708 
-0.889 46.862 
-0.851 36.374 
-0.805 35.467 
