-0.68 25.231 
-0.925 53.904 
-0.925 53.904 
-0.906 48.164 
-0.744 26.427 
-0.82 35.164 
-0.916 53.57 
-0.852 36.635 
-0.804 31.703 
-0.886 46.817 
-0.879 41.917 
-0.707 26.336 
-0.862 41.237 
-0.761 29.483 
-0.786 30.059 
-0.699 25.507 
-0.766 29.872 
-0.744 26.427 
-0.761 29.483 
-0.703 25.54 
-0.802 30.804 
-0.916 53.57 
-0.793 30.176 
-0.862 41.237 
-0.898 47.406 
-0.793 30.176 
-0.827 35.849 
-0.876 41.627 
-0.867 41.471 
-0.834 36.01 
-0.879 41.917 
-0.834 36.01 
-0.841 36.282 
-0.898 47.406 
-0.886 46.817 
-0.896 47.058 
-0.889 46.86 
-0.765 29.538 
-0.803 31.451 
-0.826 35.803 
-0.826 35.803 
-0.802 30.804 
-0.841 36.282 
-0.845 36.352 
-0.85 36.369 
-0.707 26.336 
-0.866 41.391 
-0.845 36.352 
-0.897 47.077 
-0.888 46.845 
-0.851 36.374 
-0.803 31.451 
-0.877 41.708 
-0.877 41.708 
-0.896 47.058 
-0.889 46.86 
-0.766 29.872 
-0.876 41.627 
-0.867 41.471 
-0.866 41.391 
-0.765 29.538 
-0.897 47.077 
-0.85 36.369 
-0.851 36.374 
-0.744 26.427 
-0.761 29.483 
-0.916 53.57 
-0.793 30.176 
-0.879 41.917 
-0.834 36.01 
-0.898 47.406 
-0.886 46.817 
-0.802 30.804 
-0.841 36.282 
-0.707 26.336 
-0.845 36.352 
-0.803 31.451 
-0.877 41.708 
-0.896 47.058 
-0.889 46.86 
-0.766 29.872 
-0.876 41.627 
-0.867 41.471 
-0.866 41.391 
-0.765 29.538 
-0.826 35.803 
-0.85 36.369 
-0.851 36.374 
-0.761 29.483 
-0.916 53.57 
-0.879 41.917 
-0.834 36.01 
-0.898 47.406 
-0.886 46.817 
-0.802 30.804 
-0.841 36.282 
-0.845 36.352 
-0.803 31.451 
-0.877 41.708 
-0.896 47.058 
