-0.818 35.762 
-0.855 41.321 
-0.788 31.048 
-0.818 35.762 
-0.788 31.048 
-0.812 35.7 
-0.872 47.37 
-0.812 35.7 
-0.79 31.504 
-0.872 47.37 
-0.744 25.123 
-0.846 35.774 
-0.788 31.048 
-0.79 31.504 
-0.79 31.504 
-0.79 31.504 
-0.788 31.048 
-0.812 35.7 
-0.79 31.504 
-0.812 35.7 
-0.788 31.048 
-0.79 31.504 
-0.788 31.048 
-0.862 45.075 
-0.812 35.7 
-0.744 25.123 
-0.747 25.34 
-0.79 31.504 
-0.786 30.796 
-0.872 47.37 
-0.811 34.579 
-0.812 35.7 
-0.872 47.37 
-0.88 51.291 
-0.788 31.048 
-0.787 30.905 
-0.793 34.165 
-0.777 29.732 
-0.812 35.7 
-0.846 35.774 
-0.777 29.732 
-0.846 35.774 
-0.812 35.7 
-0.788 31.048 
-0.872 47.37 
-0.79 31.504 
-0.792 34.043 
-0.79 31.504 
-0.788 31.048 
-0.846 35.774 
-0.864 45.597 
-0.857 41.373 
-0.855 41.321 
-0.79 31.504 
-0.777 29.732 
-0.792 34.043 
-0.787 30.905 
-0.786 30.796 
-0.777 29.732 
-0.88 51.291 
-0.747 25.34 
-0.872 47.37 
-0.788 31.048 
-0.812 35.7 
-0.75 25.637 
-0.777 29.732 
-0.862 45.075 
-0.864 45.597 
-0.872 47.37 
-0.788 31.048 
-0.812 35.7 
-0.786 30.796 
-0.793 34.165 
