P=? [ F (x=9&y=9&crashed=0) ]	R{"cost"}=? [ C<=100 ]
0.685	24.155
0.869	51.565
0.869	51.565
0.685	24.155
0.868	51.316
0.861	47.177
0.782	34.377
0.833	39.928
0.829	36.411
0.751	28.694
0.73	28.411
0.706	24.693
0.804	35.161
0.849	45.073
0.846	42.241
0.823	35.317
0.688	24.421
0.714	26.124
0.799	34.434
0.781	31.878
0.727	28.028
0.727	28.028
0.714	26.124
0.713	25.18
0.775	30.937
0.762	29.533
0.706	24.693
0.767	30.421
0.757	29.209
0.757	29.209
0.853	45.776
0.829	36.411
0.857	46.573
0.853	45.776
0.845	42.022
0.844	41.25
0.752	28.823
0.835	40.184
0.833	39.928
0.775	30.937
0.778	31.236
0.857	46.573
0.839	40.43
0.688	24.421
0.852	45.402
0.846	42.241
0.767	30.421
0.86	46.953
0.78	31.53
0.713	25.18
0.827	36.054
0.728	28.145
0.729	28.297
0.835	40.184
0.858	46.712
0.752	28.823
0.827	36.054
0.781	31.878
0.766	30.38
0.765	30.032
0.849	45.073
0.801	34.605
0.852	45.402
0.85	45.1
0.826	35.754
0.78	31.53
0.777	31.229
0.751	28.694
0.73	28.411
0.803	34.911
0.839	40.43
0.843	41.114
0.842	40.884
0.763	29.755
0.845	42.022
0.841	40.748
0.84	40.566
0.85	45.1
0.803	34.911
0.802	34.739
0.825	35.621
0.824	35.45
0.765	30.032
0.764	29.874
0.823	35.317
0.804	35.161
0.777	31.229
0.859	46.814
0.844	41.25
0.842	40.884
0.84	40.566
0.841	40.748
0.843	41.114
0.802	34.739
0.824	35.45
0.826	35.754
0.825	35.621
0.8	34.564
0.764	29.874
0.763	29.755
