P=? [ F (x=9&y=9&crashed=0) ]	R{"cost"}=? [ C<=100 ]
0.9	52.738
0.761	26.384
0.9	52.738
0.761	26.384
0.898	52.303
0.897	47.326
0.786	26.729
0.795	27.712
0.817	30.568
0.821	31.116
0.892	46.397
0.891	42.911
0.838	31.18
0.883	41.5
0.882	38.26
0.859	36.262
0.817	30.568
0.858	33.294
0.795	27.712
0.841	31.47
0.845	31.477
0.864	36.571
0.869	36.606
0.819	30.782
0.786	26.729
0.894	46.96
0.889	42.45
0.871	36.778
0.873	36.811
0.789	26.985
0.791	27.198
0.793	27.217
0.838	31.18
0.893	46.534
0.852	32.168
0.884	41.687
0.846	31.494
0.849	31.786
0.847	31.691
0.841	31.47
0.875	37.078
0.851	32.089
0.885	41.724
0.87	36.623
0.896	47.187
0.88	37.855
0.879	37.554
0.794	27.49
0.789	26.985
0.858	33.294
0.857	33.046
0.861	36.507
0.859	36.262
0.854	32.563
0.853	32.32
0.899	52.504
0.891	42.911
0.89	42.678
0.862	36.548
0.861	36.507
0.89	42.678
0.896	47.187
0.894	46.96
0.864	36.571
0.794	27.49
0.887	42.08
0.886	41.862
0.882	38.26
0.879	37.554
0.878	37.338
0.881	38.044
0.899	52.504
0.898	52.303
0.82	30.916
0.85	31.984
0.881	38.044
0.88	37.855
0.888	42.263
0.883	41.5
0.888	42.263
0.887	42.08
0.857	33.046
0.856	32.878
0.877	37.278
0.876	37.113
0.856	32.878
0.855	32.715
0.874	36.924
0.853	32.32
0.855	32.715
0.854	32.563
0.897	47.326
0.886	41.862
0.893	46.534
0.892	46.397
0.82	30.916
0.79	27.114
0.874	36.924
0.85	31.984
0.849	31.786
