-0.622 34.016 
-0.854 71.825 
-0.854 71.825 
-0.622 34.016 
-0.685 34.756 
-0.853 66.895 
-0.651 34.463 
-0.811 55.433 
-0.717 37.607 
-0.685 34.756 
-0.834 60.518 
-0.651 34.463 
-0.717 37.607 
-0.784 48.28 
-0.836 64.502 
-0.771 44.425 
-0.822 58.863 
-0.749 39.661 
-0.794 50.834 
-0.8 53.35 
-0.75 42.193 
-0.838 65.096 
-0.826 60.346 
-0.771 44.425 
-0.784 48.28 
-0.735 38.146 
-0.822 58.863 
-0.728 37.945 
-0.853 66.895 
-0.838 65.096 
-0.786 48.294 
-0.825 59.147 
-0.755 43.277 
-0.728 37.945 
-0.787 49.489 
-0.8 53.35 
-0.794 50.834 
-0.804 54.046 
-0.788 50.44 
-0.787 49.489 
-0.761 43.313 
-0.744 39.66 
-0.805 54.812 
-0.789 50.504 
-0.754 42.63 
-0.77 44.112 
-0.836 64.502 
-0.74 39.19 
-0.739 38.614 
-0.767 43.896 
-0.763 43.537 
-0.764 43.729 
-0.808 54.997 
-0.738 38.434 
-0.767 43.896 
-0.837 64.929 
-0.751 42.219 
-0.741 39.432 
-0.743 39.454 
-0.802 53.694 
-0.834 60.518 
-0.789 50.504 
-0.806 54.973 
-0.802 53.694 
-0.738 38.434 
-0.825 59.147 
-0.74 39.19 
-0.752 42.453 
-0.77 44.112 
-0.803 53.852 
-0.81 55.244 
-0.739 38.614 
-0.826 60.346 
-0.837 64.929 
-0.764 43.729 
-0.762 43.372 
-0.809 55.159 
-0.805 54.812 
-0.803 53.852 
-0.754 42.63 
-0.753 42.479 
-0.81 55.244 
-0.809 55.159 
-0.788 50.44 
-0.762 43.372 
-0.761 43.313 
-0.755 43.277 
-0.75 42.193 
-0.753 42.479 
-0.752 42.453 
-0.806 54.973 
-0.743 39.454 
-0.741 39.432 
-0.749 39.661 
-0.744 39.66 
-0.622 34.016 
-0.854 71.825 
-0.685 34.756 
-0.651 34.463 
-0.717 37.607 
