-0.622 34.016 
-0.854 71.825 
-0.622 34.016 
-0.854 71.825 
-0.685 34.756 
-0.853 66.419 
-0.651 34.463 
-0.717 37.607 
-0.685 34.756 
-0.818 56.24 
-0.651 34.463 
-0.717 37.607 
-0.822 58.862 
-0.836 64.502 
-0.835 60.685 
-0.749 39.66 
-0.775 47.94 
-0.795 51.114 
-0.75 42.193 
-0.833 60.431 
-0.797 53.074 
-0.772 46.244 
-0.849 65.955 
-0.838 65.096 
-0.827 59.086 
-0.771 44.384 
-0.728 37.945 
-0.772 46.244 
-0.806 54.706 
-0.788 49.803 
-0.782 47.957 
-0.849 65.955 
-0.762 43.22 
-0.728 37.945 
-0.735 38.146 
-0.811 55.432 
-0.787 48.571 
-0.827 59.086 
-0.838 65.096 
-0.743 39.454 
-0.811 55.432 
-0.757 43.03 
-0.837 64.67 
-0.794 50.548 
-0.79 50.332 
-0.804 54.046 
-0.763 43.537 
-0.808 54.997 
-0.766 43.625 
-0.81 55.176 
-0.74 39.189 
-0.739 38.614 
-0.792 50.342 
-0.735 38.146 
-0.738 38.434 
-0.789 49.831 
-0.8 53.35 
-0.797 53.074 
-0.767 43.896 
-0.741 39.432 
-0.793 50.535 
-0.743 39.454 
-0.804 54.046 
-0.769 43.925 
-0.754 42.63 
-0.756 42.879 
-0.738 38.434 
-0.787 48.571 
-0.786 48.294 
-0.8 53.35 
-0.771 44.384 
-0.77 44.112 
-0.756 42.879 
-0.754 42.63 
-0.784 48.054 
-0.74 39.189 
-0.752 42.42 
-0.751 42.219 
-0.803 53.852 
-0.757 43.03 
-0.77 44.112 
-0.802 53.691 
-0.801 53.51 
-0.739 38.614 
-0.836 64.502 
-0.835 60.685 
-0.834 60.518 
-0.809 55.014 
-0.803 53.852 
-0.802 53.691 
-0.801 53.51 
-0.786 48.294 
-0.785 48.138 
-0.753 42.479 
-0.784 48.054 
-0.766 43.625 
-0.763 43.537 
-0.834 60.518 
-0.785 48.138 
-0.753 42.479 
