P=? [ F (x=9&y=9&crashed=0) ]	R{"cost"}=? [ C<=100 ]
0.671	20.653
0.899	67.596
0.671	20.653
0.882	62.247
0.879	50.977
0.861	44.924
0.879	50.977
0.807	34.403
0.8	31.596
0.745	26.018
0.693	24.104
0.864	46.885
0.847	41.115
0.726	25.79
0.676	20.994
0.693	24.104
0.676	20.994
0.864	46.885
0.833	39.269
0.824	36.108
0.847	41.115
0.772	30.093
0.784	30.169
0.808	34.548
0.862	46.361
0.824	36.108
0.833	39.269
0.816	34.812
0.754	28.625
0.753	27.127
0.79	30.205
0.699	24.127
0.706	24.213
0.721	25.115
0.752	26.645
0.757	29.093
0.712	24.236
0.762	29.136
0.706	24.213
0.699	24.127
0.784	30.169
0.835	39.796
0.819	35.345
0.77	29.853
0.838	40.115
0.843	40.296
0.765	29.532
0.714	24.647
0.845	40.774
0.837	40.001
0.844	40.385
0.822	35.733
0.717	24.667
0.724	25.787
0.799	31.464
0.823	35.986
0.798	31.209
0.755	28.658
0.764	29.45
0.792	30.408
0.796	30.939
0.674	20.95
0.834	39.312
0.753	27.127
0.795	30.827
0.797	31.123
0.719	24.919
0.723	25.545
0.747	26.465
0.771	30.009
0.749	26.502
0.745	26.018
0.726	25.79
0.723	25.545
0.821	35.521
0.818	34.936
0.791	30.351
0.719	24.919
0.863	46.495
0.794	30.666
0.817	34.898
0.77	29.853
0.765	29.532
0.756	28.954
0.672	20.655
0.816	34.812
0.713	24.392
0.846	41.027
0.793	30.658
0.674	20.95
0.748	26.477
0.763	29.217
0.717	24.667
0.747	26.465
0.672	20.655
0.843	40.296
0.838	40.115
0.821	35.521
0.713	24.392
0.749	26.502
