-0.762 26.265 
-0.937 59.302 
-0.762 26.265 
-0.937 59.302 
-0.821 30.463 
-0.778 26.507 
-0.92 53.502 
-0.901 42.807 
-0.927 58.598 
-0.908 47.639 
-0.918 53.417 
-0.917 48.218 
-0.848 32.419 
-0.884 38.031 
-0.852 35.463 
-0.889 41.301 
-0.767 26.341 
-0.867 36.446 
-0.935 59.019 
-0.839 31.923 
-0.856 36.387 
-0.829 31.02 
-0.777 26.458 
-0.837 31.46 
-0.927 58.598 
-0.89 41.653 
-0.897 41.954 
-0.908 47.639 
-0.874 37.04 
-0.88 37.092 
-0.889 41.301 
-0.831 31.263 
-0.848 32.419 
-0.914 47.826 
-0.869 36.564 
-0.899 42.186 
-0.871 36.696 
-0.871 36.696 
-0.916 47.903 
-0.874 37.04 
-0.898 42.153 
-0.914 47.826 
-0.9 42.536 
-0.882 37.671 
-0.881 37.332 
-0.855 36.058 
-0.883 37.988 
-0.882 37.671 
-0.917 48.218 
-0.897 41.954 
-0.89 41.653 
-0.853 35.741 
-0.838 31.737 
-0.9 42.536 
-0.854 36.004 
-0.853 35.741 
-0.881 37.332 
-0.831 31.263 
-0.838 31.737 
-0.83 31.136 
-0.777 26.458 
-0.83 31.136 
-0.918 53.417 
-0.916 47.903 
-0.856 36.387 
-0.855 36.058 
-0.854 36.004 
-0.88 37.092 
-0.883 37.988 
-0.762 26.265 
-0.927 58.598 
-0.908 47.639 
-0.889 41.301 
-0.853 35.741 
-0.871 36.696 
-0.914 47.826 
-0.882 37.671 
-0.917 48.218 
-0.89 41.653 
-0.856 36.387 
-0.831 31.263 
-0.83 31.136 
-0.777 26.458 
-0.838 31.737 
-0.918 53.417 
-0.916 47.903 
-0.855 36.058 
-0.854 36.004 
-0.918 53.417 
-0.908 47.639 
-0.889 41.301 
-0.853 35.741 
-0.914 47.826 
-0.871 36.696 
-0.917 48.218 
-0.856 36.387 
-0.831 31.263 
-0.83 31.136 
-0.838 31.737 
-0.916 47.903 
