-0.89 51.329 
-0.89 51.329 
-0.658 23.663 
-0.698 26.196 
-0.665 24.03 
-0.889 51.025 
-0.882 46.684 
-0.728 27.456 
-0.88 45.613 
-0.874 41.406 
-0.856 36.935 
-0.817 34.503 
-0.755 30.2 
-0.815 31.573 
-0.863 40.19 
-0.776 30.232 
-0.793 30.485 
-0.711 26.671 
-0.776 30.232 
-0.71 26.621 
-0.739 27.688 
-0.808 30.909 
-0.795 30.694 
-0.882 46.684 
-0.846 35.522 
-0.827 34.639 
-0.835 35.326 
-0.845 35.466 
-0.748 29.155 
-0.889 51.025 
-0.864 40.485 
-0.863 40.19 
-0.85 36.369 
-0.871 40.898 
-0.881 45.822 
-0.748 29.155 
-0.874 41.406 
-0.88 45.613 
-0.711 26.671 
-0.755 30.2 
-0.855 36.86 
-0.747 29.043 
-0.745 28.392 
-0.811 31.122 
-0.85 36.369 
-0.831 35.178 
-0.835 35.326 
-0.662 23.877 
-0.808 30.909 
-0.811 31.122 
-0.852 36.581 
-0.873 41.186 
-0.871 40.898 
-0.864 40.485 
-0.852 36.581 
-0.814 31.455 
-0.795 30.694 
-0.814 31.455 
-0.828 34.908 
-0.831 35.178 
-0.74 27.824 
-0.817 34.503 
-0.747 29.043 
-0.745 28.392 
-0.742 28.044 
-0.742 28.044 
-0.74 27.824 
-0.662 23.877 
-0.829 34.966 
-0.881 45.822 
-0.872 41.096 
-0.829 34.966 
-0.845 35.466 
-0.827 34.639 
-0.663 24.013 
-0.744 28.283 
-0.743 28.148 
-0.744 28.283 
-0.743 28.148 
-0.872 41.096 
-0.828 34.908 
-0.664 24.024 
-0.663 24.013 
-0.664 24.024 
-0.89 51.329 
-0.662 23.877 
-0.711 26.671 
-0.664 24.024 
-0.882 46.684 
-0.889 51.025 
-0.863 40.19 
-0.748 29.155 
-0.874 41.406 
-0.88 45.613 
-0.755 30.2 
-0.835 35.326 
-0.808 30.909 
-0.811 31.122 
-0.871 40.898 
-0.852 36.581 
