-0.899 53.126 
-0.672 23.415 
-0.899 53.126 
-0.868 45.947 
-0.705 24.021 
-0.841 39.904 
-0.857 42.025 
-0.892 51.948 
-0.883 48.202 
-0.716 27.142 
-0.811 34.491 
-0.832 36.501 
-0.74 28.525 
-0.808 32.0 
-0.753 29.715 
-0.679 23.781 
-0.766 29.717 
-0.823 34.919 
-0.857 42.025 
-0.692 23.812 
-0.716 27.142 
-0.749 29.252 
-0.78 30.478 
-0.792 30.714 
-0.883 48.202 
-0.803 31.216 
-0.814 34.832 
-0.79 30.529 
-0.841 39.904 
-0.832 36.501 
-0.769 30.048 
-0.777 30.153 
-0.732 28.083 
-0.723 27.355 
-0.749 29.252 
-0.892 51.948 
-0.847 40.135 
-0.874 46.326 
-0.879 47.101 
-0.729 27.481 
-0.679 23.781 
-0.699 23.986 
-0.698 23.87 
-0.692 23.812 
-0.877 46.7 
-0.792 30.714 
-0.87 45.971 
-0.849 40.565 
-0.851 40.569 
-0.825 35.24 
-0.871 46.312 
-0.855 41.523 
-0.898 52.818 
-0.897 52.688 
-0.848 40.217 
-0.808 32.0 
-0.877 46.7 
-0.803 31.216 
-0.806 31.488 
-0.828 35.587 
-0.72 27.349 
-0.732 28.083 
-0.731 27.785 
-0.856 41.622 
-0.72 27.349 
-0.753 29.715 
-0.777 30.153 
-0.769 30.048 
-0.88 47.458 
-0.882 47.852 
-0.814 34.832 
-0.854 41.176 
-0.852 40.915 
-0.829 35.927 
-0.828 35.587 
-0.826 35.265 
-0.831 36.278 
-0.83 35.956 
-0.804 31.299 
-0.78 30.478 
-0.896 52.383 
-0.731 27.785 
-0.882 47.852 
-0.881 47.583 
-0.766 29.717 
-0.807 31.751 
-0.895 52.267 
-0.893 52.007 
-0.729 27.481 
-0.854 41.176 
-0.853 40.923 
-0.807 31.751 
-0.895 52.267 
-0.831 36.278 
-0.893 52.007 
-0.79 30.529 
-0.826 35.265 
-0.881 47.583 
-0.88 47.458 
-0.896 52.383 
