-0.806 35.331 
-0.806 35.331 
-0.806 35.331 
-0.806 35.331 
-0.806 35.331 
-0.853 41.565 
-0.638 24.023 
-0.633 23.725 
-0.878 52.001 
-0.801 34.987 
-0.806 35.331 
-0.806 35.331 
-0.792 31.059 
-0.806 35.331 
-0.839 40.964 
-0.817 35.797 
-0.633 23.725 
-0.806 35.331 
-0.806 35.331 
-0.817 35.797 
-0.817 35.797 
-0.87 50.977 
-0.839 40.964 
-0.638 24.023 
-0.853 41.565 
-0.853 41.565 
-0.792 31.059 
-0.806 35.331 
-0.806 35.331 
-0.806 35.331 
-0.792 31.059 
-0.839 40.964 
-0.839 40.964 
-0.806 35.331 
-0.792 31.059 
-0.856 42.494 
-0.86 45.999 
-0.757 30.746 
-0.806 35.331 
-0.697 27.472 
-0.806 35.331 
-0.638 24.023 
-0.839 40.964 
-0.863 46.558 
-0.832 36.697 
-0.806 35.331 
-0.878 52.001 
-0.837 40.392 
-0.803 35.301 
-0.776 30.778 
-0.753 29.715 
-0.792 31.059 
-0.855 42.344 
-0.638 24.023 
-0.806 35.331 
-0.699 27.59 
-0.806 35.331 
-0.638 24.023 
