-0.908 47.874 
-0.794 26.406 
-0.794 26.406 
-0.908 47.874 
-0.868 36.558 
-0.885 41.523 
-0.852 36.452 
-0.84 31.967 
-0.885 41.523 
-0.899 46.746 
-0.805 26.977 
-0.838 30.826 
-0.84 31.967 
-0.823 30.441 
-0.827 30.815 
-0.804 26.853 
-0.899 46.746 
-0.805 26.977 
-0.9 47.287 
-0.89 41.994 
-0.889 41.98 
-0.904 47.491 
-0.904 47.491 
-0.827 30.815 
-0.804 26.853 
-0.89 41.994 
-0.838 30.826 
-0.794 26.406 
-0.908 47.874 
-0.84 31.967 
-0.899 46.746 
-0.827 30.815 
-0.804 26.853 
-0.908 47.874 
-0.827 30.815 
-0.827 30.815 
-0.827 30.815 
-0.908 47.874 
-0.899 46.746 
-0.827 30.815 
-0.827 30.815 
-0.827 30.815 
-0.904 47.491 
-0.827 30.815 
-0.823 30.441 
-0.804 26.853 
-0.804 26.853 
-0.9 47.287 
-0.827 30.815 
-0.827 30.815 
-0.804 26.853 
-0.827 30.815 
-0.868 36.558 
-0.889 41.98 
-0.89 41.994 
-0.885 41.523 
-0.908 47.874 
-0.805 26.977 
-0.827 30.815 
-0.84 31.967 
-0.881 37.28 
-0.838 30.826 
-0.805 26.977 
-0.838 30.826 
-0.89 41.994 
-0.814 30.292 
-0.89 41.994 
-0.827 30.815 
-0.85 35.454 
-0.804 26.853 
-0.84 31.967 
-0.885 41.523 
-0.797 26.809 
-0.898 43.066 
-0.899 46.746 
-0.827 30.815 
-0.899 46.746 
-0.84 31.967 
