-0.754 26.962 
-0.754 26.962 
-0.925 53.287 
-0.816 27.479 
-0.916 47.891 
-0.777 27.352 
-0.924 53.221 
-0.887 41.196 
-0.822 30.734 
-0.859 33.159 
-0.777 27.352 
-0.862 36.064 
-0.905 46.728 
-0.899 43.599 
-0.847 31.203 
-0.88 38.441 
-0.85 32.271 
-0.839 30.873 
-0.892 42.019 
-0.868 37.294 
-0.833 30.776 
-0.912 47.233 
-0.899 43.599 
-0.855 32.684 
-0.88 38.441 
-0.924 53.221 
-0.906 47.07 
-0.905 46.728 
-0.867 36.641 
-0.874 37.449 
-0.833 30.776 
-0.822 30.734 
-0.898 43.109 
-0.857 33.064 
-0.877 37.712 
-0.866 36.391 
-0.894 42.648 
-0.862 36.064 
-0.912 47.233 
-0.895 42.871 
-0.879 38.124 
-0.874 37.449 
-0.877 37.712 
-0.879 38.124 
-0.893 42.354 
-0.866 36.391 
-0.856 32.746 
-0.893 42.354 
-0.898 43.109 
-0.895 42.871 
-0.906 47.07 
-0.856 32.746 
-0.754 26.962 
-0.777 27.352 
-0.905 46.728 
-0.88 38.441 
-0.862 36.064 
-0.833 30.776 
-0.822 30.734 
-0.856 32.746 
-0.912 47.233 
-0.874 37.449 
-0.879 38.124 
-0.866 36.391 
-0.924 53.221 
-0.777 27.352 
-0.777 27.352 
-0.777 27.352 
-0.777 27.352 
-0.777 27.352 
-0.777 27.352 
-0.777 27.352 
-0.777 27.352 
-0.777 27.352 
-0.777 27.352 
-0.777 27.352 
-0.777 27.352 
-0.777 27.352 
-0.924 53.221 
-0.777 27.352 
-0.777 27.352 
-0.777 27.352 
-0.777 27.352 
-0.777 27.352 
-0.777 27.352 
-0.777 27.352 
-0.777 27.352 
-0.88 38.441 
-0.777 27.352 
-0.777 27.352 
-0.777 27.352 
-0.905 46.728 
-0.912 47.233 
-0.777 27.352 
-0.777 27.352 
-0.777 27.352 
-0.777 27.352 
-0.924 53.221 
-0.777 27.352 
-0.88 38.441 
