-0.888 42.456 
-0.888 42.456 
-0.888 42.456 
-0.915 52.405 
-0.876 38.063 
-0.815 31.157 
-0.777 27.352 
-0.777 27.352 
-0.867 37.086 
-0.915 52.405 
-0.888 42.456 
-0.925 53.491 
-0.813 30.642 
-0.862 36.241 
-0.796 30.296 
-0.777 27.352 
-0.777 27.352 
-0.897 46.601 
-0.813 30.642 
-0.888 42.456 
-0.88 41.505 
-0.888 42.456 
-0.777 27.352 
-0.863 36.979 
-0.876 38.063 
-0.906 47.348 
-0.847 31.427 
-0.887 42.119 
-0.924 53.221 
-0.876 38.063 
-0.813 30.642 
-0.915 52.405 
-0.813 30.642 
-0.888 42.456 
-0.913 51.806 
-0.897 46.601 
-0.888 42.456 
-0.777 27.352 
-0.863 36.979 
-0.813 30.642 
-0.915 52.405 
-0.867 37.086 
-0.863 36.979 
-0.907 47.773 
-0.777 27.352 
-0.876 38.063 
-0.856 33.025 
-0.916 52.921 
-0.813 30.642 
-0.863 36.979 
