-0.846 62.924 
-0.846 62.924 
-0.713 27.68 
-0.83 52.063 
-0.838 57.301 
-0.838 57.301 
-0.742 31.137 
-0.813 42.101 
-0.821 46.62 
-0.814 46.281 
-0.822 50.76 
-0.786 33.179 
-0.787 36.592 
-0.798 37.158 
-0.76 31.447 
-0.804 41.782 
-0.778 31.843 
-0.718 27.932 
-0.734 27.965 
-0.763 31.724 
-0.741 28.57 
-0.829 51.399 
-0.78 32.735 
-0.805 41.852 
-0.795 37.021 
-0.798 37.158 
-0.804 41.782 
-0.738 28.064 
-0.779 32.693 
-0.76 31.447 
-0.734 27.965 
-0.739 28.52 
-0.763 31.724 
-0.829 51.399 
-0.822 50.76 
-0.715 27.768 
-0.718 27.932 
-0.795 37.021 
-0.787 36.592 
-0.715 27.768 
-0.814 46.281 
-0.742 31.137 
-0.796 37.064 
-0.805 41.852 
-0.778 31.843 
-0.738 28.064 
-0.796 37.064 
-0.741 28.57 
-0.739 28.52 
-0.779 32.693 
-0.715 27.768 
-0.846 62.924 
-0.838 57.301 
-0.798 37.158 
-0.76 31.447 
-0.734 27.965 
-0.829 51.399 
-0.822 50.76 
-0.718 27.932 
-0.814 46.281 
-0.795 37.021 
-0.742 31.137 
-0.805 41.852 
-0.778 31.843 
-0.738 28.064 
-0.741 28.57 
-0.739 28.52 
-0.846 62.924 
-0.715 27.768 
-0.838 57.301 
-0.76 31.447 
-0.734 27.965 
-0.795 37.021 
-0.829 51.399 
-0.822 50.76 
-0.718 27.932 
-0.814 46.281 
-0.742 31.137 
-0.805 41.852 
-0.738 28.064 
-0.741 28.57 
-0.739 28.52 
-0.846 62.924 
-0.715 27.768 
-0.76 31.447 
-0.734 27.965 
-0.795 37.021 
-0.829 51.399 
-0.822 50.76 
-0.718 27.932 
-0.814 46.281 
-0.742 31.137 
-0.738 28.064 
-0.741 28.57 
-0.739 28.52 
-0.846 62.924 
-0.715 27.768 
-0.795 37.021 
-0.76 31.447 
-0.734 27.965 
