-0.749 33.824 
-0.82 47.473 
-0.808 46.425 
-0.829 53.123 
-0.725 32.513 
-0.82 47.473 
-0.813 46.659 
-0.82 47.473 
-0.829 53.123 
-0.742 32.68 
-0.78 37.56 
-0.749 33.824 
-0.813 46.659 
-0.82 47.473 
-0.82 47.473 
-0.788 37.723 
-0.829 53.123 
-0.82 47.473 
-0.82 47.473 
-0.813 46.659 
-0.821 47.483 
-0.801 45.694 
-0.788 37.723 
-0.82 47.473 
-0.78 37.56 
-0.808 46.425 
-0.808 46.425 
-0.786 37.655 
-0.813 46.659 
-0.725 32.513 
-0.813 46.659 
-0.801 45.694 
-0.749 33.824 
-0.742 32.68 
-0.779 37.31 
-0.838 58.704 
-0.808 46.425 
-0.78 37.56 
-0.82 47.473 
-0.78 37.56 
-0.725 32.513 
-0.82 47.473 
-0.813 46.659 
-0.82 47.473 
-0.82 47.473 
-0.779 37.31 
-0.718 27.932 
-0.742 32.68 
-0.742 32.68 
-0.795 41.59 
-0.813 46.659 
-0.788 37.723 
-0.723 28.064 
-0.748 33.171 
-0.801 45.694 
-0.814 46.66 
-0.788 37.723 
-0.772 36.783 
