-0.691 28.568 
-0.915 64.353 
-0.691 28.568 
-0.915 64.353 
-0.732 29.758 
-0.769 32.666 
-0.821 37.688 
-0.806 33.076 
-0.769 32.666 
-0.709 28.819 
-0.908 55.674 
-0.909 59.955 
-0.878 48.626 
-0.909 59.955 
-0.814 34.599 
-0.851 42.663 
-0.892 50.675 
-0.873 44.797 
-0.727 28.821 
-0.849 39.179 
-0.895 54.051 
-0.841 37.893 
-0.81 33.553 
-0.846 38.796 
-0.813 34.471 
-0.899 54.971 
-0.867 43.651 
-0.901 55.653 
-0.888 49.398 
-0.882 49.294 
-0.862 43.591 
-0.806 33.076 
-0.891 50.516 
-0.873 44.797 
-0.856 43.198 
-0.851 42.663 
-0.843 38.149 
-0.727 28.821 
-0.856 43.198 
-0.869 44.204 
-0.9 55.516 
-0.89 49.994 
-0.897 54.503 
-0.897 54.503 
-0.895 54.051 
-0.858 43.2 
-0.859 43.332 
-0.843 38.149 
-0.89 49.994 
-0.889 49.578 
-0.862 43.591 
-0.848 39.128 
-0.896 54.188 
-0.872 44.663 
-0.871 44.349 
-0.87 44.214 
-0.859 43.332 
-0.88 49.005 
-0.879 48.76 
-0.867 43.651 
-0.849 39.179 
-0.848 39.128 
-0.841 37.893 
-0.889 49.578 
-0.869 44.204 
-0.881 49.16 
-0.88 49.005 
-0.896 54.188 
-0.9 55.516 
-0.871 44.349 
-0.879 48.76 
-0.872 44.663 
-0.881 49.16 
-0.842 38.021 
-0.842 38.021 
-0.888 49.398 
-0.882 49.294 
-0.901 55.653 
-0.691 28.568 
-0.909 59.955 
-0.879 48.76 
-0.873 44.797 
-0.856 43.198 
-0.843 38.149 
-0.727 28.821 
-0.897 54.503 
-0.895 54.051 
-0.89 49.994 
-0.862 43.591 
-0.889 49.578 
-0.869 44.204 
-0.88 49.005 
-0.896 54.188 
-0.9 55.516 
-0.881 49.16 
-0.872 44.663 
-0.842 38.021 
-0.888 49.398 
-0.882 49.294 
-0.727 28.821 
