-0.887 44.047 
-0.917 50.45 
-0.879 43.46 
-0.887 44.047 
-0.787 33.581 
-0.788 33.748 
-0.917 50.45 
-0.887 44.047 
-0.887 44.047 
-0.848 38.311 
-0.917 50.45 
-0.878 43.277 
-0.787 33.581 
-0.836 37.754 
-0.879 43.46 
-0.787 33.581 
-0.904 45.127 
-0.869 38.641 
-0.787 33.581 
-0.825 34.952 
-0.917 50.45 
-0.879 43.46 
-0.917 50.45 
-0.879 43.46 
-0.902 44.677 
-0.917 50.45 
-0.874 39.602 
-0.787 33.581 
-0.827 37.677 
-0.788 33.748 
-0.788 33.748 
-0.879 43.46 
-0.869 38.641 
-0.817 34.073 
-0.787 33.581 
-0.879 43.46 
-0.907 49.72 
-0.825 34.952 
-0.787 33.581 
-0.874 39.602 
-0.894 44.405 
-0.879 43.46 
-0.901 44.517 
-0.917 50.45 
-0.825 34.952 
-0.915 49.997 
-0.788 33.748 
-0.917 50.45 
-0.787 33.581 
-0.917 50.45 
-0.917 50.45 
-0.887 44.047 
-0.917 50.45 
-0.787 33.581 
-0.869 38.641 
-0.869 38.641 
-0.804 33.873 
