-0.872 51.56 
-0.671 24.803 
-0.872 51.56 
-0.863 41.776 
-0.84 35.698 
-0.864 46.374 
-0.684 25.381 
-0.737 29.307 
-0.819 30.31 
-0.864 46.374 
-0.855 37.282 
-0.716 25.688 
-0.788 30.25 
-0.831 32.054 
-0.762 29.472 
-0.766 29.983 
-0.788 30.25 
-0.731 26.338 
-0.823 30.963 
-0.716 25.688 
-0.736 27.236 
-0.678 25.155 
-0.855 37.282 
-0.844 36.189 
-0.831 32.054 
-0.731 26.338 
-0.846 36.684 
-0.85 36.767 
-0.735 26.887 
-0.828 31.51 
-0.845 36.355 
-0.85 36.767 
-0.673 25.124 
-0.735 26.887 
-0.828 31.51 
-0.764 29.879 
-0.766 29.983 
-0.83 32.051 
-0.829 31.664 
-0.736 27.236 
-0.762 29.472 
-0.672 25.054 
-0.764 29.879 
-0.737 29.307 
-0.829 31.664 
-0.672 25.054 
-0.673 25.124 
-0.83 32.051 
-0.872 51.56 
-0.864 46.374 
-0.716 25.688 
-0.831 32.054 
-0.731 26.338 
-0.855 37.282 
-0.828 31.51 
-0.673 25.124 
-0.766 29.983 
-0.736 27.236 
-0.762 29.472 
-0.764 29.879 
-0.829 31.664 
-0.83 32.051 
-0.864 46.374 
-0.716 25.688 
-0.731 26.338 
-0.855 37.282 
-0.766 29.983 
-0.828 31.51 
-0.673 25.124 
-0.736 27.236 
-0.762 29.472 
-0.764 29.879 
-0.829 31.664 
-0.83 32.051 
-0.864 46.374 
-0.716 25.688 
-0.731 26.338 
-0.855 37.282 
-0.766 29.983 
-0.828 31.51 
-0.673 25.124 
-0.762 29.472 
-0.829 31.664 
-0.83 32.051 
-0.673 25.124 
-0.864 46.374 
-0.83 32.051 
-0.766 29.983 
-0.855 37.282 
-0.828 31.51 
-0.762 29.472 
-0.829 31.664 
-0.83 32.051 
-0.83 32.051 
-0.83 32.051 
-0.672 25.054 
-0.831 32.054 
-0.672 25.054 
-0.762 29.472 
-0.829 31.664 
