-0.83 32.051 
-0.729 26.509 
-0.872 51.572 
-0.729 26.509 
-0.729 26.509 
-0.826 31.551 
-0.8 31.363 
-0.8 31.363 
-0.83 32.051 
-0.826 31.551 
-0.855 42.044 
-0.826 31.551 
-0.855 42.044 
-0.855 42.044 
-0.855 42.044 
-0.711 25.965 
-0.729 26.509 
-0.855 42.044 
-0.855 42.044 
-0.8 31.363 
-0.8 31.363 
-0.674 25.671 
-0.862 45.948 
-0.856 42.577 
-0.83 32.051 
-0.862 45.948 
-0.826 31.551 
-0.83 32.051 
-0.674 25.671 
-0.673 25.124 
-0.854 37.388 
-0.729 26.509 
-0.729 26.509 
-0.855 42.044 
-0.855 42.044 
-0.855 42.044 
-0.8 31.363 
-0.855 42.044 
-0.8 31.363 
-0.729 26.509 
-0.855 42.044 
-0.729 26.509 
-0.826 31.551 
-0.8 31.363 
-0.729 26.509 
-0.729 26.509 
-0.8 31.363 
-0.8 31.363 
-0.855 42.044 
-0.673 25.124 
