P=? [ F (x=9&y=9&crashed=0) ]	R{"cost"}=? [ C<=100 ]
0.641	23.343
0.854	46.961
0.854	46.961
0.641	23.343
0.842	45.338
0.837	42.17
0.747	27.107
0.771	29.805
0.747	27.107
0.771	29.805
0.826	40.531
0.818	38.118
0.683	24.678
0.726	25.743
0.705	25.16
0.805	34.787
0.8	32.897
0.655	23.52
0.67	23.562
0.699	24.731
0.826	40.531
0.828	41.361
0.655	23.52
0.818	38.118
0.789	30.609
0.845	45.925
0.842	45.338
0.811	35.642
0.796	31.882
0.805	34.787
0.813	36.557
0.744	26.873
0.833	41.449
0.676	23.981
0.683	24.678
0.676	23.981
0.817	37.43
0.774	30.089
0.809	35.321
0.809	35.321
0.793	31.121
0.793	31.121
0.783	30.371
0.85	46.044
0.726	25.743
0.705	25.16
0.733	26.167
0.727	25.766
0.837	42.17
0.789	30.609
0.783	30.371
0.779	30.322
0.795	31.431
0.799	32.875
0.797	32.315
0.797	32.315
0.773	29.846
0.779	30.322
0.8	32.897
0.836	42.04
0.834	41.579
0.814	36.731
0.853	46.65
0.851	46.191
0.702	24.954
0.734	26.194
0.7	24.737
0.811	35.642
0.853	46.65
0.733	26.167
0.727	25.766
0.741	26.837
0.738	26.67
0.845	45.925
0.735	26.505
0.795	31.431
0.704	25.14
0.817	37.43
0.816	37.13
0.813	36.557
0.674	23.754
0.738	26.67
0.851	46.191
0.741	26.837
0.834	41.579
0.836	42.04
0.774	30.089
0.816	37.13
0.815	36.907
0.673	23.74
0.671	23.564
0.815	36.907
0.703	24.965
0.675	23.907
0.736	26.526
0.799	32.875
0.736	26.526
0.673	23.74
0.85	46.044
0.671	23.564
