P=? [ F (x=9&y=9&crashed=0) ]	R{"cost"}=? [ C<=100 ]
0.731	24.779
0.927	58.528
0.731	24.779
0.927	58.528
0.926	53.578
0.742	28.499
0.857	37.464
0.863	40.943
0.926	53.578
0.917	48.978
0.798	31.776
0.9	46.556
0.896	42.901
0.738	25.341
0.759	28.834
0.829	36.101
0.846	36.115
0.776	28.854
0.757	28.56
0.784	29.769
0.868	41.271
0.881	41.519
0.784	29.769
0.806	32.387
0.917	48.978
0.907	48.433
0.808	33.809
0.814	33.954
0.888	41.678
0.914	48.549
0.905	47.4
0.882	41.566
0.809	33.823
0.802	31.99
0.906	48.308
0.904	47.266
0.822	35.537
0.896	42.901
0.818	34.385
0.9	46.556
0.856	37.131
0.782	29.391
0.853	36.69
0.851	36.57
0.827	35.948
0.78	29.275
0.742	28.499
0.803	32.193
0.821	34.974
0.893	42.216
0.738	25.341
0.865	41.089
0.855	36.982
0.854	36.824
0.902	46.985
0.779	29.156
0.758	28.692
0.892	42.144
0.868	41.271
0.736	25.326
0.916	48.878
0.734	25.014
0.889	41.81
0.82	34.803
0.819	34.762
0.826	35.857
0.799	31.797
0.804	32.382
0.849	36.397
0.825	35.748
0.778	28.996
0.816	34.091
0.89	41.906
0.848	36.264
0.894	42.512
0.901	46.701
0.902	46.985
0.881	41.519
0.735	25.081
0.734	25.014
0.824	35.687
0.783	29.536
0.895	42.715
0.894	42.512
0.799	31.797
0.776	28.854
0.915	48.738
0.846	36.115
0.829	36.101
0.808	33.809
0.895	42.715
0.891	41.96
0.866	41.092
0.806	32.387
0.866	41.092
0.821	34.974
0.817	34.247
0.824	35.687
0.822	35.537
0.848	36.264
