-0.686 30.832 
-0.865 58.047 
-0.864 52.785 
-0.779 31.42 
-0.719 31.387 
-0.822 41.321 
-0.793 31.543 
-0.848 47.361 
-0.81 37.41 
-0.799 35.645 
-0.695 31.045 
-0.832 45.46 
-0.829 42.82 
-0.719 31.387 
-0.839 46.168 
-0.848 47.361 
-0.81 37.41 
-0.829 42.82 
-0.799 35.645 
-0.846 46.571 
-0.803 37.181 
-0.832 45.46 
-0.693 30.967 
-0.8 36.249 
-0.802 36.992 
-0.801 36.313 
-0.695 31.045 
-0.847 46.891 
-0.846 46.571 
-0.847 46.891 
-0.693 30.967 
-0.803 37.181 
-0.802 36.992 
-0.801 36.313 
-0.719 31.387 
-0.81 37.41 
-0.848 47.361 
-0.829 42.82 
-0.695 31.045 
-0.846 46.571 
-0.847 46.891 
-0.693 30.967 
-0.799 35.645 
-0.802 36.992 
-0.801 36.313 
-0.693 30.967 
-0.81 37.41 
-0.695 31.045 
-0.802 36.992 
-0.799 35.645 
-0.801 36.313 
-0.693 30.967 
-0.81 37.41 
-0.801 36.313 
-0.695 31.045 
-0.802 36.992 
-0.799 35.645 
-0.693 30.967 
-0.695 31.045 
-0.801 36.313 
-0.802 36.992 
-0.799 35.645 
-0.802 36.992 
-0.802 36.992 
-0.695 31.045 
-0.801 36.313 
-0.802 36.992 
-0.802 36.992 
-0.802 36.992 
-0.801 36.313 
-0.802 36.992 
-0.802 36.992 
-0.693 30.967 
-0.802 36.992 
-0.802 36.992 
-0.802 36.992 
-0.802 36.992 
-0.693 30.967 
-0.802 36.992 
-0.801 36.313 
-0.695 31.045 
-0.801 36.313 
-0.693 30.967 
-0.801 36.313 
-0.801 36.313 
-0.693 30.967 
-0.802 36.992 
-0.801 36.313 
-0.802 36.992 
-0.802 36.992 
-0.802 36.992 
-0.802 36.992 
-0.802 36.992 
-0.801 36.313 
-0.802 36.992 
-0.695 31.045 
-0.801 36.313 
-0.801 36.313 
-0.802 36.992 
-0.802 36.992 
