-0.693 30.967 
-0.864 53.345 
-0.693 30.967 
-0.695 31.045 
-0.779 31.595 
-0.847 47.329 
-0.81 37.41 
-0.814 41.79 
-0.783 35.535 
-0.848 51.94 
-0.829 42.82 
-0.847 47.329 
-0.781 31.63 
-0.829 42.82 
-0.799 35.645 
-0.822 41.857 
-0.856 52.845 
-0.802 36.992 
-0.856 52.845 
-0.848 51.94 
-0.822 41.857 
-0.801 36.313 
-0.779 31.595 
-0.695 31.045 
-0.801 36.313 
-0.802 36.992 
-0.799 35.645 
-0.783 35.535 
-0.781 31.63 
-0.802 36.992 
-0.802 36.992 
-0.695 31.045 
-0.801 36.313 
-0.802 36.992 
-0.802 36.992 
-0.802 36.992 
-0.801 36.313 
-0.802 36.992 
-0.802 36.992 
-0.693 30.967 
-0.802 36.992 
-0.781 31.63 
-0.802 36.992 
-0.802 36.992 
-0.802 36.992 
-0.693 30.967 
-0.802 36.992 
-0.801 36.313 
-0.695 31.045 
-0.801 36.313 
-0.781 31.63 
-0.693 30.967 
-0.801 36.313 
-0.801 36.313 
-0.693 30.967 
-0.802 36.992 
-0.848 51.94 
-0.801 36.313 
-0.802 36.992 
-0.802 36.992 
-0.802 36.992 
-0.802 36.992 
-0.802 36.992 
-0.779 31.595 
-0.801 36.313 
-0.802 36.992 
-0.695 31.045 
-0.781 31.63 
-0.801 36.313 
-0.801 36.313 
-0.802 36.992 
-0.802 36.992 
-0.801 36.313 
-0.802 36.992 
-0.781 31.63 
-0.781 31.63 
-0.781 31.63 
-0.802 36.992 
-0.802 36.992 
-0.802 36.992 
-0.802 36.992 
-0.802 36.992 
-0.801 36.313 
-0.802 36.992 
-0.848 51.94 
-0.802 36.992 
-0.802 36.992 
-0.802 36.992 
-0.802 36.992 
-0.802 36.992 
-0.802 36.992 
-0.779 31.595 
-0.848 51.94 
-0.802 36.992 
-0.802 36.992 
-0.802 36.992 
-0.801 36.313 
-0.802 36.992 
-0.802 36.992 
-0.802 36.992 
