-0.853 50.467 
-0.655 24.027 
-0.853 50.467 
-0.655 24.027 
-0.668 24.914 
-0.725 25.945 
-0.837 44.786 
-0.852 50.255 
-0.845 46.059 
-0.819 35.267 
-0.835 40.753 
-0.825 39.314 
-0.732 27.044 
-0.758 29.509 
-0.787 34.082 
-0.785 31.186 
-0.758 29.509 
-0.732 27.044 
-0.668 24.914 
-0.774 29.768 
-0.759 29.566 
-0.845 46.059 
-0.79 34.316 
-0.8 34.452 
-0.659 24.529 
-0.725 25.945 
-0.816 34.723 
-0.852 50.255 
-0.829 40.472 
-0.819 35.267 
-0.828 39.87 
-0.843 45.205 
-0.825 39.314 
-0.803 34.686 
-0.729 26.334 
-0.809 34.712 
-0.809 34.712 
-0.833 40.5 
-0.659 24.529 
-0.656 24.371 
-0.844 45.462 
-0.837 44.786 
-0.843 45.205 
-0.73 26.727 
-0.783 30.898 
-0.782 30.507 
-0.835 40.753 
-0.817 34.971 
-0.785 31.186 
-0.727 26.136 
-0.727 26.136 
-0.789 34.141 
-0.817 34.971 
-0.844 45.462 
-0.826 39.565 
-0.731 26.795 
-0.778 30.15 
-0.777 29.922 
-0.784 30.971 
-0.774 29.768 
-0.782 30.507 
-0.759 29.566 
-0.781 30.305 
-0.801 34.487 
-0.787 34.082 
-0.827 39.68 
-0.801 34.487 
-0.833 40.5 
-0.803 34.686 
-0.656 24.371 
-0.8 34.452 
-0.79 34.316 
-0.779 30.272 
-0.778 30.15 
-0.827 39.68 
-0.826 39.565 
-0.775 29.873 
-0.784 30.971 
-0.783 30.898 
-0.731 26.795 
-0.73 26.727 
-0.789 34.141 
-0.777 29.922 
-0.776 29.878 
-0.78 30.302 
-0.779 30.272 
-0.829 40.472 
-0.816 34.723 
-0.776 29.878 
-0.775 29.873 
-0.781 30.305 
-0.78 30.302 
-0.853 50.467 
-0.758 29.509 
-0.732 27.044 
-0.668 24.914 
-0.845 46.059 
-0.725 25.945 
-0.852 50.255 
-0.819 35.267 
