-0.896 41.361 
-0.855 36.097 
-0.855 36.097 
-0.777 30.724 
-0.861 36.307 
-0.852 35.709 
-0.9 42.388 
-0.9 42.388 
-0.855 36.097 
-0.946 64.354 
-0.855 36.097 
-0.855 36.097 
-0.823 31.314 
-0.9 42.388 
-0.825 31.717 
-0.767 30.571 
-0.925 52.879 
-0.855 36.097 
-0.729 26.974 
-0.855 36.097 
-0.836 32.39 
-0.914 47.329 
-0.9 42.388 
-0.855 36.097 
-0.935 53.12 
-0.855 36.097 
-0.846 35.687 
-0.855 36.097 
-0.901 42.986 
-0.899 42.191 
-0.823 31.314 
-0.878 36.558 
-0.841 35.538 
-0.926 53.014 
-0.853 36.082 
-0.916 47.807 
-0.925 52.879 
-0.852 35.709 
-0.855 36.097 
-0.855 36.097 
-0.861 36.307 
-0.918 48.507 
-0.916 47.807 
-0.879 41.235 
