-0.7 26.654 
-0.944 55.649 
-0.944 55.649 
-0.764 30.908 
-0.823 30.981 
-0.764 30.908 
-0.897 38.668 
-0.899 43.271 
-0.927 49.474 
-0.925 45.153 
-0.935 50.996 
-0.937 54.913 
-0.856 37.036 
-0.855 34.277 
-0.875 37.79 
-0.845 33.558 
-0.862 37.643 
-0.838 31.833 
-0.892 38.09 
-0.882 38.036 
-0.915 44.684 
-0.845 33.558 
-0.921 44.707 
-0.913 44.262 
-0.881 37.955 
-0.852 34.036 
-0.838 31.833 
-0.83 31.056 
-0.852 34.036 
-0.91 44.174 
-0.862 37.643 
-0.931 49.898 
-0.857 37.163 
-0.836 31.598 
-0.836 31.598 
-0.832 31.132 
-0.925 45.153 
-0.938 55.09 
-0.942 55.439 
-0.933 50.125 
-0.929 49.876 
-0.908 44.107 
-0.928 49.604 
-0.857 37.163 
-0.934 50.538 
-0.902 43.448 
-0.893 38.288 
-0.832 31.132 
-0.896 38.481 
-0.934 50.538 
-0.906 43.859 
-0.902 43.448 
-0.906 43.859 
-0.921 44.707 
-0.942 55.439 
-0.938 55.09 
-0.937 54.913 
-0.855 34.277 
-0.933 50.125 
-0.907 43.886 
-0.901 43.353 
-0.899 43.271 
-0.83 31.056 
-0.896 38.481 
-0.893 38.288 
-0.943 55.616 
-0.901 43.353 
-0.943 55.616 
-0.907 43.886 
-0.764 30.908 
-0.845 33.558 
-0.838 31.833 
-0.921 44.707 
-0.852 34.036 
-0.862 37.643 
-0.836 31.598 
-0.902 43.448 
-0.857 37.163 
-0.832 31.132 
-0.899 43.271 
-0.934 50.538 
-0.906 43.859 
-0.942 55.439 
-0.855 34.277 
-0.83 31.056 
-0.943 55.616 
-0.907 43.886 
-0.943 55.616 
-0.764 30.908 
-0.852 34.036 
-0.862 37.643 
-0.836 31.598 
-0.857 37.163 
-0.832 31.132 
-0.899 43.271 
-0.934 50.538 
-0.906 43.859 
-0.942 55.439 
-0.855 34.277 
-0.907 43.886 
