-0.7 26.654 
-0.944 55.648 
-0.944 55.648 
-0.7 26.654 
-0.755 26.777 
-0.82 30.841 
-0.943 50.505 
-0.902 43.264 
-0.898 38.738 
-0.928 49.602 
-0.927 45.379 
-0.82 30.841 
-0.855 34.277 
-0.856 37.036 
-0.845 33.558 
-0.875 37.343 
-0.857 37.163 
-0.838 31.833 
-0.882 37.896 
-0.934 50.169 
-0.831 30.97 
-0.822 30.842 
-0.845 33.558 
-0.892 38.084 
-0.852 34.036 
-0.838 31.833 
-0.92 44.449 
-0.835 31.393 
-0.879 37.73 
-0.913 44.04 
-0.909 43.649 
-0.852 34.036 
-0.876 37.678 
-0.918 44.051 
-0.919 44.121 
-0.924 44.655 
-0.898 38.738 
-0.896 38.481 
-0.832 31.132 
-0.909 43.649 
-0.91 43.704 
-0.896 38.481 
-0.893 38.151 
-0.925 44.982 
-0.93 49.831 
-0.836 31.598 
-0.933 49.981 
-0.893 38.151 
-0.91 43.704 
-0.832 31.132 
-0.923 44.637 
-0.913 44.04 
-0.855 34.277 
-0.836 31.598 
-0.926 45.208 
-0.925 44.982 
-0.923 44.637 
-0.892 38.084 
-0.897 38.668 
-0.931 49.898 
-0.875 37.343 
-0.857 37.163 
-0.927 45.379 
-0.926 45.208 
-0.929 49.692 
-0.856 37.036 
-0.929 49.692 
-0.928 49.602 
-0.933 49.981 
-0.931 49.898 
-0.897 38.668 
-0.876 37.678 
-0.918 44.051 
-0.7 26.654 
-0.944 55.648 
-0.82 30.841 
-0.845 33.558 
-0.838 31.833 
-0.852 34.036 
-0.896 38.481 
-0.832 31.132 
-0.913 44.04 
-0.855 34.277 
-0.836 31.598 
-0.931 49.898 
-0.875 37.343 
-0.857 37.163 
-0.927 45.379 
-0.926 45.208 
-0.876 37.678 
-0.897 38.668 
-0.7 26.654 
-0.82 30.841 
-0.838 31.833 
-0.852 34.036 
-0.832 31.132 
-0.896 38.481 
-0.913 44.04 
-0.836 31.598 
-0.926 45.208 
