-0.77 26.314 
-0.944 50.63 
-0.808 30.558 
-0.901 43.227 
-0.898 38.686 
-0.928 49.602 
-0.927 45.379 
-0.845 33.555 
-0.79 27.363 
-0.856 36.992 
-0.855 34.271 
-0.79 27.363 
-0.84 32.124 
-0.781 26.701 
-0.852 33.981 
-0.83 30.835 
-0.819 30.749 
-0.918 44.006 
-0.819 30.749 
-0.883 38.042 
-0.781 26.701 
-0.875 37.343 
-0.892 38.083 
-0.866 37.289 
-0.788 27.139 
-0.91 43.704 
-0.859 37.243 
-0.866 37.289 
-0.943 50.504 
-0.937 49.977 
-0.833 31.071 
-0.936 49.893 
-0.905 43.632 
-0.931 49.751 
-0.788 27.139 
-0.943 50.504 
-0.937 49.977 
-0.831 30.848 
-0.838 31.833 
-0.837 31.474 
-0.909 43.634 
-0.896 38.466 
-0.92 44.449 
-0.922 44.457 
-0.879 37.73 
-0.881 37.86 
-0.879 37.73 
-0.876 37.409 
-0.893 38.148 
-0.923 44.637 
-0.919 44.121 
-0.925 44.982 
-0.924 44.655 
-0.876 37.409 
-0.896 38.466 
-0.893 38.148 
-0.898 38.686 
-0.91 43.704 
-0.838 31.833 
-0.904 43.552 
-0.902 43.264 
-0.931 49.751 
-0.834 31.334 
-0.854 34.217 
-0.929 49.692 
-0.926 45.208 
-0.925 44.982 
-0.857 37.073 
-0.904 43.552 
-0.897 38.661 
-0.854 34.217 
-0.859 37.243 
-0.902 43.264 
-0.927 45.379 
-0.926 45.208 
-0.857 37.073 
-0.882 37.878 
-0.835 31.352 
-0.936 49.893 
-0.837 31.474 
-0.835 31.352 
-0.919 44.121 
-0.928 49.602 
-0.929 49.692 
-0.855 34.271 
-0.875 37.343 
-0.892 38.083 
-0.883 38.042 
-0.897 38.661 
-0.924 44.655 
-0.882 37.878 
-0.834 31.334 
-0.92 44.449 
-0.909 43.634 
-0.79 27.363 
-0.788 27.139 
-0.943 50.504 
-0.937 49.977 
-0.879 37.73 
-0.896 38.466 
