-0.855 51.405 
-0.652 23.639 
-0.777 29.921 
-0.786 34.222 
-0.663 24.732 
-0.837 41.482 
-0.846 46.529 
-0.847 50.972 
-0.701 25.751 
-0.827 40.161 
-0.821 35.944 
-0.838 45.469 
-0.714 25.897 
-0.748 29.403 
-0.802 34.577 
-0.732 29.291 
-0.73 26.737 
-0.701 25.751 
-0.728 26.127 
-0.748 29.403 
-0.663 24.732 
-0.734 29.304 
-0.839 46.428 
-0.818 35.303 
-0.786 34.222 
-0.83 40.689 
-0.821 35.944 
-0.803 34.903 
-0.811 34.978 
-0.653 23.671 
-0.827 40.161 
-0.83 40.689 
-0.653 23.671 
-0.838 45.469 
-0.811 34.978 
-0.73 26.737 
-0.818 35.303 
-0.847 50.972 
-0.728 26.127 
-0.732 29.291 
-0.839 46.428 
-0.803 34.903 
-0.653 23.671 
-0.701 25.751 
-0.663 24.732 
-0.786 34.222 
-0.821 35.944 
-0.838 45.469 
-0.811 34.978 
-0.73 26.737 
-0.818 35.303 
-0.847 50.972 
-0.839 46.428 
-0.663 24.732 
-0.786 34.222 
-0.821 35.944 
-0.811 34.978 
-0.838 45.469 
-0.847 50.972 
-0.839 46.428 
-0.811 34.978 
-0.821 35.944 
-0.811 34.978 
-0.821 35.944 
-0.811 34.978 
-0.811 34.978 
-0.811 34.978 
-0.821 35.944 
-0.663 24.732 
-0.811 34.978 
-0.821 35.944 
-0.811 34.978 
-0.811 34.978 
-0.811 34.978 
-0.821 35.944 
-0.811 34.978 
-0.821 35.944 
-0.811 34.978 
-0.821 35.944 
-0.821 35.944 
-0.811 34.978 
-0.821 35.944 
-0.811 34.978 
-0.811 34.978 
-0.811 34.978 
-0.821 35.944 
-0.786 34.222 
-0.663 24.732 
-0.821 35.944 
-0.811 34.978 
-0.821 35.944 
-0.663 24.732 
-0.838 45.469 
-0.811 34.978 
-0.811 34.978 
-0.663 24.732 
-0.811 34.978 
-0.663 24.732 
-0.811 34.978 
-0.811 34.978 
