-0.653 23.671 
-0.855 51.405 
-0.701 25.751 
-0.777 29.927 
-0.73 26.737 
-0.748 29.403 
-0.663 24.732 
-0.837 41.482 
-0.827 40.161 
-0.786 34.222 
-0.847 50.972 
-0.846 46.53 
-0.732 29.291 
-0.821 35.944 
-0.838 45.469 
-0.801 34.607 
-0.663 24.732 
-0.839 46.428 
-0.828 40.836 
-0.811 34.978 
-0.818 35.303 
-0.786 34.222 
-0.821 35.944 
-0.796 34.584 
-0.811 34.978 
-0.838 45.469 
-0.796 34.584 
-0.828 40.836 
-0.818 35.303 
-0.847 50.972 
-0.846 46.53 
-0.839 46.428 
-0.828 40.836 
-0.811 34.978 
-0.828 40.836 
-0.828 40.836 
-0.821 35.944 
-0.828 40.836 
-0.811 34.978 
-0.821 35.944 
-0.828 40.836 
-0.811 34.978 
-0.828 40.836 
-0.811 34.978 
-0.828 40.836 
-0.811 34.978 
-0.828 40.836 
-0.821 35.944 
-0.663 24.732 
-0.811 34.978 
-0.828 40.836 
-0.828 40.836 
-0.821 35.944 
-0.811 34.978 
-0.811 34.978 
-0.811 34.978 
-0.828 40.836 
-0.828 40.836 
-0.821 35.944 
-0.811 34.978 
-0.821 35.944 
-0.811 34.978 
-0.821 35.944 
-0.828 40.836 
-0.821 35.944 
-0.828 40.836 
-0.828 40.836 
-0.828 40.836 
-0.811 34.978 
-0.821 35.944 
-0.811 34.978 
-0.811 34.978 
-0.828 40.836 
-0.811 34.978 
-0.821 35.944 
-0.786 34.222 
-0.663 24.732 
-0.821 35.944 
-0.811 34.978 
-0.796 34.584 
-0.821 35.944 
-0.663 24.732 
-0.828 40.836 
-0.846 46.53 
-0.828 40.836 
-0.838 45.469 
-0.828 40.836 
-0.828 40.836 
-0.811 34.978 
-0.828 40.836 
-0.828 40.836 
-0.811 34.978 
-0.663 24.732 
-0.828 40.836 
-0.811 34.978 
-0.663 24.732 
-0.811 34.978 
-0.828 40.836 
-0.811 34.978 
-0.811 34.978 
