-0.863 61.567 
-0.698 25.266 
-0.698 25.266 
-0.863 61.567 
-0.734 28.919 
-0.847 51.243 
-0.844 50.518 
-0.77 29.535 
-0.734 28.919 
-0.861 61.305 
-0.712 25.98 
-0.756 29.244 
-0.854 55.88 
-0.855 56.683 
-0.813 35.537 
-0.83 45.398 
-0.816 39.608 
-0.712 25.98 
-0.829 41.408 
-0.838 46.548 
-0.792 31.303 
-0.759 29.285 
-0.793 34.353 
-0.781 30.045 
-0.854 55.88 
-0.789 30.615 
-0.855 56.683 
-0.705 25.905 
-0.838 46.548 
-0.822 40.793 
-0.781 30.045 
-0.787 30.172 
-0.861 61.305 
-0.827 41.002 
-0.81 35.238 
-0.821 40.061 
-0.805 35.17 
-0.7 25.355 
-0.705 25.905 
-0.7 25.355 
-0.756 29.244 
-0.837 46.022 
-0.813 35.537 
-0.833 45.521 
-0.792 31.303 
-0.818 39.84 
-0.816 39.608 
-0.81 35.238 
-0.835 45.797 
-0.835 45.797 
-0.818 39.84 
-0.827 41.002 
-0.829 41.408 
-0.787 30.172 
-0.833 45.521 
-0.798 34.871 
-0.8 34.903 
-0.796 34.743 
-0.805 35.17 
-0.8 34.903 
-0.803 35.02 
-0.802 34.994 
-0.837 46.022 
-0.821 40.061 
-0.822 40.793 
-0.794 34.549 
-0.793 34.353 
-0.803 35.02 
-0.795 34.68 
-0.794 34.549 
-0.83 45.398 
-0.797 34.751 
-0.802 34.994 
-0.795 34.68 
-0.798 34.871 
-0.797 34.751 
-0.863 61.567 
-0.734 28.919 
-0.712 25.98 
-0.854 55.88 
-0.855 56.683 
-0.781 30.045 
-0.705 25.905 
-0.7 25.355 
-0.813 35.537 
-0.816 39.608 
-0.81 35.238 
-0.835 45.797 
-0.818 39.84 
-0.792 31.303 
-0.829 41.408 
-0.833 45.521 
-0.8 34.903 
-0.837 46.022 
-0.821 40.061 
-0.803 35.02 
-0.794 34.549 
-0.787 30.172 
-0.795 34.68 
-0.798 34.871 
