-0.848 32.755 
-0.83 31.143 
-0.804 30.641 
-0.899 42.357 
-0.917 47.352 
-0.83 31.143 
-0.848 32.755 
-0.945 58.653 
-0.788 26.596 
-0.795 30.487 
-0.83 31.143 
-0.793 30.423 
-0.848 32.755 
-0.935 52.724 
-0.848 32.755 
-0.793 30.423 
-0.83 31.143 
-0.917 47.352 
-0.937 57.958 
-0.909 46.999 
-0.83 31.143 
-0.881 37.277 
-0.861 36.164 
-0.935 52.724 
-0.882 37.635 
-0.889 41.345 
-0.854 36.144 
-0.905 46.471 
-0.83 31.143 
-0.837 31.614 
-0.917 47.352 
-0.829 31.007 
-0.845 32.105 
-0.793 30.423 
-0.83 31.143 
-0.788 26.596 
-0.881 37.277 
-0.83 31.143 
-0.83 31.143 
-0.918 47.912 
-0.917 47.352 
-0.881 37.277 
-0.817 30.699 
-0.847 32.624 
-0.881 37.277 
-0.793 30.423 
-0.936 53.011 
-0.917 47.352 
-0.811 30.658 
-0.869 36.714 
-0.905 46.471 
-0.889 41.345 
-0.881 37.277 
-0.83 31.143 
-0.848 32.755 
-0.937 57.958 
-0.788 26.596 
-0.909 46.999 
-0.817 30.699 
-0.793 30.423 
-0.83 31.143 
-0.845 32.105 
-0.786 26.34 
-0.899 42.357 
-0.788 26.596 
-0.897 41.851 
-0.935 52.724 
-0.83 31.143 
-0.788 26.596 
-0.869 36.714 
-0.79 30.347 
-0.889 41.345 
-0.83 31.143 
-0.828 30.776 
-0.848 32.755 
-0.935 52.724 
-0.793 30.423 
-0.936 53.011 
-0.811 30.658 
-0.834 31.186 
-0.737 25.429 
-0.847 32.624 
-0.935 52.724 
-0.945 58.653 
-0.909 46.999 
-0.83 31.143 
