P=? [ F (x=9&y=9&crashed=0) ]	R{"cost"}=? [ C<=100 ]
-0.0	0.0
0.91	115.739
-0.0	0.0
0.91	115.739
0.68	25.853
0.68	25.853
0.909	90.44
0.89	83.926
0.889	64.61
0.872	59.371
0.76	32.537
0.769	36.437
0.887	63.932
0.872	59.371
0.871	54.93
0.906	89.368
0.899	85.022
0.697	29.496
0.693	26.436
0.865	53.353
0.854	50.454
0.798	40.948
0.797	38.66
0.743	32.426
0.833	47.019
0.782	36.613
0.887	63.932
0.829	45.081
0.854	50.454
0.734	31.473
0.704	29.744
0.785	37.14
0.8	41.343
0.865	53.353
0.712	29.953
0.843	48.787
0.84	48.056
0.684	26.223
0.815	42.682
0.692	26.292
0.806	41.433
0.897	84.308
0.769	36.437
0.836	47.426
0.76	32.537
0.906	89.368
0.738	32.055
0.899	85.022
0.837	47.782
0.703	29.541
0.821	43.644
0.789	37.238
0.842	48.58
0.907	89.732
0.849	49.129
0.818	42.752
0.81	41.99
0.908	90.164
0.888	64.11
0.72	30.68
0.717	30.391
0.793	37.779
0.833	47.019
0.85	49.4
0.824	44.161
0.725	30.692
0.829	45.081
0.828	44.705
0.738	32.055
0.795	38.057
0.731	31.262
0.712	29.953
0.731	31.262
0.717	30.391
0.851	49.774
0.867	53.627
0.811	42.265
0.726	30.803
0.743	32.426
0.797	38.66
0.87	54.497
0.828	44.705
0.824	44.161
0.791	37.499
0.819	43.154
0.693	26.436
0.87	54.497
0.868	53.984
0.823	43.777
0.889	64.61
0.819	43.154
0.868	53.984
0.726	30.803
0.808	41.666
0.684	26.223
0.898	84.743
0.871	54.93
0.782	36.613
0.697	29.496
0.811	42.265
