-0.812 44.353 
-0.823 45.477 
-0.847 59.106 
-0.725 28.783 
-0.803 39.531 
-0.812 44.353 
-0.818 44.798 
-0.679 25.334 
-0.778 35.087 
-0.807 41.275 
-0.818 44.798 
-0.735 29.184 
-0.831 50.02 
-0.814 44.692 
-0.803 39.531 
-0.789 35.354 
-0.823 45.477 
-0.776 34.708 
-0.807 41.275 
-0.818 44.798 
-0.818 44.798 
-0.803 39.531 
-0.848 59.375 
-0.758 29.884 
-0.814 44.692 
-0.781 35.166 
-0.807 41.275 
-0.79 35.529 
-0.847 59.106 
-0.76 30.089 
-0.83 49.685 
-0.76 30.089 
-0.818 44.798 
-0.821 44.912 
-0.823 45.477 
-0.798 39.314 
-0.803 39.531 
-0.679 25.334 
-0.735 29.184 
-0.818 44.798 
-0.757 29.683 
-0.679 25.334 
-0.742 29.291 
-0.818 44.798 
-0.735 29.184 
-0.776 34.708 
-0.774 34.044 
-0.772 33.702 
-0.819 44.901 
-0.679 25.334 
-0.803 39.531 
-0.806 39.75 
-0.804 39.737 
-0.735 29.184 
-0.807 41.275 
-0.757 29.683 
-0.803 39.531 
-0.788 35.3 
-0.846 54.611 
-0.76 30.089 
-0.793 38.948 
-0.807 41.275 
-0.848 59.375 
-0.76 30.089 
-0.794 39.203 
-0.823 45.477 
-0.778 35.087 
-0.742 29.291 
