-0.854 65.77 
-0.628 22.53 
-0.628 22.53 
-0.854 65.77 
-0.723 29.28 
-0.652 26.675 
-0.68 27.238 
-0.846 60.805 
-0.83 59.097 
-0.821 53.993 
-0.829 55.291 
-0.716 28.341 
-0.803 48.334 
-0.641 24.172 
-0.74 32.745 
-0.777 42.891 
-0.74 32.745 
-0.699 28.002 
-0.774 39.773 
-0.814 51.39 
-0.837 60.158 
-0.797 45.996 
-0.642 25.85 
-0.761 38.757 
-0.822 54.273 
-0.63 22.788 
-0.79 44.692 
-0.681 27.348 
-0.691 27.497 
-0.789 44.019 
-0.752 35.446 
-0.837 60.158 
-0.694 27.868 
-0.846 60.805 
-0.845 60.631 
-0.753 36.684 
-0.65 26.385 
-0.643 26.125 
-0.641 24.172 
-0.63 22.788 
-0.806 49.351 
-0.745 34.582 
-0.793 45.332 
-0.828 54.921 
-0.814 51.39 
-0.812 50.303 
-0.759 37.572 
-0.744 33.436 
-0.699 28.002 
-0.797 45.996 
-0.83 59.097 
-0.809 49.721 
-0.77 39.155 
-0.741 32.928 
-0.771 39.339 
-0.758 37.26 
-0.813 51.219 
-0.743 33.325 
-0.75 35.122 
-0.781 43.279 
-0.785 43.288 
-0.766 39.14 
-0.804 48.55 
-0.692 27.58 
-0.809 49.721 
-0.748 34.797 
-0.754 36.74 
-0.828 54.921 
-0.722 29.017 
-0.786 43.504 
-0.764 38.932 
-0.812 50.303 
-0.68 27.238 
-0.777 42.891 
-0.751 35.238 
-0.786 43.504 
-0.759 37.572 
-0.756 37.029 
-0.845 60.631 
-0.65 26.385 
-0.629 22.711 
-0.774 39.773 
-0.805 48.916 
-0.721 28.87 
-0.756 37.029 
-0.796 45.875 
-0.794 45.453 
-0.779 43.061 
-0.747 34.775 
-0.746 34.601 
-0.773 39.717 
-0.829 55.291 
-0.764 38.932 
-0.805 48.916 
-0.779 43.061 
-0.719 28.655 
-0.794 45.453 
-0.796 45.875 
-0.643 26.125 
-0.773 39.717 
