-0.8 27.002 
-0.977 44.922 
-0.977 44.922 
-0.842 28.13 
-0.875 31.351 
-0.976 40.744 
-0.807 27.403 
-0.934 37.857 
-0.933 35.125 
-0.954 38.589 
-0.909 32.918 
-0.807 27.403 
-0.911 33.506 
-0.905 32.657 
-0.891 31.742 
-0.919 33.639 
-0.88 31.693 
-0.965 38.88 
-0.967 39.367 
-0.902 32.25 
-0.972 39.43 
-0.94 38.2 
-0.939 37.933 
-0.893 31.867 
-0.948 38.551 
-0.92 33.956 
-0.878 31.507 
-0.973 39.718 
-0.928 34.535 
-0.945 38.328 
-0.897 32.248 
-0.931 34.619 
-0.966 38.919 
-0.974 39.91 
-0.975 40.354 
-0.926 34.514 
-0.976 40.744 
-0.975 40.354 
-0.876 31.385 
-0.924 34.29 
-0.924 34.29 
-0.92 33.956 
-0.896 32.192 
-0.965 38.88 
-0.896 32.192 
-0.932 34.876 
-0.932 34.876 
-0.947 38.407 
-0.911 33.506 
-0.945 38.328 
-0.892 31.843 
-0.902 32.25 
-0.925 34.321 
-0.974 39.91 
-0.88 31.693 
-0.94 38.2 
-0.931 34.619 
-0.947 38.407 
-0.939 37.933 
-0.934 37.857 
-0.972 39.43 
-0.966 38.919 
-0.948 38.551 
-0.925 34.321 
-0.897 32.248 
-0.947 38.407 
-0.966 38.919 
-0.896 32.192 
-0.88 31.693 
-0.807 27.403 
-0.896 32.192 
-0.896 32.192 
-0.807 27.403 
-0.966 38.919 
-0.807 27.403 
-0.947 38.407 
-0.911 33.506 
-0.939 37.933 
-0.965 38.88 
-0.88 31.693 
-0.948 38.551 
-0.897 32.248 
-0.972 39.43 
-0.966 38.919 
-0.924 34.29 
-0.925 34.321 
-0.947 38.407 
-0.924 34.29 
-0.972 39.43 
-0.807 27.403 
-0.807 27.403 
-0.966 38.919 
-0.925 34.321 
-0.924 34.29 
-0.947 38.407 
-0.972 39.43 
-0.925 34.321 
-0.947 38.407 
-0.924 34.29 
-0.924 34.29 
