-0.794 30.423 
-0.871 41.536 
-0.735 26.049 
-0.901 56.904 
-0.871 41.536 
-0.871 41.536 
-0.871 41.536 
-0.871 41.536 
-0.871 41.536 
-0.731 25.893 
-0.889 46.507 
-0.732 25.895 
-0.885 42.387 
-0.865 37.095 
-0.731 25.893 
-0.871 41.536 
-0.817 30.502 
-0.889 46.507 
-0.817 30.502 
-0.871 41.536 
-0.871 41.536 
-0.847 35.771 
-0.901 56.904 
-0.749 26.115 
-0.865 37.095 
-0.865 37.095 
-0.817 30.502 
-0.86 36.828 
-0.889 46.507 
-0.871 41.536 
-0.874 41.852 
-0.889 46.507 
-0.891 47.307 
-0.865 37.095 
-0.817 30.502 
-0.836 31.835 
-0.867 38.483 
-0.735 26.049 
-0.871 41.536 
-0.828 30.756 
-0.817 30.502 
-0.735 26.049 
-0.848 35.834 
-0.817 30.502 
-0.852 36.042 
-0.871 41.536 
-0.901 56.904 
-0.871 41.536 
-0.846 35.303 
-0.898 47.451 
-0.866 37.268 
-0.853 36.164 
-0.827 30.592 
-0.735 26.049 
