-0.89 67.083 
-0.68 24.047 
-0.68 24.047 
-0.872 50.915 
-0.862 47.018 
-0.879 51.741 
-0.725 26.344 
-0.808 34.36 
-0.744 29.588 
-0.88 56.669 
-0.69 25.218 
-0.889 62.09 
-0.772 29.932 
-0.844 42.525 
-0.836 36.957 
-0.803 31.352 
-0.838 41.615 
-0.888 61.52 
-0.88 56.669 
-0.713 26.28 
-0.853 45.411 
-0.776 30.039 
-0.832 36.221 
-0.713 26.28 
-0.816 35.696 
-0.861 45.43 
-0.817 35.813 
-0.789 30.249 
-0.797 31.112 
-0.737 28.429 
-0.737 28.429 
-0.888 61.52 
-0.841 42.276 
-0.853 45.411 
-0.835 36.691 
-0.792 30.724 
-0.686 24.727 
-0.772 29.932 
-0.838 41.615 
-0.832 36.221 
-0.792 30.724 
-0.686 24.727 
-0.688 25.208 
-0.789 30.249 
-0.743 29.095 
-0.687 24.737 
-0.74 28.609 
-0.817 35.813 
-0.741 28.834 
-0.738 28.434 
-0.74 28.609 
-0.738 28.434 
-0.743 29.095 
-0.742 28.92 
-0.742 28.92 
-0.741 28.834 
-0.861 45.43 
-0.688 25.208 
-0.687 24.737 
-0.68 24.047 
-0.88 56.669 
-0.853 45.411 
-0.838 41.615 
-0.743 29.095 
-0.686 24.727 
-0.792 30.724 
-0.817 35.813 
-0.737 28.429 
-0.738 28.434 
-0.742 28.92 
-0.741 28.834 
-0.861 45.43 
-0.688 25.208 
-0.687 24.737 
-0.88 56.669 
-0.817 35.813 
-0.853 45.411 
-0.838 41.615 
-0.743 29.095 
-0.686 24.727 
-0.737 28.429 
-0.738 28.434 
-0.792 30.724 
-0.742 28.92 
-0.741 28.834 
-0.688 25.208 
-0.687 24.737 
-0.88 56.669 
-0.688 25.208 
-0.838 41.615 
-0.743 29.095 
-0.737 28.429 
-0.688 25.208 
-0.688 25.208 
-0.688 25.208 
-0.688 25.208 
-0.688 25.208 
-0.688 25.208 
-0.688 25.208 
-0.688 25.208 
