-0.68 24.047 
-0.891 62.35 
-0.68 24.047 
-0.891 62.35 
-0.69 25.199 
-0.863 46.897 
-0.889 56.863 
-0.869 50.108 
-0.888 56.636 
-0.88 51.967 
-0.713 26.223 
-0.842 40.251 
-0.79 30.149 
-0.836 36.957 
-0.758 29.735 
-0.746 26.826 
-0.808 34.36 
-0.713 26.223 
-0.803 31.352 
-0.761 29.798 
-0.853 42.792 
-0.742 26.799 
-0.852 41.087 
-0.774 29.822 
-0.86 45.209 
-0.853 42.792 
-0.728 26.63 
-0.879 51.576 
-0.819 35.348 
-0.725 26.339 
-0.777 30.095 
-0.758 29.735 
-0.823 35.894 
-0.746 26.826 
-0.85 40.642 
-0.797 30.828 
-0.88 51.967 
-0.832 36.217 
-0.888 56.636 
-0.861 45.43 
-0.808 34.36 
-0.872 50.915 
-0.86 45.209 
-0.844 40.583 
-0.842 40.251 
-0.836 36.957 
-0.813 35.239 
-0.795 30.46 
-0.803 31.352 
-0.802 31.086 
-0.823 35.894 
-0.872 50.915 
-0.81 34.951 
-0.871 50.692 
-0.795 30.46 
-0.687 24.737 
-0.834 36.415 
-0.686 24.727 
-0.683 24.268 
-0.889 56.863 
-0.871 50.692 
-0.861 45.43 
-0.775 29.902 
-0.743 26.825 
-0.683 24.268 
-0.686 24.727 
-0.687 24.737 
-0.832 36.217 
-0.725 26.339 
-0.813 35.239 
-0.835 36.691 
-0.727 26.608 
-0.835 36.691 
-0.802 31.086 
-0.811 34.989 
-0.844 40.583 
-0.81 34.951 
-0.811 34.989 
-0.682 24.258 
-0.727 26.608 
-0.833 36.411 
-0.682 24.258 
-0.728 26.63 
-0.776 30.039 
-0.776 30.039 
-0.777 30.095 
-0.833 36.411 
-0.743 26.825 
-0.891 62.35 
-0.68 24.047 
-0.758 29.735 
-0.871 50.692 
-0.853 42.792 
-0.888 56.636 
-0.808 34.36 
-0.86 45.209 
-0.836 36.957 
-0.803 31.352 
-0.823 35.894 
-0.872 50.915 
