-0.8 35.423 
-0.809 39.047 
-0.838 41.616 
-0.803 35.759 
-0.809 39.047 
-0.888 61.862 
-0.836 41.323 
-0.8 35.423 
-0.8 35.423 
-0.8 35.423 
-0.838 41.616 
-0.8 35.423 
-0.774 30.091 
-0.836 41.323 
-0.836 41.323 
-0.836 41.323 
-0.838 41.616 
-0.74 28.61 
-0.761 30.04 
-0.838 41.616 
-0.838 41.616 
-0.809 39.047 
-0.879 51.743 
-0.8 35.423 
-0.688 25.208 
-0.8 35.423 
-0.795 35.093 
-0.862 50.561 
-0.804 35.934 
-0.781 31.038 
-0.861 45.521 
-0.836 41.323 
-0.888 61.862 
-0.835 40.155 
-0.853 45.411 
-0.838 41.616 
-0.838 41.616 
-0.813 39.204 
-0.836 41.323 
-0.818 39.837 
-0.8 35.423 
-0.809 39.047 
-0.74 28.61 
-0.798 35.22 
-0.688 25.208 
-0.8 35.423 
-0.808 39.046 
-0.809 39.047 
-0.761 30.04 
-0.819 39.883 
-0.89 67.083 
-0.793 34.122 
-0.836 41.323 
-0.743 29.294 
-0.688 25.208 
-0.836 41.323 
-0.836 41.323 
