P=? [ F (x=9&y=9&crashed=0) ]	R{"cost"}=? [ C<=100 ]
0.661	23.341
0.845	60.651
0.845	60.651
0.661	23.341
0.838	50.92
0.669	24.263
0.702	24.454
0.724	26.243
0.81	39.673
0.836	50.082
0.83	45.584
0.805	35.472
0.826	44.888
0.822	40.868
0.772	33.797
0.74	28.409
0.768	30.501
0.749	29.146
0.761	29.415
0.74	28.409
0.838	50.92
0.777	34.006
0.786	34.059
0.711	25.144
0.718	25.427
0.796	34.76
0.747	28.84
0.741	28.714
0.817	39.739
0.793	34.295
0.802	34.813
0.836	50.082
0.83	45.584
0.805	35.472
0.787	34.092
0.774	33.799
0.768	30.501
0.71	24.842
0.706	24.836
0.81	39.673
0.822	40.868
0.669	24.263
0.762	29.532
0.665	23.768
0.837	50.19
0.826	44.888
0.772	33.797
0.664	23.627
0.719	25.687
0.665	23.768
0.703	24.541
0.749	29.146
0.777	34.006
0.827	44.915
0.819	40.231
0.818	39.792
0.706	24.836
0.764	29.803
0.829	45.477
0.828	45.126
0.767	30.155
0.747	28.84
0.703	24.541
0.664	23.627
0.718	25.427
0.711	25.144
0.764	29.803
0.761	29.415
0.722	25.944
0.804	35.218
0.72	25.734
0.723	26.009
0.804	35.218
0.803	34.998
0.82	40.451
0.819	40.231
0.828	45.126
0.821	40.662
0.82	40.451
0.722	25.944
0.72	25.734
0.821	40.662
0.793	34.295
0.787	34.092
0.794	34.487
0.702	24.454
0.795	34.569
0.803	34.998
0.765	29.978
0.741	28.714
0.837	50.19
0.829	45.477
0.766	30.075
0.765	29.978
0.795	34.569
0.794	34.487
0.767	30.155
0.766	30.075
0.817	39.739
0.723	26.009
