-0.827 50.683 
-0.827 50.683 
-0.659 24.316 
-0.675 24.631 
-0.719 26.545 
-0.811 42.006 
-0.707 26.066 
-0.79 36.681 
-0.818 46.08 
-0.822 46.808 
-0.794 40.075 
-0.707 26.066 
-0.742 29.682 
-0.725 28.994 
-0.728 29.528 
-0.779 35.478 
-0.661 24.586 
-0.768 35.402 
-0.758 32.434 
-0.759 34.306 
-0.809 41.446 
-0.799 41.105 
-0.755 31.73 
-0.755 31.73 
-0.749 30.568 
-0.725 28.994 
-0.749 30.568 
-0.818 46.08 
-0.784 35.564 
-0.822 46.808 
-0.787 35.957 
-0.764 35.103 
-0.747 30.073 
-0.794 40.075 
-0.766 35.112 
-0.796 40.406 
-0.76 34.426 
-0.757 32.353 
-0.76 34.426 
-0.744 29.945 
-0.798 40.973 
-0.796 40.406 
-0.764 35.103 
-0.788 36.432 
-0.728 29.528 
-0.821 46.556 
-0.809 41.446 
-0.799 41.105 
-0.81 41.668 
-0.819 46.247 
-0.821 46.556 
-0.819 46.247 
-0.798 40.973 
-0.747 30.073 
-0.744 29.945 
-0.757 32.353 
-0.81 41.668 
-0.786 35.753 
-0.661 24.586 
-0.789 36.517 
-0.785 35.692 
-0.759 34.306 
-0.789 36.517 
-0.788 36.432 
-0.786 35.753 
-0.785 35.692 
-0.827 50.683 
-0.707 26.066 
-0.818 46.08 
-0.822 46.808 
-0.794 40.075 
-0.76 34.426 
-0.764 35.103 
-0.661 24.586 
-0.799 41.105 
-0.821 46.556 
-0.757 32.353 
-0.81 41.668 
-0.789 36.517 
-0.786 35.753 
-0.827 50.683 
-0.818 46.08 
-0.794 40.075 
-0.76 34.426 
-0.764 35.103 
-0.799 41.105 
-0.81 41.668 
-0.764 35.103 
-0.764 35.103 
-0.764 35.103 
-0.764 35.103 
-0.764 35.103 
-0.764 35.103 
-0.764 35.103 
-0.76 34.426 
-0.818 46.08 
-0.799 41.105 
-0.81 41.668 
-0.799 41.105 
-0.764 35.103 
