-0.764 35.103 
-0.764 35.103 
-0.764 35.103 
-0.737 31.396 
-0.749 31.733 
-0.752 34.451 
-0.786 35.879 
-0.653 24.332 
-0.798 41.056 
-0.738 31.431 
-0.819 46.249 
-0.752 34.451 
-0.81 41.965 
-0.75 33.985 
-0.818 46.082 
-0.727 31.13 
-0.81 41.965 
-0.749 31.733 
-0.719 26.546 
-0.789 36.6 
-0.796 40.409 
-0.729 31.344 
-0.786 35.879 
-0.785 35.755 
-0.819 46.249 
-0.731 31.392 
-0.764 35.103 
-0.809 41.732 
-0.793 40.282 
-0.799 41.105 
-0.821 46.642 
-0.749 31.733 
-0.81 41.965 
-0.81 41.965 
-0.818 46.082 
-0.738 31.431 
-0.727 31.13 
