-0.907 57.949 
-0.726 24.88 
-0.907 57.949 
-0.726 24.88 
-0.89 52.637 
-0.752 28.482 
-0.904 57.616 
-0.877 51.016 
-0.731 25.31 
-0.752 28.482 
-0.797 33.327 
-0.731 25.31 
-0.837 39.882 
-0.788 30.043 
-0.83 36.72 
-0.855 45.178 
-0.872 47.934 
-0.854 42.595 
-0.904 57.616 
-0.765 28.575 
-0.78 28.988 
-0.797 33.327 
-0.788 30.043 
-0.771 28.918 
-0.814 35.249 
-0.872 47.934 
-0.83 36.72 
-0.837 39.882 
-0.803 34.036 
-0.729 25.147 
-0.768 28.805 
-0.846 41.454 
-0.808 34.219 
-0.824 35.74 
-0.857 45.34 
-0.819 35.337 
-0.845 40.881 
-0.862 45.871 
-0.866 46.374 
-0.821 35.484 
-0.889 52.353 
-0.871 47.339 
-0.842 40.344 
-0.784 29.436 
-0.851 42.128 
-0.864 46.154 
-0.849 41.941 
-0.847 41.711 
-0.882 51.608 
-0.853 42.531 
-0.771 28.918 
-0.812 34.725 
-0.869 46.785 
-0.787 29.854 
-0.844 40.764 
-0.859 45.543 
-0.886 51.99 
-0.864 46.154 
-0.84 40.225 
-0.884 51.816 
-0.882 51.608 
-0.859 45.543 
-0.81 34.471 
-0.829 36.521 
-0.827 36.198 
-0.826 36.0 
-0.85 42.004 
-0.839 40.04 
-0.808 34.219 
-0.886 51.99 
-0.884 51.816 
-0.813 34.92 
-0.829 36.521 
-0.827 36.198 
-0.888 52.217 
-0.867 46.508 
-0.871 47.339 
-0.87 47.031 
-0.802 33.912 
-0.841 40.255 
-0.843 40.644 
-0.802 33.912 
-0.8 33.615 
-0.822 35.597 
-0.88 51.338 
-0.879 51.24 
-0.8 33.615 
-0.799 33.519 
-0.869 46.785 
-0.867 46.508 
-0.861 45.777 
-0.819 35.337 
-0.88 51.338 
-0.826 36.0 
-0.78 28.988 
-0.81 34.471 
-0.87 47.031 
-0.782 29.229 
-0.861 45.777 
-0.888 52.217 
