-0.726 24.877 
-0.907 57.943 
-0.726 24.877 
-0.752 28.482 
-0.904 57.616 
-0.89 52.637 
-0.731 25.307 
-0.752 28.482 
-0.797 33.315 
-0.837 39.882 
-0.788 30.043 
-0.877 51.016 
-0.731 25.307 
-0.83 36.72 
-0.855 45.167 
-0.872 47.934 
-0.89 52.637 
-0.904 57.616 
-0.854 42.594 
-0.765 28.567 
-0.772 28.871 
-0.78 28.986 
-0.797 33.315 
-0.788 30.043 
-0.814 35.248 
-0.872 47.934 
-0.83 36.72 
-0.837 39.882 
-0.803 34.036 
-0.73 25.111 
-0.85 41.995 
-0.784 29.425 
-0.846 41.053 
-0.808 34.219 
-0.879 51.239 
-0.877 51.016 
-0.852 42.33 
-0.869 46.784 
-0.819 35.337 
-0.811 34.669 
-0.786 29.805 
-0.768 28.805 
-0.864 46.153 
-0.842 40.344 
-0.863 45.962 
-0.881 51.438 
-0.866 46.374 
-0.857 45.34 
-0.884 51.816 
-0.84 40.236 
-0.847 41.711 
-0.848 41.727 
-0.886 51.99 
-0.822 35.592 
-0.871 47.339 
-0.845 40.881 
-0.813 34.92 
-0.843 40.644 
-0.765 28.567 
-0.853 42.531 
-0.826 36.0 
-0.768 28.805 
-0.782 29.229 
-0.787 29.855 
-0.824 35.74 
-0.858 45.517 
-0.829 36.521 
-0.827 36.198 
-0.81 34.471 
-0.782 29.229 
-0.839 40.04 
-0.808 34.219 
-0.859 45.542 
-0.882 51.608 
-0.829 36.521 
-0.827 36.198 
-0.888 52.217 
-0.867 46.508 
-0.871 47.339 
-0.87 47.031 
-0.802 33.912 
-0.802 33.912 
-0.8 33.615 
-0.821 35.484 
-0.889 52.353 
-0.8 33.615 
-0.799 33.519 
-0.906 57.847 
-0.867 46.508 
-0.819 35.337 
-0.861 45.776 
-0.81 34.471 
-0.813 34.92 
-0.87 47.031 
-0.906 57.847 
-0.844 40.653 
-0.888 52.217 
-0.882 51.608 
-0.825 35.948 
-0.799 33.519 
