-0.872 51.549 
-0.835 41.281 
-0.846 46.415 
-0.816 36.366 
-0.817 38.622 
-0.795 34.129 
-0.833 41.001 
-0.846 46.415 
-0.786 33.909 
-0.816 36.366 
-0.819 38.869 
-0.872 51.549 
-0.856 46.789 
-0.748 28.593 
-0.801 34.371 
-0.846 46.415 
-0.767 31.581 
-0.802 34.417 
-0.772 33.365 
-0.819 38.869 
-0.778 33.748 
-0.842 42.51 
-0.684 25.021 
-0.816 36.366 
-0.804 34.664 
-0.723 25.569 
-0.866 47.089 
-0.877 52.191 
-0.842 42.51 
-0.83 40.134 
-0.846 46.415 
-0.748 28.593 
-0.819 38.869 
-0.872 51.549 
-0.839 41.732 
-0.813 36.031 
-0.805 34.85 
-0.858 47.011 
-0.769 32.934 
-0.819 38.869 
-0.816 36.366 
-0.798 34.158 
