-0.795 34.129 
-0.833 41.001 
-0.856 46.789 
-0.802 34.417 
-0.684 25.021 
-0.723 25.569 
-0.866 47.089 
-0.83 40.134 
-0.851 45.892 
-0.813 35.815 
-0.791 33.634 
-0.71 25.336 
-0.834 41.12 
-0.808 34.547 
-0.875 51.732 
-0.792 33.696 
-0.811 34.804 
-0.813 35.815 
-0.866 47.089 
-0.85 45.876 
-0.762 29.192 
-0.76 28.995 
-0.824 36.172 
-0.867 47.304 
-0.834 41.12 
-0.792 33.696 
-0.869 51.193 
-0.856 46.789 
-0.822 35.874 
-0.784 29.496 
-0.833 41.001 
-0.856 46.789 
-0.76 28.995 
-0.833 41.001 
-0.834 41.12 
-0.762 29.192 
-0.762 29.192 
-0.869 51.193 
-0.751 28.541 
-0.868 50.911 
-0.849 42.224 
-0.863 46.813 
-0.844 41.264 
-0.885 52.052 
-0.831 40.827 
-0.869 51.193 
-0.797 34.139 
-0.829 39.382 
-0.8 34.148 
-0.801 34.369 
-0.872 51.548 
-0.809 34.56 
-0.871 51.322 
-0.76 28.995 
