-0.65 23.571 
-0.882 47.831 
-0.705 23.97 
-0.71 27.298 
-0.857 42.302 
-0.813 34.804 
-0.859 45.405 
-0.836 39.982 
-0.809 32.088 
-0.736 28.081 
-0.72 27.784 
-0.833 37.994 
-0.75 29.598 
-0.789 30.485 
-0.833 37.994 
-0.763 30.332 
-0.798 30.508 
-0.832 36.292 
-0.779 30.423 
-0.839 40.201 
-0.716 27.342 
-0.848 40.441 
-0.759 29.7 
-0.742 29.396 
-0.855 41.449 
-0.877 46.612 
-0.869 46.578 
-0.779 30.423 
-0.861 45.606 
-0.739 28.819 
-0.823 35.17 
-0.868 46.131 
-0.856 42.24 
-0.739 28.819 
-0.816 35.145 
-0.803 31.249 
-0.825 35.245 
-0.807 31.772 
-0.854 41.093 
-0.852 41.014 
-0.72 27.784 
-0.879 47.063 
-0.802 31.08 
-0.866 45.99 
-0.881 47.573 
-0.736 28.081 
-0.762 30.2 
-0.806 31.482 
-0.866 45.99 
-0.802 31.08 
-0.71 27.298 
-0.85 40.539 
-0.808 32.046 
-0.742 29.396 
-0.809 32.088 
-0.814 34.845 
-0.851 40.672 
-0.762 30.2 
-0.88 47.403 
-0.828 35.653 
-0.878 46.934 
-0.759 29.7 
-0.827 35.556 
-0.859 45.405 
-0.806 31.482 
-0.83 36.001 
-0.829 35.789 
-0.827 35.556 
-0.815 35.042 
-0.88 47.403 
-0.831 36.163 
-0.83 36.001 
-0.829 35.789 
-0.851 40.672 
-0.86 45.537 
-0.832 36.292 
-0.878 46.934 
-0.831 36.163 
-0.815 35.042 
-0.86 45.537 
-0.856 42.24 
-0.869 46.578 
-0.816 35.145 
-0.833 37.994 
-0.779 30.423 
-0.739 28.819 
-0.809 32.088 
-0.802 31.08 
-0.742 29.396 
-0.806 31.482 
-0.762 30.2 
-0.759 29.7 
-0.866 45.99 
-0.827 35.556 
-0.815 35.042 
-0.878 46.934 
-0.88 47.403 
-0.83 36.001 
-0.859 45.405 
-0.851 40.672 
