-0.882 47.831 
-0.882 47.831 
-0.701 23.471 
-0.762 29.816 
-0.787 30.153 
-0.71 27.298 
-0.705 23.97 
-0.809 32.086 
-0.859 45.405 
-0.857 42.302 
-0.759 29.589 
-0.742 29.396 
-0.813 34.804 
-0.836 39.982 
-0.798 30.507 
-0.725 27.641 
-0.736 28.081 
-0.833 37.994 
-0.833 37.994 
-0.839 40.201 
-0.832 36.292 
-0.875 46.51 
-0.789 30.485 
-0.724 27.395 
-0.848 40.441 
-0.705 23.97 
-0.739 28.819 
-0.716 27.342 
-0.868 46.131 
-0.816 35.145 
-0.823 35.17 
-0.739 28.819 
-0.856 42.24 
-0.855 41.449 
-0.879 47.063 
-0.716 27.342 
-0.736 28.081 
-0.851 40.662 
-0.853 40.972 
-0.807 31.752 
-0.866 45.99 
-0.88 47.348 
-0.881 47.573 
-0.861 45.606 
-0.878 46.748 
-0.71 27.298 
-0.802 31.08 
-0.802 31.08 
-0.806 31.482 
-0.866 45.99 
-0.868 46.131 
-0.85 40.539 
-0.836 39.982 
-0.829 35.666 
-0.742 29.396 
-0.813 34.804 
-0.826 35.441 
-0.803 31.249 
-0.861 45.606 
-0.848 40.441 
-0.855 41.449 
-0.854 41.093 
-0.83 36.001 
-0.825 35.245 
-0.808 32.046 
-0.877 46.612 
-0.859 45.405 
-0.828 35.653 
-0.806 31.482 
-0.803 31.249 
-0.815 35.042 
-0.814 34.845 
-0.857 42.302 
-0.831 36.163 
-0.83 36.001 
-0.823 35.17 
-0.789 30.485 
-0.86 45.537 
-0.832 36.292 
-0.831 36.163 
-0.854 41.093 
-0.827 35.555 
-0.815 35.042 
-0.877 46.612 
-0.827 35.555 
-0.825 35.245 
-0.86 45.537 
-0.856 42.24 
-0.724 27.395 
-0.814 34.845 
-0.808 32.046 
-0.816 35.145 
-0.833 37.994 
-0.736 28.081 
-0.739 28.819 
-0.802 31.08 
-0.866 45.99 
-0.868 46.131 
-0.742 29.396 
-0.813 34.804 
