-0.701 23.471 
-0.882 47.8 
-0.882 47.8 
-0.701 23.471 
-0.833 37.663 
-0.722 27.199 
-0.787 30.152 
-0.706 24.01 
-0.764 30.125 
-0.836 39.801 
-0.859 45.163 
-0.857 42.302 
-0.757 29.269 
-0.811 34.485 
-0.741 29.049 
-0.809 32.085 
-0.722 27.199 
-0.706 24.01 
-0.736 28.072 
-0.725 27.641 
-0.848 40.307 
-0.841 40.052 
-0.798 30.507 
-0.789 30.485 
-0.822 34.899 
-0.832 36.292 
-0.814 34.825 
-0.875 46.381 
-0.801 30.896 
-0.868 46.131 
-0.861 45.606 
-0.737 28.613 
-0.855 41.447 
-0.857 42.302 
-0.807 31.72 
-0.866 45.989 
-0.759 29.589 
-0.856 41.721 
-0.826 35.426 
-0.825 35.245 
-0.762 29.816 
-0.866 45.989 
-0.828 35.523 
-0.705 23.966 
-0.838 40.013 
-0.705 23.966 
-0.806 31.482 
-0.736 28.072 
-0.725 27.641 
-0.823 35.153 
-0.724 27.39 
-0.875 46.381 
-0.868 46.131 
-0.861 45.606 
-0.854 41.078 
-0.74 28.976 
-0.759 29.589 
-0.811 34.485 
-0.808 32.046 
-0.805 31.412 
-0.803 31.095 
-0.879 47.063 
-0.878 46.748 
-0.86 45.298 
-0.798 30.507 
-0.88 47.348 
-0.879 47.063 
-0.853 40.945 
-0.851 40.662 
-0.831 36.163 
-0.83 35.888 
-0.856 41.721 
-0.877 46.612 
-0.859 45.163 
-0.853 40.945 
-0.851 40.662 
-0.85 40.53 
-0.813 34.7 
-0.763 30.071 
-0.877 46.612 
-0.762 29.816 
-0.881 47.573 
-0.881 47.573 
-0.88 47.348 
-0.85 40.53 
-0.83 35.888 
-0.829 35.666 
-0.813 34.7 
-0.805 31.412 
-0.724 27.39 
-0.802 31.08 
-0.809 32.085 
-0.838 40.013 
-0.787 30.152 
-0.738 28.771 
-0.739 28.819 
-0.789 30.485 
-0.803 31.095 
-0.829 35.666 
-0.878 46.748 
