-0.705 29.296 
-0.882 52.823 
-0.861 45.844 
-0.881 47.785 
-0.868 46.456 
-0.669 28.296 
-0.669 28.296 
-0.838 40.676 
-0.803 31.633 
-0.818 35.703 
-0.727 29.459 
-0.838 40.676 
-0.833 37.994 
-0.868 46.456 
-0.669 28.296 
-0.864 46.293 
-0.872 47.22 
-0.838 40.676 
-0.868 46.456 
-0.868 46.456 
-0.868 46.456 
-0.838 40.676 
-0.763 30.637 
-0.838 40.676 
-0.861 45.844 
-0.857 45.738 
-0.838 40.676 
-0.845 41.074 
-0.834 40.547 
-0.838 40.676 
-0.845 41.074 
-0.665 25.075 
-0.843 40.729 
-0.857 45.738 
-0.808 32.151 
-0.819 35.944 
-0.845 41.074 
-0.868 46.456 
-0.818 35.703 
-0.838 40.676 
-0.763 30.637 
-0.831 36.343 
-0.838 40.676 
-0.73 29.536 
-0.803 31.633 
-0.779 31.307 
-0.838 40.676 
-0.803 31.633 
-0.826 36.021 
-0.854 41.885 
-0.861 45.844 
-0.869 46.745 
-0.815 35.253 
-0.669 28.296 
-0.838 40.676 
-0.838 40.676 
-0.838 40.676 
-0.833 37.994 
-0.832 37.974 
