-0.882 52.823 
-0.665 25.075 
-0.882 52.823 
-0.665 25.075 
-0.669 28.296 
-0.734 28.589 
-0.881 47.783 
-0.854 41.828 
-0.858 45.492 
-0.808 32.137 
-0.813 35.138 
-0.789 30.77 
-0.763 30.637 
-0.834 40.547 
-0.833 37.994 
-0.746 29.99 
-0.742 29.396 
-0.832 36.292 
-0.762 30.519 
-0.795 31.527 
-0.833 37.994 
-0.873 47.354 
-0.852 41.018 
-0.79 31.12 
-0.845 40.83 
-0.818 35.703 
-0.825 35.798 
-0.803 31.568 
-0.806 31.83 
-0.866 45.99 
-0.746 29.99 
-0.861 45.844 
-0.737 28.872 
-0.737 28.872 
-0.871 46.82 
-0.669 28.296 
-0.83 36.131 
-0.838 40.676 
-0.869 46.745 
-0.843 40.729 
-0.815 35.253 
-0.762 30.519 
-0.837 40.548 
-0.868 46.456 
-0.868 46.456 
-0.861 45.844 
-0.872 47.218 
-0.815 35.253 
-0.826 36.021 
-0.818 35.703 
-0.852 41.018 
-0.803 31.568 
-0.866 45.99 
-0.828 36.024 
-0.843 40.729 
-0.872 47.218 
-0.763 30.637 
-0.828 36.024 
-0.838 40.676 
-0.826 36.021 
-0.834 40.547 
-0.665 25.075 
-0.833 37.994 
-0.746 29.99 
-0.669 28.296 
-0.872 47.218 
-0.843 40.729 
-0.838 40.676 
-0.852 41.018 
-0.815 35.253 
-0.861 45.844 
-0.818 35.703 
-0.868 46.456 
-0.763 30.637 
-0.834 40.547 
-0.826 36.021 
-0.669 28.296 
-0.838 40.676 
-0.868 46.456 
-0.669 28.296 
-0.838 40.676 
-0.868 46.456 
-0.868 46.456 
-0.868 46.456 
-0.838 40.676 
-0.838 40.676 
-0.861 45.844 
-0.838 40.676 
-0.838 40.676 
-0.868 46.456 
-0.818 35.703 
-0.838 40.676 
-0.763 30.637 
-0.838 40.676 
-0.838 40.676 
-0.861 45.844 
-0.669 28.296 
-0.838 40.676 
-0.838 40.676 
-0.838 40.676 
