P=? [ F (x=9&y=9&crashed=0) ]	R{"cost"}=? [ C<=100 ]
-0.0	0.0
0.829	92.742
-0.0	0.0
0.829	92.742
0.591	18.685
0.591	18.685
0.821	83.462
0.812	77.372
0.805	68.449
0.821	83.462
0.812	77.372
0.623	22.075
0.796	63.321
0.789	57.14
0.788	56.971
0.781	52.332
0.804	68.147
0.797	63.656
0.704	30.973
0.652	22.16
0.701	27.888
0.623	22.075
0.74	39.93
0.771	50.54
0.766	47.569
0.736	37.121
0.667	23.527
0.722	33.369
0.671	25.867
0.755	45.282
0.751	43.006
0.664	23.067
0.751	43.006
0.75	41.373
0.766	47.569
0.725	35.128
0.765	46.226
0.696	27.209
0.654	22.414
0.743	40.369
0.686	27.176
0.78	52.068
0.773	50.926
0.764	45.896
0.797	63.656
0.796	63.321
0.805	68.449
0.804	68.147
0.72	32.975
0.711	31.022
0.781	52.332
0.78	52.068
0.734	36.667
0.734	36.667
0.773	50.926
0.789	57.14
0.788	56.971
0.718	32.736
0.758	45.814
0.729	35.871
0.736	37.121
0.748	40.917
0.654	22.414
0.715	32.045
0.715	32.045
0.666	23.409
0.729	35.871
0.684	26.976
0.771	50.54
0.755	45.282
0.679	26.734
0.748	40.917
0.698	27.439
0.714	31.53
0.718	32.736
0.726	35.244
0.678	26.617
0.674	26.16
0.678	26.617
0.757	45.577
0.674	26.16
0.742	40.267
0.671	25.867
0.713	31.297
0.725	35.128
0.672	25.879
0.765	46.226
0.749	41.244
0.685	27.152
0.7	27.708
0.713	31.297
0.704	30.973
0.7	27.708
0.684	26.976
0.679	26.734
0.714	31.53
0.727	35.477
0.756	45.511
0.728	35.645
0.772	50.71
