-0.746 25.338 
-0.881 55.896 
-0.881 55.896 
-0.746 25.338 
-0.88 55.796 
-0.873 47.126 
-0.864 42.493 
-0.777 29.547 
-0.802 30.597 
-0.747 25.595 
-0.822 30.622 
-0.766 28.97 
-0.766 28.97 
-0.868 46.423 
-0.85 40.459 
-0.847 36.689 
-0.793 29.902 
-0.831 35.072 
-0.829 31.568 
-0.747 25.595 
-0.873 47.126 
-0.771 28.998 
-0.8 30.281 
-0.795 30.138 
-0.773 29.365 
-0.868 46.423 
-0.827 31.056 
-0.856 41.231 
-0.856 41.231 
-0.838 35.833 
-0.847 36.689 
-0.842 35.93 
-0.872 46.858 
-0.869 46.687 
-0.863 42.231 
-0.825 30.851 
-0.859 41.827 
-0.793 29.902 
-0.86 41.879 
-0.859 41.827 
-0.829 31.568 
-0.85 40.459 
-0.831 35.072 
-0.854 40.886 
-0.853 40.675 
-0.773 29.365 
-0.8 30.281 
-0.795 30.138 
-0.863 42.231 
-0.86 41.879 
-0.854 40.886 
-0.846 36.384 
-0.828 31.292 
-0.851 40.493 
-0.771 28.998 
-0.802 30.597 
-0.832 35.312 
-0.828 31.292 
-0.845 36.352 
-0.844 36.143 
-0.824 30.838 
-0.823 30.641 
-0.853 40.675 
-0.851 40.493 
-0.872 46.858 
-0.869 46.687 
-0.844 36.143 
-0.843 35.989 
-0.836 35.626 
-0.835 35.489 
-0.837 35.729 
-0.837 35.729 
-0.836 35.626 
-0.842 35.93 
-0.838 35.833 
-0.834 35.415 
-0.833 35.319 
-0.835 35.489 
-0.834 35.415 
-0.843 35.989 
-0.846 36.384 
-0.845 36.352 
-0.822 30.622 
-0.823 30.641 
-0.824 30.838 
-0.833 35.319 
-0.832 35.312 
-0.746 25.338 
-0.766 28.97 
-0.747 25.595 
-0.873 47.126 
-0.868 46.423 
-0.856 41.231 
-0.847 36.689 
-0.793 29.902 
-0.859 41.827 
-0.829 31.568 
-0.85 40.459 
-0.831 35.072 
-0.773 29.365 
