-0.835 27.95 
-0.918 43.724 
-0.918 43.724 
-0.835 27.95 
-0.866 31.395 
-0.866 31.395 
-0.901 42.475 
-0.883 36.498 
-0.9 38.589 
-0.882 32.832 
-0.907 43.619 
-0.893 37.43 
-0.905 42.737 
-0.874 31.491 
-0.877 32.194 
-0.898 38.084 
-0.888 37.281 
-0.88 32.326 
-0.886 36.69 
-0.874 31.491 
-0.9 38.589 
-0.899 38.117 
-0.887 36.815 
-0.882 32.832 
-0.881 32.37 
-0.907 43.619 
-0.901 42.475 
-0.886 36.69 
-0.883 36.498 
-0.888 37.281 
-0.887 36.815 
-0.881 32.37 
-0.899 38.117 
-0.835 27.95 
-0.866 31.395 
-0.874 31.491 
-0.9 38.589 
-0.882 32.832 
-0.907 43.619 
-0.901 42.475 
-0.886 36.69 
-0.883 36.498 
-0.888 37.281 
-0.887 36.815 
-0.881 32.37 
-0.899 38.117 
-0.835 27.95 
-0.874 31.491 
-0.9 38.589 
-0.882 32.832 
-0.907 43.619 
-0.901 42.475 
-0.888 37.281 
-0.883 36.498 
-0.887 36.815 
-0.881 32.37 
-0.899 38.117 
-0.835 27.95 
-0.899 38.117 
-0.9 38.589 
-0.882 32.832 
-0.907 43.619 
-0.901 42.475 
-0.883 36.498 
-0.888 37.281 
-0.887 36.815 
-0.881 32.37 
-0.835 27.95 
-0.899 38.117 
-0.9 38.589 
-0.882 32.832 
-0.907 43.619 
-0.901 42.475 
-0.883 36.498 
-0.888 37.281 
-0.887 36.815 
-0.881 32.37 
-0.835 27.95 
-0.907 43.619 
-0.9 38.589 
-0.882 32.832 
-0.888 37.281 
-0.899 38.117 
-0.901 42.475 
-0.883 36.498 
-0.881 32.37 
-0.887 36.815 
-0.907 43.619 
-0.9 38.589 
-0.882 32.832 
-0.888 37.281 
-0.899 38.117 
-0.901 42.475 
-0.883 36.498 
-0.881 32.37 
-0.887 36.815 
-0.907 43.619 
-0.901 42.475 
-0.9 38.589 
-0.882 32.832 
