-0.918 43.724 
-0.918 43.724 
-0.789 27.125 
-0.825 27.201 
-0.891 33.412 
-0.915 43.356 
-0.909 39.22 
-0.835 27.947 
-0.896 37.307 
-0.837 30.721 
-0.844 31.08 
-0.863 31.153 
-0.901 38.242 
-0.88 31.77 
-0.825 27.201 
-0.874 31.485 
-0.866 31.394 
-0.883 32.367 
-0.899 37.407 
-0.906 38.662 
-0.835 27.947 
-0.844 31.08 
-0.909 39.22 
-0.874 31.485 
-0.915 43.356 
-0.883 32.367 
-0.896 37.307 
-0.906 38.662 
-0.901 38.242 
-0.88 31.77 
-0.889 32.795 
-0.837 30.721 
-0.887 32.71 
-0.908 39.057 
-0.89 33.166 
-0.866 31.394 
-0.887 32.71 
-0.863 31.153 
-0.908 39.057 
-0.917 43.438 
-0.89 33.166 
-0.899 37.407 
-0.897 37.353 
-0.897 37.353 
-0.888 32.755 
-0.917 43.438 
-0.916 43.396 
-0.916 43.396 
-0.888 32.755 
-0.825 27.201 
-0.918 43.724 
-0.89 33.166 
-0.844 31.08 
-0.874 31.485 
-0.896 37.307 
-0.915 43.356 
-0.835 27.947 
-0.883 32.367 
-0.88 31.77 
-0.906 38.662 
-0.901 38.242 
-0.837 30.721 
-0.866 31.394 
-0.908 39.057 
-0.899 37.407 
-0.888 32.755 
-0.897 37.353 
-0.917 43.438 
-0.916 43.396 
-0.825 27.201 
-0.918 43.724 
-0.844 31.08 
-0.901 38.242 
-0.896 37.307 
-0.915 43.356 
-0.835 27.947 
-0.908 39.057 
-0.883 32.367 
-0.88 31.77 
-0.837 30.721 
-0.866 31.394 
-0.899 37.407 
-0.897 37.353 
-0.917 43.438 
-0.916 43.396 
-0.825 27.201 
-0.918 43.724 
-0.908 39.057 
-0.915 43.356 
-0.844 31.08 
-0.901 38.242 
-0.896 37.307 
-0.835 27.947 
-0.88 31.77 
-0.837 30.721 
-0.866 31.394 
-0.899 37.407 
-0.917 43.438 
-0.897 37.353 
-0.918 43.724 
