P=? [ F (x=9&y=9&crashed=0) ]	R{"cost"}=? [ C<=100 ]
0.693	26.855
0.947	70.038
0.947	70.038
0.693	26.855
0.946	54.988
0.715	30.978
0.796	31.013
0.749	31.008
0.695	30.902
0.749	31.008
0.807	31.202
0.901	43.22
0.946	54.988
0.945	50.707
0.864	37.118
0.9	39.149
0.888	37.692
0.928	49.118
0.838	35.615
0.927	45.335
0.83	31.991
0.822	31.219
0.796	31.013
0.83	31.991
0.838	35.615
0.85	36.067
0.856	36.149
0.841	35.675
0.909	43.376
0.848	35.96
0.902	43.271
0.829	31.757
0.917	44.155
0.93	49.235
0.933	49.501
0.824	31.276
0.912	43.877
0.892	38.132
0.935	49.731
0.863	36.885
0.899	38.947
0.888	37.692
0.864	37.118
0.937	49.899
0.915	43.931
0.896	38.358
0.918	44.496
0.829	31.757
0.824	31.276
0.862	36.671
0.942	50.397
0.861	36.601
0.924	44.979
0.944	50.684
0.84	35.616
0.934	49.578
0.939	50.019
0.921	44.608
0.858	36.255
0.898	38.727
0.911	43.488
0.942	50.397
0.939	50.019
0.924	44.979
0.921	44.608
0.898	38.727
0.861	36.601
0.858	36.255
0.896	38.358
0.894	38.239
0.848	35.96
0.841	35.675
0.894	38.239
0.889	37.743
0.695	30.902
0.926	45.283
0.925	45.047
0.823	31.22
0.92	44.552
0.915	43.931
0.891	37.915
0.943	50.475
0.9	39.149
0.891	37.915
0.89	37.795
0.929	49.126
0.909	43.376
0.902	43.271
0.943	50.475
0.925	45.047
0.938	49.96
0.938	49.96
0.911	43.488
0.91	43.431
0.92	44.552
0.918	44.496
0.91	43.431
0.857	36.201
0.849	36.013
0.912	43.877
