-0.763 33.528 
-0.688 23.979 
-0.78 35.551 
-0.799 40.734 
-0.803 41.011 
-0.762 33.407 
-0.783 36.109 
-0.847 56.058 
-0.781 35.608 
-0.768 35.092 
-0.686 23.69 
-0.708 28.185 
-0.826 45.338 
-0.801 40.797 
-0.751 33.112 
-0.789 39.707 
-0.746 30.463 
-0.798 40.612 
-0.762 33.407 
-0.783 36.109 
-0.746 30.463 
-0.766 34.72 
-0.846 55.848 
-0.803 41.011 
-0.847 56.058 
-0.839 51.548 
-0.734 28.437 
-0.686 23.69 
-0.819 45.279 
-0.826 45.338 
-0.789 39.707 
-0.829 45.492 
-0.796 39.92 
-0.812 41.182 
-0.751 33.112 
-0.795 39.716 
-0.797 40.171 
-0.7 24.639 
-0.768 35.092 
-0.688 23.979 
-0.686 23.69 
-0.763 33.528 
-0.69 24.195 
-0.704 24.997 
-0.748 30.703 
-0.734 28.437 
-0.826 45.338 
-0.765 33.676 
-0.727 28.223 
-0.688 23.979 
-0.783 36.109 
-0.846 55.848 
-0.732 28.253 
-0.751 33.112 
-0.734 28.437 
-0.778 35.117 
-0.812 41.182 
-0.688 23.979 
-0.688 23.979 
-0.7 24.639 
-0.686 23.69 
-0.829 45.492 
-0.736 28.712 
-0.811 41.128 
-0.779 35.205 
-0.783 36.109 
-0.767 34.903 
-0.782 35.832 
-0.762 33.407 
-0.838 51.112 
-0.686 23.69 
-0.777 35.104 
-0.75 31.034 
