-0.882 42.712 
-0.766 25.848 
-0.766 25.848 
-0.882 42.712 
-0.819 26.76 
-0.874 41.804 
-0.789 26.528 
-0.863 35.807 
-0.873 37.442 
-0.857 32.096 
-0.835 30.379 
-0.786 26.248 
-0.819 26.76 
-0.835 30.379 
-0.836 30.521 
-0.851 30.553 
-0.857 32.096 
-0.863 35.807 
-0.88 42.031 
-0.869 35.993 
-0.853 31.364 
-0.786 26.248 
-0.852 30.691 
-0.881 42.173 
-0.873 37.442 
-0.872 36.908 
-0.871 36.665 
-0.87 36.133 
-0.856 31.572 
-0.789 26.528 
-0.855 31.434 
-0.872 36.908 
-0.871 36.665 
-0.88 42.031 
-0.874 41.804 
-0.869 35.993 
-0.881 42.173 
-0.87 36.133 
-0.852 30.691 
-0.856 31.572 
-0.855 31.434 
-0.853 31.364 
-0.851 30.553 
-0.836 30.521 
-0.882 42.712 
-0.766 25.848 
-0.819 26.76 
-0.835 30.379 
-0.857 32.096 
-0.863 35.807 
-0.786 26.248 
-0.873 37.442 
-0.789 26.528 
-0.872 36.908 
-0.871 36.665 
-0.88 42.031 
-0.874 41.804 
-0.869 35.993 
-0.881 42.173 
-0.87 36.133 
-0.852 30.691 
-0.856 31.572 
-0.855 31.434 
-0.853 31.364 
-0.851 30.553 
-0.836 30.521 
-0.882 42.712 
-0.819 26.76 
-0.835 30.379 
-0.857 32.096 
-0.863 35.807 
-0.786 26.248 
-0.873 37.442 
-0.789 26.528 
-0.872 36.908 
-0.871 36.665 
-0.88 42.031 
-0.874 41.804 
-0.869 35.993 
-0.881 42.173 
-0.87 36.133 
-0.852 30.691 
-0.856 31.572 
-0.855 31.434 
-0.853 31.364 
-0.851 30.553 
-0.836 30.521 
-0.882 42.712 
-0.819 26.76 
-0.835 30.379 
-0.857 32.096 
-0.863 35.807 
-0.873 37.442 
-0.789 26.528 
-0.872 36.908 
-0.871 36.665 
-0.88 42.031 
-0.874 41.804 
-0.786 26.248 
-0.881 42.173 
