-0.864 56.779 
-0.864 56.779 
-0.728 26.002 
-0.728 26.002 
-0.752 28.968 
-0.854 51.434 
-0.804 36.129 
-0.784 33.882 
-0.731 26.255 
-0.845 46.766 
-0.863 52.204 
-0.773 30.513 
-0.82 40.115 
-0.826 41.806 
-0.731 26.255 
-0.816 39.287 
-0.833 44.706 
-0.836 45.333 
-0.767 29.79 
-0.755 29.645 
-0.816 39.287 
-0.773 30.513 
-0.854 51.434 
-0.845 46.766 
-0.789 34.712 
-0.829 42.609 
-0.862 51.845 
-0.798 35.001 
-0.843 46.192 
-0.829 42.609 
-0.843 46.192 
-0.818 39.682 
-0.803 35.777 
-0.754 29.522 
-0.772 30.407 
-0.835 44.808 
-0.789 34.712 
-0.785 34.1 
-0.77 30.064 
-0.786 34.15 
-0.787 34.356 
-0.862 51.845 
-0.768 29.826 
-0.817 39.318 
-0.802 35.563 
-0.801 35.203 
-0.863 52.204 
-0.844 46.407 
-0.787 34.356 
-0.828 42.292 
-0.827 41.939 
-0.754 29.522 
-0.828 42.292 
-0.798 35.001 
-0.819 39.902 
-0.771 30.189 
-0.844 46.407 
-0.802 35.563 
-0.819 39.902 
-0.755 29.645 
-0.827 41.939 
-0.769 29.933 
-0.801 35.203 
-0.8 35.074 
-0.771 30.189 
-0.769 29.933 
-0.835 44.808 
-0.834 44.723 
-0.8 35.074 
-0.799 35.026 
-0.817 39.318 
-0.799 35.026 
-0.834 44.723 
-0.728 26.002 
-0.816 39.287 
-0.854 51.434 
-0.731 26.255 
-0.773 30.513 
-0.843 46.192 
-0.862 51.845 
-0.802 35.563 
-0.863 52.204 
-0.787 34.356 
-0.771 30.189 
-0.844 46.407 
-0.755 29.645 
-0.827 41.939 
-0.801 35.203 
-0.769 29.933 
-0.754 29.522 
-0.835 44.808 
-0.8 35.074 
-0.799 35.026 
-0.731 26.255 
-0.854 51.434 
-0.773 30.513 
-0.863 52.204 
-0.771 30.189 
-0.787 34.356 
-0.844 46.407 
