-0.765 31.311 
-0.846 50.653 
-0.745 30.495 
-0.765 31.311 
-0.846 50.653 
-0.765 31.311 
-0.765 31.311 
-0.765 31.311 
-0.785 35.283 
-0.723 29.995 
-0.758 30.982 
-0.846 50.653 
-0.846 50.653 
-0.765 31.311 
-0.765 31.311 
-0.781 35.272 
-0.765 31.311 
-0.745 30.495 
-0.814 40.23 
-0.745 30.495 
-0.846 50.653 
-0.779 34.746 
-0.842 45.328 
-0.794 35.394 
-0.846 50.653 
-0.765 31.311 
-0.765 31.311 
-0.765 31.311 
-0.758 30.982 
-0.689 29.689 
-0.724 30.491 
-0.827 41.385 
-0.786 35.369 
-0.765 31.311 
-0.723 29.995 
-0.803 35.922 
-0.745 30.495 
-0.723 29.995 
-0.785 35.283 
-0.765 31.311 
-0.765 31.311 
-0.765 31.311 
-0.765 31.311 
-0.723 29.995 
-0.723 29.995 
-0.765 31.311 
-0.723 29.995 
-0.724 30.491 
-0.765 31.311 
-0.765 31.311 
-0.826 41.325 
-0.723 29.995 
-0.745 30.495 
-0.758 30.982 
-0.846 50.653 
-0.765 31.311 
-0.765 31.311 
-0.765 31.311 
-0.765 31.311 
-0.765 31.311 
-0.808 39.662 
-0.846 50.653 
-0.846 50.653 
-0.844 45.691 
-0.758 30.982 
-0.765 31.311 
-0.765 31.311 
-0.745 30.495 
-0.846 50.653 
