-0.846 50.653 
-0.683 28.156 
-0.683 28.156 
-0.846 50.653 
-0.689 29.689 
-0.741 29.866 
-0.841 45.252 
-0.768 31.981 
-0.845 45.779 
-0.803 35.922 
-0.827 41.385 
-0.808 39.662 
-0.819 40.088 
-0.779 34.746 
-0.779 34.746 
-0.827 41.385 
-0.81 39.783 
-0.794 35.394 
-0.756 30.739 
-0.746 30.694 
-0.826 41.325 
-0.763 31.069 
-0.794 35.394 
-0.803 35.922 
-0.786 35.369 
-0.781 35.272 
-0.826 41.325 
-0.689 29.689 
-0.765 31.311 
-0.758 30.958 
-0.745 30.495 
-0.745 30.495 
-0.741 29.866 
-0.808 39.662 
-0.765 31.311 
-0.785 35.283 
-0.844 45.691 
-0.842 45.282 
-0.809 39.693 
-0.758 30.958 
-0.844 45.691 
-0.756 30.739 
-0.842 45.282 
-0.781 35.272 
-0.746 30.694 
-0.786 35.369 
-0.785 35.283 
-0.846 50.653 
-0.827 41.385 
-0.779 34.746 
-0.794 35.394 
-0.803 35.922 
-0.826 41.325 
-0.689 29.689 
-0.745 30.495 
-0.808 39.662 
-0.765 31.311 
-0.844 45.691 
-0.781 35.272 
-0.746 30.694 
-0.786 35.369 
-0.785 35.283 
-0.689 29.689 
-0.846 50.653 
-0.765 31.311 
-0.827 41.385 
-0.794 35.394 
-0.803 35.922 
-0.808 39.662 
-0.826 41.325 
-0.844 45.691 
-0.745 30.495 
-0.781 35.272 
-0.746 30.694 
-0.786 35.369 
-0.785 35.283 
-0.846 50.653 
-0.765 31.311 
-0.803 35.922 
-0.808 39.662 
-0.745 30.495 
-0.786 35.369 
-0.785 35.283 
-0.765 31.311 
-0.846 50.653 
-0.765 31.311 
-0.765 31.311 
-0.765 31.311 
-0.846 50.653 
-0.846 50.653 
-0.765 31.311 
-0.765 31.311 
-0.765 31.311 
-0.745 30.495 
-0.745 30.495 
-0.846 50.653 
-0.846 50.653 
-0.765 31.311 
-0.765 31.311 
-0.765 31.311 
