-0.788 64.437 
-0.666 27.487 
-0.772 48.963 
-0.774 54.738 
-0.667 28.752 
-0.666 27.487 
-0.772 48.963 
-0.758 48.653 
-0.749 42.648 
-0.713 33.132 
-0.667 28.752 
-0.697 32.22 
-0.666 27.487 
-0.736 40.024 
-0.749 42.648 
-0.781 60.274 
-0.667 28.752 
-0.78 59.253 
-0.714 33.267 
-0.735 38.542 
-0.772 48.963 
-0.728 37.153 
-0.772 48.963 
-0.781 60.274 
-0.712 32.762 
-0.771 48.883 
-0.757 44.919 
-0.693 31.896 
-0.736 40.024 
-0.756 44.048 
-0.734 38.433 
-0.757 44.919 
-0.69 28.838 
-0.75 42.906 
-0.773 54.657 
-0.705 32.325 
-0.743 42.392 
