-0.788 64.437 
-0.713 33.132 
-0.736 40.024 
-0.735 38.542 
-0.728 37.153 
-0.712 32.762 
-0.736 40.024 
-0.756 44.048 
-0.69 28.838 
-0.705 32.325 
-0.788 64.437 
-0.721 36.86 
-0.655 26.713 
-0.728 37.153 
-0.673 27.52 
-0.697 28.886 
-0.728 37.153 
-0.756 44.048 
-0.714 33.239 
-0.673 27.52 
-0.673 27.52 
-0.655 26.713 
-0.714 33.239 
-0.714 33.239 
-0.772 48.867 
-0.69 28.838 
-0.697 28.886 
-0.736 40.024 
-0.736 40.024 
-0.645 23.766 
-0.665 27.437 
-0.749 42.441 
-0.728 37.153 
-0.728 37.153 
-0.697 28.886 
-0.771 48.787 
-0.757 44.804 
-0.655 26.713 
-0.673 27.52 
-0.714 33.239 
-0.714 33.239 
-0.78 53.805 
-0.673 27.52 
-0.718 34.836 
-0.728 37.153 
-0.71 32.602 
-0.748 42.363 
-0.75 42.826 
-0.733 37.767 
-0.71 32.602 
-0.728 37.153 
-0.697 28.886 
-0.697 28.886 
-0.736 40.024 
-0.666 27.485 
-0.714 33.239 
-0.673 27.52 
-0.679 27.76 
-0.72 36.589 
-0.735 38.542 
-0.673 27.52 
-0.728 37.153 
-0.705 32.325 
-0.686 28.589 
-0.714 33.239 
-0.736 40.024 
-0.735 38.542 
-0.787 59.542 
-0.765 48.502 
-0.734 37.876 
-0.706 32.411 
-0.697 28.886 
-0.728 37.153 
-0.728 37.153 
-0.703 32.104 
-0.705 32.325 
-0.713 33.132 
-0.655 26.713 
-0.787 59.542 
-0.704 32.213 
-0.705 32.325 
-0.772 48.867 
