-0.919 68.981 
-0.694 24.76 
-0.694 24.76 
-0.919 68.981 
-0.739 26.846 
-0.717 24.921 
-0.757 29.265 
-0.91 63.536 
-0.733 25.469 
-0.918 68.885 
-0.91 63.536 
-0.909 58.477 
-0.906 57.954 
-0.902 52.906 
-0.898 51.946 
-0.893 47.803 
-0.773 29.769 
-0.841 35.773 
-0.888 46.774 
-0.884 43.096 
-0.791 29.871 
-0.866 41.635 
-0.763 29.304 
-0.823 34.837 
-0.819 32.307 
-0.879 41.739 
-0.828 35.469 
-0.852 38.323 
-0.771 29.562 
-0.861 40.517 
-0.852 38.323 
-0.795 30.57 
-0.804 31.075 
-0.861 40.517 
-0.918 68.885 
-0.846 36.025 
-0.793 30.069 
-0.898 51.946 
-0.864 41.09 
-0.807 31.169 
-0.809 31.37 
-0.884 43.096 
-0.812 31.389 
-0.826 35.405 
-0.804 31.075 
-0.893 47.803 
-0.819 32.307 
-0.851 37.555 
-0.851 37.555 
-0.85 36.843 
-0.795 30.57 
-0.825 34.902 
-0.888 46.774 
-0.902 52.906 
-0.823 34.837 
-0.906 57.954 
-0.892 47.703 
-0.891 47.11 
-0.882 42.544 
-0.881 41.971 
-0.849 36.571 
-0.828 35.469 
-0.901 52.811 
-0.9 52.368 
-0.88 41.822 
-0.89 47.006 
-0.815 31.697 
-0.909 58.477 
-0.908 58.071 
-0.818 32.103 
-0.883 42.705 
-0.814 31.559 
-0.818 32.103 
-0.816 31.769 
-0.899 52.273 
-0.863 40.937 
-0.862 40.61 
-0.866 41.635 
-0.791 29.871 
-0.85 36.843 
-0.816 31.769 
-0.848 36.476 
-0.847 36.217 
-0.847 36.217 
-0.814 31.559 
-0.883 42.705 
-0.882 42.544 
-0.863 40.937 
-0.881 41.971 
-0.889 46.881 
-0.889 46.881 
-0.879 41.739 
-0.891 47.11 
-0.892 47.703 
-0.908 58.071 
-0.907 57.975 
-0.9 52.368 
-0.848 36.476 
-0.899 52.273 
-0.901 52.811 
