-0.919 48.208 
-0.68 23.859 
-0.68 23.859 
-0.919 48.208 
-0.742 27.652 
-0.909 48.14 
-0.902 43.312 
-0.838 32.207 
-0.886 41.652 
-0.884 37.678 
-0.845 35.782 
-0.766 30.187 
-0.818 31.34 
-0.787 30.545 
-0.791 31.07 
-0.822 31.871 
-0.766 30.187 
-0.75 28.59 
-0.879 37.003 
-0.75 28.59 
-0.866 36.97 
-0.862 36.492 
-0.902 43.312 
-0.901 42.473 
-0.836 31.877 
-0.852 36.369 
-0.897 42.09 
-0.889 42.075 
-0.864 36.81 
-0.849 35.873 
-0.845 35.782 
-0.851 36.325 
-0.818 31.34 
-0.899 42.146 
-0.789 30.933 
-0.744 27.995 
-0.88 37.313 
-0.886 41.652 
-0.791 31.07 
-0.746 28.19 
-0.748 28.498 
-0.837 31.906 
-0.745 28.042 
-0.743 27.707 
-0.888 41.933 
-0.884 37.678 
-0.882 37.354 
-0.888 41.933 
-0.789 30.933 
-0.747 28.287 
-0.849 35.873 
-0.883 37.502 
-0.883 37.502 
-0.747 28.287 
-0.748 28.498 
-0.743 27.707 
-0.882 37.354 
-0.88 37.313 
-0.837 31.906 
-0.898 42.119 
-0.898 42.119 
-0.889 42.075 
-0.836 31.877 
-0.919 48.208 
-0.766 30.187 
-0.845 35.782 
-0.791 31.07 
-0.884 37.678 
-0.743 27.707 
-0.888 41.933 
-0.789 30.933 
-0.849 35.873 
-0.747 28.287 
-0.748 28.498 
-0.88 37.313 
-0.889 42.075 
-0.836 31.877 
-0.766 30.187 
-0.889 42.075 
-0.919 48.208 
-0.766 30.187 
-0.889 42.075 
-0.889 42.075 
-0.919 48.208 
-0.88 37.313 
-0.766 30.187 
-0.889 42.075 
-0.889 42.075 
-0.766 30.187 
-0.889 42.075 
-0.889 42.075 
-0.919 48.208 
-0.889 42.075 
-0.791 31.07 
-0.889 42.075 
-0.889 42.075 
-0.766 30.187 
-0.919 48.208 
-0.889 42.075 
-0.766 30.187 
