-0.666 26.848 
-0.853 63.216 
-0.853 63.216 
-0.666 26.848 
-0.672 30.613 
-0.714 30.687 
-0.742 32.047 
-0.742 32.047 
-0.829 47.616 
-0.845 58.593 
-0.844 53.03 
-0.778 35.805 
-0.836 52.75 
-0.811 46.117 
-0.717 31.03 
-0.845 58.593 
-0.807 41.78 
-0.671 27.188 
-0.778 35.805 
-0.794 40.364 
-0.784 37.063 
-0.794 40.364 
-0.827 46.764 
-0.784 37.063 
-0.836 52.75 
-0.717 31.03 
-0.82 46.719 
-0.799 41.428 
-0.806 41.696 
-0.78 36.17 
-0.818 46.334 
-0.812 46.272 
-0.807 41.78 
-0.795 40.741 
-0.798 41.276 
-0.796 40.75 
-0.782 36.695 
-0.798 41.276 
-0.782 36.695 
-0.671 27.188 
-0.779 35.886 
-0.844 53.03 
-0.806 41.696 
-0.799 41.428 
-0.827 46.764 
-0.819 46.491 
-0.783 36.842 
-0.796 40.75 
-0.819 46.491 
-0.783 36.842 
-0.779 35.886 
-0.672 30.613 
-0.818 46.334 
-0.812 46.272 
-0.82 46.719 
-0.853 63.216 
-0.666 26.848 
-0.742 32.047 
-0.845 58.593 
-0.778 35.805 
-0.794 40.364 
-0.784 37.063 
-0.836 52.75 
-0.717 31.03 
-0.807 41.78 
-0.798 41.276 
-0.782 36.695 
-0.671 27.188 
-0.844 53.03 
-0.806 41.696 
-0.799 41.428 
-0.827 46.764 
-0.796 40.75 
-0.819 46.491 
-0.783 36.842 
-0.779 35.886 
-0.672 30.613 
-0.818 46.334 
-0.82 46.719 
-0.853 63.216 
-0.666 26.848 
-0.742 32.047 
-0.845 58.593 
-0.778 35.805 
-0.794 40.364 
-0.784 37.063 
-0.836 52.75 
-0.717 31.03 
-0.807 41.78 
-0.798 41.276 
-0.782 36.695 
-0.671 27.188 
-0.844 53.03 
-0.806 41.696 
-0.799 41.428 
-0.827 46.764 
-0.796 40.75 
-0.819 46.491 
-0.783 36.842 
-0.779 35.886 
