-0.655 27.125 
-0.947 70.464 
-0.655 27.125 
-0.947 70.464 
-0.946 55.195 
-0.765 31.48 
-0.694 30.902 
-0.71 31.286 
-0.807 31.482 
-0.927 45.535 
-0.864 37.121 
-0.945 50.913 
-0.891 38.144 
-0.946 55.195 
-0.929 49.252 
-0.901 43.361 
-0.9 39.37 
-0.816 32.329 
-0.825 35.422 
-0.826 35.459 
-0.846 36.167 
-0.707 31.165 
-0.857 36.218 
-0.838 35.615 
-0.816 32.329 
-0.934 49.721 
-0.841 35.693 
-0.825 35.422 
-0.921 44.827 
-0.812 32.003 
-0.907 44.011 
-0.891 38.144 
-0.897 38.811 
-0.862 36.852 
-0.892 38.622 
-0.917 44.749 
-0.939 50.233 
-0.899 39.15 
-0.921 44.827 
-0.912 44.15 
-0.814 32.047 
-0.937 49.981 
-0.858 36.502 
-0.93 49.51 
-0.903 43.805 
-0.906 43.816 
-0.846 36.167 
-0.809 31.537 
-0.707 31.165 
-0.944 50.686 
-0.71 31.286 
-0.894 38.73 
-0.902 43.422 
-0.84 35.618 
-0.809 31.537 
-0.858 36.502 
-0.942 50.456 
-0.913 44.337 
-0.838 35.615 
-0.894 38.73 
-0.942 50.456 
-0.9 39.37 
-0.93 49.51 
-0.863 36.913 
-0.938 50.033 
-0.916 44.55 
-0.915 44.528 
-0.913 44.337 
-0.943 50.507 
-0.915 44.528 
-0.807 31.482 
-0.912 44.15 
-0.863 36.913 
-0.902 43.422 
-0.901 43.361 
-0.938 50.033 
-0.857 36.218 
-0.943 50.507 
-0.916 44.55 
-0.903 43.805 
-0.947 70.464 
-0.655 27.125 
-0.946 55.195 
-0.816 32.329 
-0.863 36.913 
-0.825 35.422 
-0.93 49.51 
-0.858 36.502 
-0.838 35.615 
-0.894 38.73 
-0.913 44.337 
-0.915 44.528 
-0.912 44.15 
-0.916 44.55 
-0.903 43.805 
-0.947 70.464 
-0.655 27.125 
-0.946 55.195 
-0.863 36.913 
-0.816 32.329 
