-0.947 70.464 
-0.693 26.857 
-0.947 70.464 
-0.694 30.902 
-0.796 31.013 
-0.946 55.193 
-0.808 31.272 
-0.945 50.912 
-0.9 39.367 
-0.889 37.853 
-0.864 37.121 
-0.946 55.193 
-0.901 43.361 
-0.928 49.14 
-0.927 45.491 
-0.838 35.615 
-0.83 31.993 
-0.824 31.279 
-0.796 31.013 
-0.91 43.771 
-0.83 31.993 
-0.902 43.411 
-0.838 35.615 
-0.856 36.168 
-0.841 35.692 
-0.848 35.982 
-0.829 31.76 
-0.85 36.068 
-0.891 38.142 
-0.889 37.853 
-0.864 37.121 
-0.824 31.279 
-0.912 44.086 
-0.861 36.601 
-0.894 38.347 
-0.858 36.449 
-0.915 44.282 
-0.931 49.565 
-0.911 43.824 
-0.829 31.76 
-0.89 38.09 
-0.943 50.475 
-0.937 49.903 
-0.924 44.979 
-0.927 45.491 
-0.925 45.066 
-0.942 50.397 
-0.916 44.501 
-0.895 38.585 
-0.921 44.619 
-0.939 50.019 
-0.919 44.521 
-0.942 50.397 
-0.939 50.019 
-0.935 49.862 
-0.917 44.52 
-0.924 44.979 
-0.921 44.619 
-0.902 43.411 
-0.897 38.775 
-0.93 49.237 
-0.848 35.982 
-0.841 35.692 
-0.925 45.066 
-0.862 36.852 
-0.84 35.616 
-0.857 36.215 
-0.944 50.684 
-0.933 49.61 
-0.899 39.15 
-0.944 50.684 
-0.863 36.913 
-0.894 38.347 
-0.934 49.662 
-0.915 44.282 
-0.899 39.15 
-0.912 44.086 
-0.898 38.954 
-0.897 38.775 
-0.895 38.585 
-0.898 38.954 
-0.861 36.601 
-0.858 36.449 
-0.694 30.902 
-0.85 36.068 
-0.938 49.974 
-0.863 36.913 
-0.862 36.852 
-0.92 44.562 
-0.929 49.193 
-0.934 49.662 
-0.901 43.361 
-0.857 36.215 
-0.933 49.61 
-0.931 49.565 
-0.938 49.974 
-0.93 49.237 
-0.849 36.026 
-0.929 49.193 
-0.849 36.026 
