-0.746 30.156 
-0.871 51.584 
-0.861 46.266 
-0.826 36.176 
-0.871 51.584 
-0.815 35.938 
-0.873 51.886 
-0.793 30.712 
-0.852 45.634 
-0.861 46.266 
-0.836 40.484 
-0.831 36.605 
-0.81 35.198 
-0.852 45.634 
-0.861 46.266 
-0.874 62.241 
-0.874 62.241 
-0.812 35.255 
-0.847 41.105 
-0.873 51.886 
-0.729 26.954 
-0.83 36.288 
-0.819 36.144 
-0.831 36.605 
-0.854 45.833 
-0.819 36.144 
-0.793 30.712 
-0.863 46.524 
-0.798 31.403 
-0.757 30.286 
-0.77 30.413 
-0.855 46.098 
-0.815 35.938 
-0.852 45.634 
-0.695 24.415 
-0.831 36.605 
-0.853 45.71 
-0.832 36.638 
-0.845 40.633 
-0.852 45.634 
-0.819 36.144 
-0.81 35.198 
-0.792 30.618 
-0.742 27.182 
-0.864 46.706 
-0.793 30.712 
-0.831 36.605 
-0.742 27.182 
-0.856 46.223 
-0.871 51.584 
-0.819 36.144 
-0.793 30.712 
-0.819 36.144 
-0.743 27.198 
-0.861 46.266 
-0.793 30.712 
-0.812 35.255 
-0.812 35.255 
-0.863 46.524 
-0.815 35.938 
-0.866 47.26 
-0.742 27.182 
-0.703 26.145 
-0.818 36.024 
-0.815 35.938 
-0.815 35.938 
