-0.701 25.178 
-0.882 52.797 
-0.882 52.797 
-0.731 28.597 
-0.881 52.662 
-0.864 46.966 
-0.848 46.449 
-0.847 42.398 
-0.798 34.62 
-0.823 37.051 
-0.791 31.19 
-0.758 29.434 
-0.826 40.214 
-0.737 29.268 
-0.762 30.079 
-0.779 30.147 
-0.881 52.662 
-0.864 46.966 
-0.811 35.839 
-0.837 41.179 
-0.827 40.341 
-0.863 46.834 
-0.849 46.579 
-0.838 41.309 
-0.819 36.313 
-0.791 31.19 
-0.781 30.402 
-0.807 35.457 
-0.844 41.974 
-0.798 34.62 
-0.786 30.44 
-0.803 34.716 
-0.844 41.974 
-0.846 42.266 
-0.822 36.987 
-0.761 29.833 
-0.82 36.639 
-0.819 36.313 
-0.826 40.214 
-0.759 29.685 
-0.82 36.639 
-0.789 30.847 
-0.737 29.268 
-0.734 29.12 
-0.733 28.833 
-0.788 30.724 
-0.789 30.847 
-0.788 30.724 
-0.735 29.232 
-0.804 34.978 
-0.863 46.834 
-0.849 46.579 
-0.806 35.333 
-0.805 35.101 
-0.779 30.147 
-0.733 28.833 
-0.732 28.641 
-0.786 30.44 
-0.758 29.434 
-0.759 29.685 
-0.847 42.398 
-0.806 35.333 
-0.805 35.101 
-0.804 34.978 
-0.734 29.12 
-0.803 34.716 
-0.732 28.641 
-0.735 29.232 
-0.881 52.662 
-0.864 46.966 
-0.791 31.19 
-0.798 34.62 
-0.779 30.147 
-0.844 41.974 
-0.82 36.639 
-0.737 29.268 
-0.789 30.847 
-0.788 30.724 
-0.863 46.834 
-0.759 29.685 
-0.806 35.333 
-0.758 29.434 
-0.805 35.101 
-0.734 29.12 
-0.803 34.716 
-0.732 28.641 
-0.735 29.232 
-0.881 52.662 
-0.864 46.966 
-0.791 31.19 
-0.798 34.62 
-0.779 30.147 
-0.844 41.974 
-0.737 29.268 
-0.788 30.724 
-0.863 46.834 
-0.806 35.333 
-0.735 29.232 
-0.863 46.834 
-0.863 46.834 
