-0.768 34.909 
-0.749 31.074 
-0.83 43.083 
-0.777 35.324 
-0.767 34.678 
-0.831 43.169 
-0.749 31.074 
-0.872 57.102 
-0.805 36.74 
-0.812 40.342 
-0.83 43.083 
-0.744 30.534 
-0.801 35.799 
-0.812 40.342 
-0.811 36.914 
-0.689 26.324 
-0.802 35.978 
-0.755 31.121 
-0.804 36.649 
-0.831 43.169 
-0.872 57.102 
-0.781 35.339 
-0.728 30.39 
-0.813 40.598 
-0.811 36.914 
-0.725 26.897 
-0.862 47.906 
-0.744 30.534 
-0.769 35.156 
-0.745 30.725 
-0.826 40.599 
-0.862 47.906 
-0.841 46.405 
-0.683 24.947 
-0.708 26.695 
-0.838 45.891 
-0.765 34.536 
-0.829 42.957 
-0.86 46.887 
-0.872 57.102 
-0.831 43.169 
