-0.939 58.852 
-0.719 25.498 
-0.719 25.498 
-0.937 53.614 
-0.762 26.916 
-0.731 26.313 
-0.938 58.516 
-0.936 48.982 
-0.934 48.393 
-0.928 44.192 
-0.887 36.814 
-0.919 42.768 
-0.918 39.251 
-0.884 33.389 
-0.874 31.867 
-0.901 37.466 
-0.854 31.829 
-0.797 28.218 
-0.809 30.895 
-0.827 30.949 
-0.802 29.685 
-0.828 31.032 
-0.844 31.236 
-0.91 37.8 
-0.784 27.303 
-0.891 37.402 
-0.772 27.287 
-0.728 25.806 
-0.925 43.132 
-0.785 27.566 
-0.916 38.667 
-0.92 42.77 
-0.913 38.116 
-0.808 30.527 
-0.89 36.998 
-0.794 27.718 
-0.928 44.192 
-0.877 32.182 
-0.853 31.675 
-0.85 31.365 
-0.792 27.65 
-0.934 48.393 
-0.915 38.301 
-0.806 30.142 
-0.767 27.23 
-0.845 31.317 
-0.804 30.13 
-0.73 26.258 
-0.918 39.251 
-0.926 43.662 
-0.766 27.158 
-0.936 48.982 
-0.935 48.491 
-0.887 36.814 
-0.771 27.267 
-0.881 32.958 
-0.879 32.463 
-0.884 33.389 
-0.729 25.875 
-0.85 31.365 
-0.874 31.867 
-0.938 58.516 
-0.883 33.284 
-0.881 32.958 
-0.88 32.638 
-0.927 43.933 
-0.926 43.662 
-0.927 43.933 
-0.883 33.284 
-0.766 27.158 
-0.844 31.236 
-0.88 32.638 
-0.878 32.356 
-0.804 30.13 
-0.878 32.356 
-0.935 48.491 
-0.792 27.65 
-0.729 25.875 
-0.793 27.651 
-0.809 30.895 
-0.845 31.317 
-0.854 31.829 
-0.771 27.267 
-0.793 27.651 
-0.928 44.192 
-0.934 48.393 
-0.918 39.251 
-0.936 48.982 
-0.884 33.389 
-0.881 32.958 
-0.88 32.638 
-0.878 32.356 
-0.926 43.662 
-0.883 33.284 
-0.766 27.158 
-0.844 31.236 
-0.85 31.365 
-0.854 31.829 
-0.935 48.491 
-0.792 27.65 
