-0.746 30.755 
-0.722 29.309 
-0.723 29.432 
-0.788 36.294 
-0.764 35.414 
-0.752 34.009 
-0.8 41.357 
-0.822 46.831 
-0.813 42.513 
-0.722 29.309 
-0.788 36.294 
-0.751 32.091 
-0.76 34.734 
-0.79 36.56 
-0.813 42.513 
-0.751 32.091 
-0.76 34.734 
-0.797 40.788 
-0.779 35.512 
-0.722 29.309 
-0.759 34.733 
-0.81 41.844 
-0.759 34.733 
-0.78 35.594 
-0.799 41.155 
-0.749 31.481 
-0.722 29.309 
-0.813 42.513 
-0.751 32.091 
-0.744 30.264 
-0.81 41.844 
-0.798 40.84 
-0.745 30.387 
-0.752 34.009 
-0.76 34.734 
-0.744 30.264 
-0.797 40.788 
-0.812 42.266 
-0.745 30.387 
-0.746 30.755 
-0.751 32.091 
-0.722 29.309 
-0.749 31.481 
-0.79 36.56 
-0.788 36.294 
-0.795 40.348 
-0.81 41.844 
-0.745 30.387 
-0.741 29.903 
-0.753 34.483 
-0.782 36.215 
-0.75 32.003 
-0.744 30.264 
-0.78 35.594 
-0.813 42.513 
-0.751 32.091 
-0.797 40.788 
-0.723 29.432 
-0.764 35.414 
-0.799 41.155 
-0.811 42.012 
-0.746 30.755 
-0.764 35.414 
-0.812 42.266 
-0.799 41.155 
-0.746 30.755 
-0.781 36.05 
-0.751 32.091 
-0.779 35.512 
-0.797 40.788 
