-0.81 26.073 
-0.916 42.902 
-0.81 26.073 
-0.899 41.934 
-0.881 33.498 
-0.838 26.272 
-0.898 37.795 
-0.865 31.452 
-0.854 27.487 
-0.874 32.018 
-0.884 36.448 
-0.912 42.341 
-0.854 27.487 
-0.838 26.272 
-0.865 31.452 
-0.85 27.086 
-0.894 37.121 
-0.869 31.809 
-0.888 36.992 
-0.85 27.086 
-0.869 31.809 
-0.895 37.387 
-0.913 42.501 
-0.884 36.448 
-0.898 37.795 
-0.895 37.387 
-0.912 42.341 
-0.899 41.934 
-0.913 42.501 
-0.851 27.091 
-0.851 27.091 
-0.886 36.824 
-0.885 36.589 
-0.885 36.589 
-0.887 36.853 
-0.888 36.992 
-0.887 36.853 
-0.886 36.824 
-0.81 26.073 
-0.854 27.487 
-0.865 31.452 
-0.85 27.086 
-0.869 31.809 
-0.913 42.501 
-0.884 36.448 
-0.895 37.387 
-0.899 41.934 
-0.851 27.091 
-0.885 36.589 
-0.888 36.992 
-0.887 36.853 
-0.886 36.824 
-0.81 26.073 
-0.854 27.487 
-0.865 31.452 
-0.85 27.086 
-0.913 42.501 
-0.884 36.448 
-0.899 41.934 
-0.895 37.387 
-0.851 27.091 
-0.885 36.589 
-0.888 36.992 
-0.886 36.824 
-0.81 26.073 
-0.854 27.487 
-0.865 31.452 
-0.884 36.448 
-0.85 27.086 
-0.913 42.501 
-0.899 41.934 
-0.895 37.387 
-0.888 36.992 
-0.886 36.824 
-0.885 36.589 
-0.81 26.073 
-0.865 31.452 
-0.884 36.448 
-0.85 27.086 
-0.899 41.934 
-0.913 42.501 
-0.895 37.387 
-0.888 36.992 
-0.886 36.824 
-0.885 36.589 
-0.884 36.448 
-0.899 41.934 
-0.85 27.086 
-0.913 42.501 
-0.895 37.387 
-0.865 31.452 
-0.888 36.992 
-0.886 36.824 
-0.885 36.589 
-0.885 36.589 
-0.895 37.387 
-0.85 27.086 
-0.913 42.501 
-0.888 36.992 
-0.886 36.824 
