-0.659 26.78 
-0.837 66.067 
-0.659 26.78 
-0.837 66.067 
-0.83 57.409 
-0.684 30.041 
-0.722 34.098 
-0.709 30.492 
-0.777 42.4 
-0.816 52.537 
-0.706 30.258 
-0.788 45.88 
-0.814 51.51 
-0.808 47.741 
-0.75 38.907 
-0.816 52.537 
-0.744 37.885 
-0.788 45.88 
-0.792 46.823 
-0.742 37.405 
-0.798 47.281 
-0.806 47.454 
-0.738 35.291 
-0.814 51.51 
-0.752 40.05 
-0.768 40.957 
-0.769 41.113 
-0.74 36.495 
-0.799 47.365 
-0.762 40.907 
-0.73 34.792 
-0.808 47.741 
-0.74 36.495 
-0.728 34.515 
-0.723 34.285 
-0.753 40.152 
-0.758 40.203 
-0.791 46.35 
-0.735 34.846 
-0.773 41.563 
-0.815 52.197 
-0.76 40.507 
-0.761 40.723 
-0.759 40.282 
-0.729 34.711 
-0.736 34.849 
-0.791 46.35 
-0.773 41.563 
-0.706 30.258 
-0.815 52.197 
-0.776 42.068 
-0.737 35.111 
-0.708 30.465 
-0.728 34.515 
-0.723 34.285 
-0.775 41.926 
-0.774 41.715 
-0.708 30.465 
-0.807 47.657 
-0.737 35.111 
-0.774 41.715 
-0.776 42.068 
-0.775 41.926 
-0.799 47.365 
-0.807 47.657 
-0.735 34.846 
-0.758 40.203 
-0.753 40.152 
-0.762 40.907 
-0.659 26.78 
-0.837 66.067 
-0.816 52.537 
-0.788 45.88 
-0.814 51.51 
-0.808 47.741 
-0.753 40.152 
-0.791 46.35 
-0.728 34.515 
-0.776 42.068 
-0.775 41.926 
-0.807 47.657 
-0.799 47.365 
-0.758 40.203 
-0.659 26.78 
-0.788 45.88 
-0.814 51.51 
-0.808 47.741 
-0.753 40.152 
-0.791 46.35 
-0.728 34.515 
-0.776 42.068 
-0.775 41.926 
-0.758 40.203 
-0.788 45.88 
-0.814 51.51 
-0.808 47.741 
-0.753 40.152 
-0.791 46.35 
-0.728 34.515 
-0.776 42.068 
