-0.659 26.78 
-0.837 66.067 
-0.659 26.78 
-0.837 66.067 
-0.83 57.409 
-0.684 29.956 
-0.71 30.706 
-0.83 57.409 
-0.783 42.207 
-0.684 29.956 
-0.816 52.537 
-0.706 30.258 
-0.813 51.417 
-0.808 47.741 
-0.816 52.537 
-0.722 34.098 
-0.787 45.474 
-0.722 34.098 
-0.744 37.885 
-0.806 47.409 
-0.752 39.362 
-0.753 40.152 
-0.742 36.517 
-0.792 46.823 
-0.75 38.903 
-0.762 40.893 
-0.739 36.111 
-0.776 42.068 
-0.735 34.766 
-0.799 47.365 
-0.729 34.711 
-0.815 51.787 
-0.75 38.903 
-0.744 37.885 
-0.758 40.199 
-0.768 40.94 
-0.798 47.281 
-0.772 41.211 
-0.728 34.515 
-0.723 34.285 
-0.813 51.417 
-0.808 47.741 
-0.738 35.214 
-0.787 45.474 
-0.708 30.464 
-0.76 40.506 
-0.74 36.495 
-0.769 41.033 
-0.706 30.258 
-0.791 46.35 
-0.709 30.491 
-0.798 47.281 
-0.792 46.823 
-0.789 45.938 
-0.788 45.66 
-0.814 51.51 
-0.773 41.482 
-0.737 35.107 
-0.736 34.849 
-0.807 47.657 
-0.742 36.517 
-0.79 46.176 
-0.789 45.938 
-0.774 41.715 
-0.773 41.482 
-0.728 34.515 
-0.723 34.285 
-0.759 40.279 
-0.761 40.723 
-0.775 41.925 
-0.774 41.715 
-0.788 45.66 
-0.769 41.033 
-0.791 46.35 
-0.79 46.176 
-0.761 40.723 
-0.775 41.925 
-0.776 42.068 
-0.738 35.214 
-0.737 35.107 
-0.814 51.51 
-0.807 47.657 
-0.736 34.849 
-0.759 40.279 
-0.729 34.711 
-0.768 40.94 
-0.753 40.152 
-0.799 47.365 
-0.74 36.495 
-0.837 66.067 
-0.659 26.78 
-0.83 57.409 
-0.684 29.956 
-0.816 52.537 
-0.722 34.098 
-0.744 37.885 
-0.813 51.417 
-0.808 47.741 
-0.787 45.474 
-0.798 47.281 
