-0.729 25.679 
-0.729 25.679 
-0.916 53.701 
-0.887 46.628 
-0.915 53.355 
-0.898 48.087 
-0.771 29.833 
-0.879 42.528 
-0.766 26.375 
-0.856 40.916 
-0.853 40.539 
-0.847 37.77 
-0.915 53.355 
-0.898 48.087 
-0.748 25.83 
-0.73 25.696 
-0.825 35.003 
-0.87 41.312 
-0.813 33.004 
-0.762 26.046 
-0.793 30.606 
-0.798 30.665 
-0.813 33.004 
-0.825 35.003 
-0.836 36.676 
-0.807 32.223 
-0.752 26.036 
-0.783 30.246 
-0.828 35.402 
-0.807 32.223 
-0.828 35.402 
-0.798 30.665 
-0.879 42.528 
-0.894 47.376 
-0.847 37.77 
-0.836 36.676 
-0.853 40.539 
-0.777 29.96 
-0.771 29.833 
-0.854 40.542 
-0.751 25.856 
-0.808 32.355 
-0.766 26.375 
-0.845 37.113 
-0.89 47.129 
-0.877 42.032 
-0.827 35.006 
-0.783 30.246 
-0.764 26.355 
-0.748 25.83 
-0.875 41.701 
-0.842 36.882 
-0.81 32.57 
-0.87 41.312 
-0.842 36.882 
-0.839 36.707 
-0.878 42.38 
-0.889 46.968 
-0.846 37.432 
-0.895 47.714 
-0.781 30.072 
-0.795 30.627 
-0.846 37.432 
-0.889 46.968 
-0.897 47.812 
-0.876 41.972 
-0.811 32.832 
-0.89 47.129 
-0.874 41.698 
-0.872 41.452 
-0.845 37.113 
-0.81 32.57 
-0.781 30.072 
-0.84 36.762 
-0.779 30.011 
-0.794 30.607 
-0.764 26.355 
-0.872 41.452 
-0.874 41.698 
-0.878 42.38 
-0.871 41.448 
-0.73 25.696 
-0.777 29.96 
-0.812 32.88 
-0.84 36.762 
-0.896 47.806 
-0.895 47.714 
-0.779 30.011 
-0.876 41.972 
-0.778 29.961 
-0.811 32.832 
-0.812 32.88 
-0.795 30.627 
-0.839 36.707 
-0.752 26.036 
-0.897 47.812 
-0.896 47.806 
-0.871 41.448 
-0.827 35.006 
-0.778 29.961 
