-0.797 61.628 
-0.62 22.464 
-0.797 61.628 
-0.653 22.597 
-0.789 56.618 
-0.667 26.072 
-0.781 52.25 
-0.796 61.505 
-0.773 50.516 
-0.781 52.25 
-0.725 35.165 
-0.715 32.225 
-0.766 47.763 
-0.751 41.833 
-0.752 43.857 
-0.699 30.966 
-0.694 28.485 
-0.772 50.232 
-0.766 47.763 
-0.715 32.225 
-0.725 35.165 
-0.743 40.308 
-0.741 39.962 
-0.737 38.008 
-0.733 36.988 
-0.748 40.924 
-0.764 45.887 
-0.765 45.955 
-0.756 45.538 
-0.752 43.857 
-0.686 27.407 
-0.694 28.485 
-0.679 27.276 
-0.796 61.505 
-0.757 45.654 
-0.772 50.232 
-0.692 27.588 
-0.7 31.073 
-0.706 31.252 
-0.685 27.335 
-0.729 36.051 
-0.737 38.008 
-0.706 31.252 
-0.674 26.352 
-0.672 26.206 
-0.699 30.966 
-0.729 36.051 
-0.728 35.541 
-0.711 31.346 
-0.677 27.164 
-0.756 45.538 
-0.741 39.962 
-0.693 27.817 
-0.674 26.352 
-0.677 27.164 
-0.75 41.358 
-0.736 37.535 
-0.714 31.82 
-0.726 35.286 
-0.672 26.206 
-0.714 31.82 
-0.713 31.529 
-0.75 41.358 
-0.749 41.085 
-0.736 37.535 
-0.735 37.267 
-0.742 40.047 
-0.757 45.654 
-0.693 27.817 
-0.727 35.343 
-0.735 37.267 
-0.734 37.078 
-0.692 27.588 
-0.7 31.073 
-0.749 41.085 
-0.713 31.529 
-0.712 31.38 
-0.711 31.346 
-0.734 37.078 
-0.742 40.047 
-0.678 27.204 
-0.765 45.955 
-0.685 27.335 
-0.727 35.343 
-0.678 27.204 
-0.712 31.38 
-0.797 61.628 
-0.781 52.25 
-0.766 47.763 
-0.715 32.225 
-0.752 43.857 
-0.694 28.485 
-0.796 61.505 
-0.772 50.232 
-0.737 38.008 
-0.706 31.252 
-0.699 30.966 
-0.729 36.051 
-0.756 45.538 
-0.741 39.962 
