-0.698 25.252 
-0.838 57.569 
-0.698 25.252 
-0.838 57.569 
-0.759 32.263 
-0.819 47.167 
-0.829 52.14 
-0.806 45.171 
-0.83 55.42 
-0.702 25.687 
-0.72 26.606 
-0.731 29.897 
-0.747 30.275 
-0.792 39.909 
-0.82 50.419 
-0.775 35.051 
-0.804 41.78 
-0.791 36.732 
-0.721 26.68 
-0.775 35.051 
-0.812 45.655 
-0.822 51.125 
-0.725 28.771 
-0.813 46.458 
-0.75 30.591 
-0.837 56.353 
-0.836 56.186 
-0.822 51.125 
-0.779 35.277 
-0.783 35.388 
-0.802 41.201 
-0.829 52.14 
-0.799 41.146 
-0.753 31.518 
-0.72 26.606 
-0.702 25.687 
-0.725 28.771 
-0.756 31.835 
-0.836 56.186 
-0.83 55.42 
-0.806 45.171 
-0.813 46.458 
-0.82 50.419 
-0.788 36.092 
-0.794 40.271 
-0.747 30.275 
-0.793 40.08 
-0.786 35.747 
-0.753 31.518 
-0.73 29.424 
-0.778 35.114 
-0.726 28.965 
-0.727 28.984 
-0.803 41.61 
-0.804 41.78 
-0.731 29.897 
-0.757 31.982 
-0.796 40.535 
-0.749 30.484 
-0.789 36.424 
-0.798 40.943 
-0.797 40.627 
-0.777 35.061 
-0.757 31.982 
-0.754 31.562 
-0.754 31.562 
-0.795 40.505 
-0.787 35.968 
-0.749 30.484 
-0.798 40.943 
-0.701 25.547 
-0.7 25.348 
-0.728 29.176 
-0.73 29.424 
-0.729 29.245 
-0.79 36.594 
-0.803 41.61 
-0.789 36.424 
-0.701 25.547 
-0.791 36.732 
-0.79 36.594 
-0.784 35.525 
-0.785 35.615 
-0.787 35.968 
-0.797 40.627 
-0.784 35.525 
-0.785 35.615 
-0.7 25.348 
-0.699 25.271 
-0.729 29.245 
-0.728 29.176 
-0.795 40.505 
-0.699 25.271 
-0.777 35.061 
-0.698 25.252 
-0.838 57.569 
-0.822 51.125 
-0.72 26.606 
-0.83 55.42 
-0.806 45.171 
