P=? [ F (x=9&y=9&crashed=0) ]	R{"cost"}=? [ C<=100 ]
0.924	53.263
0.7	24.302
0.924	53.263
0.731	25.431
0.862	41.027
0.923	52.988
0.915	48.358
0.903	47.012
0.896	42.715
0.713	25.097
0.858	37.503
0.835	36.176
0.749	28.201
0.798	32.501
0.785	29.797
0.731	25.431
0.761	28.769
0.749	28.201
0.778	28.949
0.809	33.818
0.849	36.344
0.785	29.797
0.798	32.501
0.823	36.057
0.82	35.583
0.705	24.861
0.809	33.818
0.799	32.581
0.799	32.581
0.923	52.988
0.819	34.447
0.883	41.651
0.915	48.358
0.903	47.012
0.896	42.715
0.89	41.793
0.752	28.528
0.875	41.561
0.905	47.519
0.759	28.625
0.883	41.651
0.911	47.839
0.815	33.939
0.869	41.548
0.875	41.561
0.867	41.221
0.858	37.503
0.705	24.861
0.701	24.479
0.854	36.935
0.701	24.479
0.853	36.698
0.893	42.163
0.913	48.032
0.892	42.114
0.818	34.403
0.782	29.492
0.911	47.839
0.905	47.519
0.779	29.09
0.855	37.016
0.75	28.374
0.783	29.517
0.76	28.752
0.851	36.526
0.904	47.25
0.857	37.24
0.904	47.25
0.895	42.482
0.752	28.528
0.781	29.326
0.78	29.132
0.867	41.221
0.914	48.218
0.868	41.404
0.894	42.345
0.778	28.949
0.821	35.763
0.853	36.698
0.851	36.526
0.822	35.932
0.821	35.763
0.849	36.344
0.891	41.96
0.781	29.326
0.912	48.004
0.817	34.247
0.817	34.247
0.816	34.091
0.75	28.374
0.891	41.96
0.816	34.091
0.784	29.652
0.868	41.404
0.85	36.384
0.89	41.793
0.914	48.218
0.895	42.482
0.894	42.345
0.784	29.652
