-0.643 24.16 
-0.806 49.459 
-0.643 24.16 
-0.806 49.459 
-0.712 27.466 
-0.736 29.19 
-0.801 48.397 
-0.797 43.528 
-0.781 39.197 
-0.748 32.58 
-0.762 36.616 
-0.784 42.278 
-0.729 28.365 
-0.717 28.027 
-0.759 33.985 
-0.748 32.58 
-0.778 38.806 
-0.714 27.889 
-0.764 36.798 
-0.774 37.745 
-0.789 42.955 
-0.794 43.167 
-0.774 37.745 
-0.788 42.584 
-0.758 33.833 
-0.757 33.109 
-0.778 38.806 
-0.805 48.762 
-0.75 32.805 
-0.734 28.746 
-0.768 36.902 
-0.797 43.528 
-0.773 37.46 
-0.786 42.515 
-0.801 48.397 
-0.732 28.554 
-0.754 32.882 
-0.759 33.985 
-0.785 42.348 
-0.771 37.252 
-0.784 42.278 
-0.794 43.167 
-0.756 33.059 
-0.732 28.554 
-0.755 32.908 
-0.77 37.108 
-0.78 39.041 
-0.804 48.639 
-0.796 43.406 
-0.735 28.927 
-0.796 43.406 
-0.78 39.041 
-0.75 32.805 
-0.789 42.955 
-0.802 48.448 
-0.769 37.094 
-0.804 48.639 
-0.802 48.448 
-0.735 28.927 
-0.758 33.833 
-0.805 48.762 
-0.772 37.342 
-0.768 36.902 
-0.772 37.342 
-0.754 32.882 
-0.757 33.109 
-0.769 37.094 
-0.806 49.459 
-0.643 24.16 
-0.748 32.58 
-0.774 37.745 
-0.801 48.397 
-0.759 33.985 
-0.794 43.167 
-0.768 36.902 
-0.796 43.406 
-0.78 39.041 
-0.75 32.805 
-0.789 42.955 
-0.732 28.554 
-0.804 48.639 
-0.802 48.448 
-0.758 33.833 
-0.735 28.927 
-0.805 48.762 
-0.757 33.109 
-0.769 37.094 
-0.643 24.16 
-0.748 32.58 
-0.801 48.397 
-0.759 33.985 
-0.794 43.167 
-0.768 36.902 
-0.796 43.406 
-0.78 39.041 
-0.789 42.955 
-0.732 28.554 
-0.804 48.639 
-0.802 48.448 
-0.758 33.833 
