-0.891 61.293 
-0.701 24.195 
-0.891 61.293 
-0.701 24.195 
-0.89 51.656 
-0.705 24.523 
-0.747 25.828 
-0.782 26.282 
-0.748 26.019 
-0.799 27.279 
-0.86 35.657 
-0.89 51.656 
-0.886 46.721 
-0.825 30.11 
-0.873 41.24 
-0.872 36.91 
-0.855 31.531 
-0.833 30.162 
-0.885 46.259 
-0.881 41.783 
-0.825 30.11 
-0.799 27.279 
-0.848 30.329 
-0.791 26.786 
-0.705 24.523 
-0.791 26.786 
-0.782 26.282 
-0.855 31.531 
-0.867 35.782 
-0.747 25.828 
-0.852 30.702 
-0.87 36.14 
-0.886 46.721 
-0.885 46.259 
-0.86 35.657 
-0.872 36.91 
-0.852 30.702 
-0.881 41.783 
-0.87 36.14 
-0.877 41.412 
-0.876 41.26 
-0.867 35.782 
-0.88 41.716 
-0.849 30.387 
-0.849 30.387 
-0.88 41.716 
-0.877 41.412 
-0.748 26.019 
-0.848 30.329 
-0.876 41.26 
-0.873 41.24 
-0.891 61.293 
-0.825 30.11 
-0.89 51.656 
-0.799 27.279 
-0.705 24.523 
-0.791 26.786 
-0.782 26.282 
-0.855 31.531 
-0.747 25.828 
-0.886 46.721 
-0.885 46.259 
-0.86 35.657 
-0.872 36.91 
-0.852 30.702 
-0.881 41.783 
-0.867 35.782 
-0.849 30.387 
-0.88 41.716 
-0.877 41.412 
-0.748 26.019 
-0.848 30.329 
-0.876 41.26 
-0.873 41.24 
-0.891 61.293 
-0.825 30.11 
-0.89 51.656 
-0.799 27.279 
-0.705 24.523 
-0.791 26.786 
-0.782 26.282 
-0.855 31.531 
-0.747 25.828 
-0.886 46.721 
-0.885 46.259 
-0.86 35.657 
-0.872 36.91 
-0.852 30.702 
-0.849 30.387 
-0.88 41.716 
-0.877 41.412 
-0.748 26.019 
-0.848 30.329 
-0.876 41.26 
-0.873 41.24 
-0.891 61.293 
-0.825 30.11 
-0.89 51.656 
-0.799 27.279 
-0.705 24.523 
