-0.928 59.77 
-0.732 26.041 
-0.732 26.041 
-0.839 33.325 
-0.927 54.49 
-0.918 49.259 
-0.923 53.631 
-0.883 38.619 
-0.901 44.475 
-0.792 30.4 
-0.781 26.589 
-0.885 41.962 
-0.79 27.333 
-0.748 26.173 
-0.903 47.137 
-0.761 26.552 
-0.858 36.259 
-0.858 36.259 
-0.751 26.537 
-0.868 37.337 
-0.824 31.071 
-0.877 37.581 
-0.812 30.983 
-0.836 32.866 
-0.892 42.184 
-0.908 48.066 
-0.761 26.552 
-0.9 43.266 
-0.912 48.584 
-0.829 31.759 
-0.886 41.99 
-0.788 27.254 
-0.809 30.905 
-0.831 32.721 
-0.781 26.589 
-0.802 30.853 
-0.828 31.425 
-0.882 38.025 
-0.795 30.625 
-0.859 36.442 
-0.862 36.662 
-0.83 32.639 
-0.825 31.217 
-0.798 30.825 
-0.788 27.254 
-0.923 53.631 
-0.879 37.646 
-0.894 42.521 
-0.88 37.986 
-0.907 47.571 
-0.916 49.048 
-0.802 30.853 
-0.897 42.734 
-0.797 30.672 
-0.925 53.722 
-0.904 47.455 
-0.863 36.836 
-0.865 37.067 
-0.812 30.983 
-0.809 30.905 
-0.927 54.49 
-0.926 54.094 
-0.926 54.094 
-0.914 48.665 
-0.865 37.067 
-0.898 42.981 
-0.895 42.577 
-0.915 48.813 
-0.906 47.545 
-0.917 49.221 
-0.915 48.813 
-0.896 42.589 
-0.899 43.121 
-0.899 43.121 
-0.898 42.981 
-0.864 36.969 
-0.864 36.969 
-0.925 53.722 
-0.906 47.545 
-0.904 47.455 
-0.83 32.639 
-0.914 48.665 
-0.917 49.221 
-0.896 42.589 
-0.761 26.552 
-0.812 30.983 
-0.809 30.905 
-0.927 54.49 
-0.926 54.094 
-0.915 48.813 
-0.898 42.981 
-0.864 36.969 
-0.925 53.722 
-0.904 47.455 
-0.896 42.589 
-0.809 30.905 
-0.809 30.905 
-0.904 47.455 
-0.904 47.455 
-0.904 47.455 
