-0.928 59.77 
-0.732 26.041 
-0.928 59.77 
-0.732 26.041 
-0.927 54.332 
-0.918 49.24 
-0.923 53.631 
-0.901 44.475 
-0.791 27.293 
-0.843 35.582 
-0.885 41.946 
-0.883 38.619 
-0.769 26.213 
-0.75 26.061 
-0.903 47.118 
-0.792 30.279 
-0.751 26.064 
-0.84 33.198 
-0.809 30.494 
-0.795 30.487 
-0.812 30.878 
-0.846 36.029 
-0.823 30.935 
-0.865 37.067 
-0.875 37.09 
-0.856 36.052 
-0.781 26.589 
-0.772 26.579 
-0.9 43.266 
-0.787 26.912 
-0.892 42.184 
-0.908 48.009 
-0.886 41.99 
-0.831 31.847 
-0.781 26.589 
-0.832 32.448 
-0.925 53.702 
-0.883 38.619 
-0.882 38.018 
-0.83 31.718 
-0.878 37.45 
-0.88 37.829 
-0.923 53.631 
-0.912 48.584 
-0.876 37.17 
-0.833 32.535 
-0.84 33.198 
-0.907 47.571 
-0.894 42.506 
-0.912 48.584 
-0.915 48.791 
-0.908 48.009 
-0.896 42.58 
-0.897 42.732 
-0.825 31.217 
-0.793 30.4 
-0.914 48.644 
-0.827 31.291 
-0.859 36.397 
-0.77 26.261 
-0.862 36.658 
-0.837 32.859 
-0.811 30.677 
-0.787 26.912 
-0.893 42.328 
-0.771 26.557 
-0.863 36.793 
-0.916 49.048 
-0.899 43.114 
-0.824 31.071 
-0.864 36.969 
-0.835 32.807 
-0.789 27.176 
-0.837 32.859 
-0.926 54.094 
-0.857 36.252 
-0.861 36.452 
-0.906 47.536 
-0.904 47.168 
-0.917 49.096 
-0.81 30.546 
-0.845 35.893 
-0.845 35.893 
-0.828 31.421 
-0.828 31.421 
-0.789 27.176 
-0.898 42.974 
-0.927 54.332 
-0.926 54.094 
-0.879 37.595 
-0.835 32.807 
-0.904 47.168 
-0.885 41.946 
-0.906 47.536 
-0.892 42.184 
-0.886 41.99 
-0.882 38.018 
-0.795 30.487 
-0.9 43.266 
-0.751 26.064 
