-0.8 30.905 
-0.947 65.585 
-0.947 65.585 
-0.8 30.905 
-0.945 55.894 
-0.942 50.359 
-0.831 31.847 
-0.913 43.725 
-0.88 37.902 
-0.833 35.366 
-0.918 49.179 
-0.856 37.508 
-0.946 61.002 
-0.946 61.002 
-0.9 39.476 
-0.916 44.288 
-0.917 48.141 
-0.846 36.054 
-0.832 32.039 
-0.9 39.476 
-0.897 38.687 
-0.886 38.009 
-0.849 36.55 
-0.886 38.009 
-0.942 50.359 
-0.853 36.567 
-0.918 49.179 
-0.846 36.054 
-0.917 48.141 
-0.897 38.687 
-0.914 43.915 
-0.915 44.103 
-0.898 39.037 
-0.855 37.316 
-0.854 36.81 
-0.898 39.037 
-0.854 36.81 
-0.832 32.039 
-0.855 37.316 
-0.8 30.905 
-0.8 30.905 
-0.8 30.905 
-0.9 39.476 
-0.854 36.81 
-0.854 36.81 
-0.855 37.316 
-0.918 49.179 
-0.854 36.81 
-0.918 49.179 
-0.942 50.359 
-0.897 38.687 
-0.854 36.81 
-0.942 50.359 
-0.854 36.81 
-0.918 49.179 
-0.854 36.81 
-0.854 36.81 
-0.854 36.81 
-0.947 65.585 
-0.947 65.585 
-0.854 36.81 
-0.846 36.054 
-0.854 36.81 
-0.846 36.054 
-0.854 36.81 
-0.942 50.359 
-0.918 49.179 
-0.854 36.81 
-0.942 50.359 
-0.854 36.81 
-0.942 50.359 
-0.854 36.81 
-0.854 36.81 
-0.942 50.359 
-0.854 36.81 
-0.947 65.585 
-0.854 36.81 
-0.854 36.81 
-0.942 50.359 
-0.854 36.81 
-0.854 36.81 
-0.854 36.81 
-0.854 36.81 
-0.854 36.81 
-0.854 36.81 
-0.897 38.687 
-0.8 30.905 
-0.854 36.81 
-0.918 49.179 
-0.942 50.359 
-0.9 39.476 
-0.854 36.81 
-0.918 49.179 
-0.918 49.179 
-0.918 49.179 
-0.8 30.905 
-0.854 36.81 
-0.942 50.359 
-0.8 30.905 
-0.854 36.81 
