-0.698 25.553 
-0.855 57.258 
-0.855 57.258 
-0.735 29.612 
-0.842 45.683 
-0.845 51.314 
-0.771 33.845 
-0.844 51.066 
-0.764 30.742 
-0.712 25.898 
-0.836 45.007 
-0.753 29.733 
-0.725 26.447 
-0.827 41.684 
-0.7 25.722 
-0.804 37.219 
-0.807 40.303 
-0.819 40.398 
-0.826 41.005 
-0.778 33.927 
-0.806 39.585 
-0.725 26.447 
-0.722 25.937 
-0.827 41.684 
-0.836 45.007 
-0.845 51.314 
-0.784 34.031 
-0.786 34.727 
-0.789 35.965 
-0.796 36.17 
-0.754 29.856 
-0.819 40.398 
-0.76 29.869 
-0.761 29.872 
-0.787 35.669 
-0.806 39.585 
-0.801 36.781 
-0.763 30.642 
-0.797 36.333 
-0.803 37.029 
-0.802 36.946 
-0.844 51.066 
-0.801 36.781 
-0.797 36.333 
-0.722 25.937 
-0.785 34.294 
-0.789 35.965 
-0.763 30.642 
-0.787 35.669 
-0.785 34.294 
-0.796 36.17 
-0.807 40.303 
-0.801 36.781 
-0.801 36.781 
-0.844 51.066 
-0.844 51.066 
-0.827 41.684 
-0.807 40.303 
-0.725 26.447 
-0.807 40.303 
-0.787 35.669 
-0.807 40.303 
-0.827 41.684 
-0.787 35.669 
-0.796 36.17 
-0.787 35.669 
-0.787 35.669 
-0.787 35.669 
-0.807 40.303 
-0.807 40.303 
-0.787 35.669 
-0.787 35.669 
-0.801 36.781 
-0.855 57.258 
-0.827 41.684 
-0.801 36.781 
-0.827 41.684 
-0.827 41.684 
-0.725 26.447 
-0.787 35.669 
-0.844 51.066 
-0.836 45.007 
-0.787 35.669 
-0.845 51.314 
-0.801 36.781 
-0.827 41.684 
-0.844 51.066 
-0.797 36.333 
-0.845 51.314 
-0.801 36.781 
-0.855 57.258 
-0.787 35.669 
-0.855 57.258 
-0.787 35.669 
-0.836 45.007 
-0.787 35.669 
-0.845 51.314 
-0.827 41.684 
-0.836 45.007 
-0.796 36.17 
