-0.855 57.258 
-0.698 25.495 
-0.855 57.258 
-0.735 29.554 
-0.778 33.787 
-0.852 52.24 
-0.725 26.305 
-0.842 45.683 
-0.722 25.673 
-0.844 50.835 
-0.836 45.007 
-0.827 41.476 
-0.753 29.723 
-0.765 30.629 
-0.804 37.163 
-0.814 40.218 
-0.847 52.182 
-0.765 30.629 
-0.806 39.585 
-0.789 35.965 
-0.836 45.007 
-0.827 41.476 
-0.807 40.101 
-0.761 29.867 
-0.787 34.594 
-0.82 40.363 
-0.763 30.538 
-0.845 50.836 
-0.8 36.6 
-0.826 41.005 
-0.782 33.943 
-0.754 29.728 
-0.795 35.981 
-0.821 40.494 
-0.842 45.683 
-0.802 36.748 
-0.806 39.585 
-0.826 41.005 
-0.821 40.494 
-0.797 36.268 
-0.787 34.594 
-0.796 36.165 
-0.785 34.294 
-0.784 34.031 
-0.761 29.867 
-0.797 36.268 
-0.785 34.294 
-0.803 37.028 
-0.789 35.965 
-0.845 50.836 
-0.753 29.723 
-0.754 29.728 
-0.803 37.028 
-0.784 34.031 
-0.795 35.981 
-0.855 57.258 
-0.836 45.007 
-0.842 45.683 
-0.806 39.585 
-0.761 29.867 
-0.797 36.268 
-0.787 34.594 
-0.785 34.294 
-0.753 29.723 
-0.795 35.981 
-0.855 57.258 
-0.836 45.007 
-0.806 39.585 
-0.855 57.258 
-0.836 45.007 
-0.806 39.585 
-0.855 57.258 
-0.836 45.007 
-0.855 57.258 
-0.855 57.258 
-0.836 45.007 
-0.836 45.007 
-0.806 39.585 
-0.836 45.007 
-0.761 29.867 
-0.836 45.007 
-0.806 39.585 
-0.855 57.258 
-0.806 39.585 
-0.855 57.258 
-0.753 29.723 
-0.855 57.258 
-0.855 57.258 
-0.855 57.258 
-0.795 35.981 
-0.836 45.007 
-0.836 45.007 
-0.754 29.728 
-0.842 45.683 
-0.806 39.585 
-0.761 29.867 
-0.836 45.007 
-0.855 57.258 
-0.842 45.683 
-0.845 50.836 
