-0.698 25.495 
-0.863 57.074 
-0.698 25.495 
-0.863 57.074 
-0.852 52.052 
-0.845 50.836 
-0.829 41.435 
-0.766 32.784 
-0.844 46.143 
-0.806 39.585 
-0.736 29.603 
-0.721 25.528 
-0.735 29.551 
-0.759 29.719 
-0.836 45.007 
-0.819 40.052 
-0.782 33.608 
-0.852 52.052 
-0.729 26.445 
-0.805 37.23 
-0.765 30.613 
-0.84 45.372 
-0.836 45.007 
-0.845 50.836 
-0.729 26.445 
-0.791 35.487 
-0.825 40.693 
-0.791 35.487 
-0.782 33.608 
-0.766 32.784 
-0.788 34.962 
-0.798 36.452 
-0.821 40.494 
-0.795 35.981 
-0.787 34.594 
-0.788 34.962 
-0.795 35.981 
-0.762 30.321 
-0.761 29.831 
-0.806 39.585 
-0.787 34.594 
-0.785 34.152 
-0.728 26.278 
-0.844 46.143 
-0.843 45.788 
-0.722 25.655 
-0.785 34.152 
-0.827 41.14 
-0.763 30.345 
-0.724 25.823 
-0.803 37.028 
-0.802 36.708 
-0.726 26.106 
-0.826 41.005 
-0.82 40.363 
-0.842 45.683 
-0.76 29.744 
-0.783 33.905 
-0.842 45.683 
-0.827 41.14 
-0.726 26.106 
-0.724 25.823 
-0.797 36.265 
-0.796 36.006 
-0.8 36.592 
-0.825 40.693 
-0.821 40.494 
-0.797 36.265 
-0.805 37.23 
-0.804 37.054 
-0.784 33.99 
-0.765 30.613 
-0.764 30.456 
-0.8 36.592 
-0.826 41.005 
-0.723 25.691 
-0.82 40.363 
-0.727 26.229 
-0.759 29.719 
-0.764 30.456 
-0.843 45.788 
-0.802 36.708 
-0.801 36.619 
-0.761 29.831 
-0.784 33.99 
-0.783 33.905 
-0.727 26.229 
-0.723 25.691 
-0.801 36.619 
-0.804 37.054 
-0.803 37.028 
-0.796 36.006 
-0.762 30.321 
-0.863 57.074 
-0.698 25.495 
-0.852 52.052 
-0.836 45.007 
-0.729 26.445 
-0.791 35.487 
-0.766 32.784 
