-0.839 46.498 
-0.793 36.579 
-0.842 51.96 
-0.845 56.182 
-0.71 25.982 
-0.771 33.979 
-0.839 46.498 
-0.788 36.235 
-0.842 51.96 
-0.842 51.96 
-0.793 36.579 
-0.777 34.171 
-0.842 51.96 
-0.787 35.72 
-0.804 37.23 
-0.762 32.637 
-0.794 36.581 
-0.807 40.419 
-0.836 45.931 
-0.811 40.63 
-0.793 36.579 
-0.793 36.579 
-0.761 30.02 
-0.764 32.762 
-0.804 37.23 
-0.793 36.579 
-0.804 37.23 
-0.699 25.753 
-0.845 56.182 
-0.819 40.673 
-0.807 40.419 
-0.794 36.581 
-0.806 39.798 
-0.7 25.775 
-0.843 52.293 
-0.788 36.235 
-0.793 36.579 
-0.842 51.96 
-0.793 36.579 
-0.794 36.581 
-0.725 26.448 
-0.794 36.581 
-0.807 40.419 
-0.827 41.684 
-0.79 36.522 
-0.787 35.72 
-0.825 41.287 
