-0.887 45.537 
-0.703 23.609 
-0.887 45.537 
-0.703 23.609 
-0.786 30.024 
-0.872 40.75 
-0.817 30.201 
-0.734 24.522 
-0.786 30.024 
-0.759 28.627 
-0.749 27.621 
-0.86 39.521 
-0.855 36.664 
-0.836 34.488 
-0.829 31.708 
-0.734 24.522 
-0.72 23.728 
-0.872 40.75 
-0.749 27.621 
-0.759 28.627 
-0.731 24.226 
-0.721 23.753 
-0.829 31.708 
-0.836 34.488 
-0.731 24.226 
-0.87 40.446 
-0.862 39.825 
-0.864 40.302 
-0.85 35.939 
-0.838 34.764 
-0.855 36.664 
-0.86 39.521 
-0.824 30.933 
-0.846 35.519 
-0.821 30.738 
-0.721 23.753 
-0.842 34.829 
-0.85 35.939 
-0.846 35.519 
-0.851 36.234 
-0.853 36.242 
-0.863 40.211 
-0.755 28.256 
-0.752 28.001 
-0.844 35.239 
-0.843 34.918 
-0.825 31.252 
-0.854 36.537 
-0.757 28.525 
-0.837 34.508 
-0.755 28.256 
-0.752 28.001 
-0.818 30.443 
-0.82 30.496 
-0.751 27.918 
-0.75 27.7 
-0.824 30.933 
-0.821 30.738 
-0.871 40.558 
-0.861 39.634 
-0.845 35.328 
-0.817 30.201 
-0.756 28.358 
-0.828 31.586 
-0.827 31.436 
-0.87 40.446 
-0.864 40.302 
-0.854 36.537 
-0.827 31.436 
-0.826 31.314 
-0.828 31.586 
-0.72 23.728 
-0.861 39.634 
-0.871 40.558 
-0.756 28.358 
-0.757 28.525 
-0.863 40.211 
-0.845 35.328 
-0.844 35.239 
-0.843 34.918 
-0.751 27.918 
-0.75 27.7 
-0.842 34.829 
-0.838 34.764 
-0.826 31.314 
-0.825 31.252 
-0.819 30.481 
-0.818 30.443 
-0.837 34.508 
-0.82 30.496 
-0.819 30.481 
-0.853 36.242 
-0.851 36.234 
-0.887 45.537 
-0.703 23.609 
-0.786 30.024 
-0.734 24.522 
-0.872 40.75 
-0.749 27.621 
-0.759 28.627 
