P=? [ F (x=9&y=9&crashed=0) ]	R{"cost"}=? [ C<=100 ]
0.899	47.671
0.779	26.258
0.899	47.671
0.795	30.315
0.864	36.422
0.82	30.79
0.892	46.512
0.816	30.529
0.891	42.919
0.856	32.877
0.885	41.571
0.838	31.245
0.793	27.238
0.883	38.683
0.872	36.662
0.856	32.877
0.788	26.943
0.847	31.676
0.784	26.576
0.784	26.576
0.842	31.589
0.883	38.683
0.851	32.221
0.85	31.984
0.78	26.306
0.889	42.505
0.838	31.245
0.847	31.676
0.854	32.629
0.882	38.26
0.854	32.629
0.851	32.221
0.795	30.315
0.896	47.242
0.895	46.877
0.894	46.705
0.873	36.827
0.875	36.964
0.818	30.74
0.888	42.367
0.887	42.029
0.85	31.984
0.886	41.86
0.78	26.306
0.891	42.919
0.89	42.657
0.897	47.498
0.896	47.242
0.879	37.74
0.878	37.492
0.872	36.662
0.841	31.534
0.839	31.299
0.841	31.534
0.839	31.299
0.79	26.977
0.793	27.238
0.882	38.26
0.881	38.044
0.878	37.492
0.877	37.276
0.816	30.529
0.894	46.705
0.892	46.512
0.895	46.877
0.887	42.029
0.886	41.86
0.876	37.129
0.817	30.577
0.855	32.715
0.792	27.187
0.791	27.031
0.881	38.044
0.88	37.888
0.89	42.657
0.88	37.888
0.879	37.74
0.877	37.276
0.876	37.129
0.898	47.532
0.888	42.367
0.875	36.964
0.873	36.827
0.842	31.589
0.855	32.715
0.791	27.031
0.792	27.187
0.818	30.74
0.817	30.577
0.79	26.977
0.898	47.532
0.897	47.498
0.899	47.671
0.856	32.877
0.784	26.576
0.838	31.245
0.847	31.676
0.854	32.629
0.795	30.315
0.85	31.984
