-0.881 64.877 
-0.721 31.384 
-0.881 64.877 
-0.721 31.384 
-0.879 64.559 
-0.873 54.908 
-0.765 36.266 
-0.798 38.769 
-0.835 47.081 
-0.803 41.841 
-0.86 53.383 
-0.771 37.476 
-0.747 32.965 
-0.73 32.88 
-0.855 50.276 
-0.786 37.614 
-0.828 45.103 
-0.828 45.103 
-0.871 54.546 
-0.753 33.99 
-0.753 33.99 
-0.863 53.873 
-0.846 49.412 
-0.839 47.869 
-0.726 32.02 
-0.823 43.531 
-0.853 49.985 
-0.81 42.268 
-0.811 42.545 
-0.843 48.944 
-0.729 32.815 
-0.839 47.869 
-0.879 64.559 
-0.818 42.698 
-0.803 41.841 
-0.788 37.951 
-0.794 38.022 
-0.855 50.276 
-0.873 54.908 
-0.843 48.944 
-0.726 32.02 
-0.846 49.412 
-0.823 43.531 
-0.863 53.873 
-0.768 37.386 
-0.853 49.985 
-0.767 36.983 
-0.749 33.229 
-0.822 43.473 
-0.819 42.788 
-0.795 38.104 
-0.767 36.983 
-0.819 42.788 
-0.751 33.731 
-0.795 38.104 
-0.822 43.473 
-0.749 33.229 
-0.81 42.268 
-0.861 53.453 
-0.751 33.731 
-0.872 54.846 
-0.747 32.965 
-0.861 53.453 
-0.752 33.935 
-0.787 37.787 
-0.787 37.787 
-0.818 42.698 
-0.811 42.545 
-0.786 37.614 
-0.768 37.386 
-0.73 32.88 
-0.794 38.022 
-0.788 37.951 
-0.872 54.846 
-0.752 33.935 
-0.881 64.877 
-0.828 45.103 
-0.753 33.99 
-0.803 41.841 
-0.839 47.869 
-0.855 50.276 
-0.873 54.908 
-0.843 48.944 
-0.726 32.02 
-0.846 49.412 
-0.823 43.531 
-0.853 49.985 
-0.767 36.983 
-0.819 42.788 
-0.822 43.473 
-0.749 33.229 
-0.81 42.268 
-0.751 33.731 
-0.747 32.965 
-0.787 37.787 
-0.818 42.698 
-0.811 42.545 
-0.786 37.614 
-0.768 37.386 
-0.73 32.88 
