-0.701 25.025 
-0.889 52.489 
-0.701 25.025 
-0.889 52.489 
-0.736 25.265 
-0.884 51.756 
-0.752 28.83 
-0.881 48.215 
-0.849 40.955 
-0.846 37.775 
-0.74 25.74 
-0.815 34.869 
-0.814 31.903 
-0.866 45.724 
-0.864 43.421 
-0.777 29.614 
-0.762 29.467 
-0.791 30.218 
-0.805 30.573 
-0.791 30.218 
-0.752 28.83 
-0.779 30.042 
-0.74 25.74 
-0.759 29.081 
-0.863 42.471 
-0.837 36.325 
-0.829 36.252 
-0.85 41.116 
-0.871 46.659 
-0.864 43.421 
-0.856 41.225 
-0.816 35.06 
-0.886 51.897 
-0.844 37.242 
-0.821 35.072 
-0.846 37.775 
-0.84 36.532 
-0.736 25.265 
-0.874 47.161 
-0.861 41.968 
-0.881 48.215 
-0.849 40.955 
-0.739 25.581 
-0.859 41.674 
-0.857 41.331 
-0.828 36.089 
-0.807 30.823 
-0.812 31.692 
-0.827 35.988 
-0.825 35.598 
-0.888 52.271 
-0.837 36.325 
-0.813 31.703 
-0.887 52.253 
-0.805 30.573 
-0.822 35.171 
-0.842 36.989 
-0.862 42.139 
-0.845 37.448 
-0.739 25.581 
-0.825 35.598 
-0.874 47.161 
-0.878 47.739 
-0.877 47.445 
-0.87 46.472 
-0.869 46.208 
-0.841 36.79 
-0.842 36.989 
-0.827 35.988 
-0.811 31.446 
-0.778 29.852 
-0.868 46.079 
-0.867 45.843 
-0.809 31.18 
-0.808 30.949 
-0.88 48.041 
-0.879 47.825 
-0.84 36.532 
-0.845 37.448 
-0.814 31.903 
-0.841 36.79 
-0.81 31.377 
-0.809 31.18 
-0.815 34.869 
-0.778 29.852 
-0.87 46.472 
-0.876 47.343 
-0.875 47.167 
-0.779 30.042 
-0.88 48.041 
-0.858 41.503 
-0.86 41.797 
-0.862 42.139 
-0.858 41.503 
-0.76 29.245 
-0.824 35.434 
-0.824 35.434 
-0.823 35.272 
-0.761 29.397 
-0.76 29.245 
