-0.91 53.322 
-0.918 58.128 
-0.848 32.088 
-0.886 36.861 
-0.907 47.194 
-0.714 27.172 
-0.896 42.918 
-0.909 52.217 
-0.848 32.088 
-0.848 32.088 
-0.761 27.656 
-0.886 36.861 
-0.909 52.217 
-0.907 47.194 
-0.848 32.088 
-0.9 47.122 
-0.909 52.217 
-0.886 36.861 
-0.85 32.398 
-0.848 32.088 
-0.896 42.918 
-0.889 41.939 
-0.731 27.201 
-0.89 42.882 
-0.87 36.315 
-0.909 52.217 
-0.848 32.088 
-0.909 52.217 
-0.848 32.088 
-0.907 47.194 
-0.842 31.736 
-0.909 52.217 
-0.797 31.484 
-0.909 52.217 
-0.918 58.128 
-0.874 36.498 
-0.907 47.194 
-0.848 32.088 
-0.909 52.217 
