-0.891 57.059 
-0.707 23.584 
-0.891 57.059 
-0.726 27.235 
-0.89 52.324 
-0.882 51.915 
-0.767 29.793 
-0.881 47.703 
-0.744 29.646 
-0.856 41.674 
-0.787 30.193 
-0.86 45.381 
-0.767 29.793 
-0.84 40.117 
-0.851 40.914 
-0.832 37.131 
-0.823 35.044 
-0.809 32.194 
-0.823 35.044 
-0.842 40.339 
-0.809 32.194 
-0.832 37.131 
-0.879 47.473 
-0.787 30.193 
-0.796 30.52 
-0.744 29.646 
-0.735 29.405 
-0.84 40.117 
-0.871 47.368 
-0.734 29.261 
-0.73 27.913 
-0.805 31.668 
-0.827 36.194 
-0.808 31.999 
-0.869 47.206 
-0.862 45.948 
-0.826 35.445 
-0.831 36.405 
-0.73 27.913 
-0.866 46.791 
-0.824 35.333 
-0.856 41.674 
-0.854 41.455 
-0.8 31.202 
-0.734 29.261 
-0.803 31.245 
-0.86 45.381 
-0.865 46.168 
-0.804 31.333 
-0.854 41.455 
-0.798 30.862 
-0.798 30.862 
-0.796 30.52 
-0.861 45.492 
-0.882 51.915 
-0.729 27.546 
-0.867 46.85 
-0.83 36.383 
-0.829 36.255 
-0.728 27.538 
-0.871 47.368 
-0.735 29.405 
-0.867 46.85 
-0.881 47.703 
-0.8 31.202 
-0.864 46.133 
-0.728 27.538 
-0.864 46.133 
-0.826 35.445 
-0.861 45.492 
-0.829 36.255 
-0.865 46.168 
-0.729 27.546 
-0.891 57.059 
-0.767 29.793 
-0.823 35.044 
-0.809 32.194 
-0.832 37.131 
-0.787 30.193 
-0.84 40.117 
-0.854 41.455 
-0.867 46.85 
-0.882 51.915 
-0.8 31.202 
-0.735 29.405 
-0.865 46.168 
-0.728 27.538 
-0.829 36.255 
-0.729 27.546 
-0.891 57.059 
-0.767 29.793 
-0.84 40.117 
-0.787 30.193 
-0.882 51.915 
-0.8 31.202 
-0.735 29.405 
-0.865 46.168 
-0.729 27.546 
-0.865 46.168 
-0.865 46.168 
