-0.706 23.514 
-0.891 52.461 
-0.706 23.514 
-0.891 52.461 
-0.812 34.85 
-0.857 41.806 
-0.886 51.672 
-0.882 47.833 
-0.835 39.787 
-0.86 45.379 
-0.71 24.025 
-0.787 30.193 
-0.767 29.793 
-0.726 27.234 
-0.832 36.612 
-0.809 32.029 
-0.71 24.025 
-0.756 29.548 
-0.756 29.548 
-0.799 30.509 
-0.74 28.393 
-0.726 27.234 
-0.787 30.193 
-0.767 29.793 
-0.823 35.044 
-0.849 40.691 
-0.876 46.947 
-0.74 28.393 
-0.867 46.803 
-0.8 30.781 
-0.881 47.643 
-0.843 40.47 
-0.84 40.117 
-0.879 47.173 
-0.861 45.475 
-0.882 47.833 
-0.832 36.612 
-0.835 39.787 
-0.737 28.002 
-0.886 51.672 
-0.888 51.842 
-0.866 46.791 
-0.865 46.168 
-0.831 36.279 
-0.734 27.867 
-0.806 31.611 
-0.734 27.867 
-0.828 35.789 
-0.803 31.141 
-0.73 27.592 
-0.812 34.85 
-0.809 32.029 
-0.828 35.789 
-0.84 40.117 
-0.738 28.33 
-0.89 52.324 
-0.803 31.141 
-0.853 41.16 
-0.805 31.309 
-0.876 46.947 
-0.707 23.572 
-0.863 45.842 
-0.86 45.379 
-0.852 41.138 
-0.824 35.234 
-0.851 40.91 
-0.879 47.173 
-0.707 23.572 
-0.825 35.272 
-0.863 45.842 
-0.83 36.151 
-0.826 35.445 
-0.826 35.445 
-0.888 51.842 
-0.854 41.455 
-0.89 52.324 
-0.842 40.339 
-0.83 36.151 
-0.73 27.592 
-0.864 46.111 
-0.728 27.538 
-0.727 27.29 
-0.842 40.339 
-0.843 40.47 
-0.851 40.91 
-0.729 27.546 
-0.823 35.044 
-0.808 31.837 
-0.805 31.309 
-0.867 46.803 
-0.807 31.755 
-0.855 41.592 
-0.854 41.455 
-0.737 28.002 
-0.856 41.674 
-0.808 31.837 
-0.856 41.674 
-0.855 41.592 
-0.807 31.755 
-0.738 28.33 
