-0.628 23.175 
-0.872 62.513 
-0.628 23.175 
-0.672 23.458 
-0.824 39.916 
-0.63 23.278 
-0.676 26.577 
-0.86 47.542 
-0.866 52.022 
-0.87 52.945 
-0.871 57.426 
-0.748 29.032 
-0.836 41.804 
-0.718 27.607 
-0.871 57.426 
-0.759 33.463 
-0.813 36.055 
-0.838 45.887 
-0.758 29.874 
-0.764 33.5 
-0.693 26.94 
-0.799 34.653 
-0.828 41.535 
-0.78 34.257 
-0.84 46.026 
-0.718 27.607 
-0.805 34.731 
-0.788 34.643 
-0.85 46.422 
-0.852 47.144 
-0.702 27.511 
-0.813 36.055 
-0.748 29.032 
-0.712 27.605 
-0.78 34.257 
-0.809 36.049 
-0.699 27.107 
-0.86 47.542 
-0.869 52.287 
-0.693 26.94 
-0.807 35.488 
-0.712 27.605 
-0.676 26.577 
-0.807 35.488 
-0.831 41.593 
-0.785 34.259 
-0.756 29.709 
-0.755 29.642 
-0.831 41.593 
-0.851 46.931 
-0.751 29.333 
-0.85 46.422 
-0.836 41.804 
-0.7 27.288 
-0.786 34.292 
-0.755 29.642 
-0.751 29.333 
-0.838 45.887 
-0.75 29.318 
-0.629 23.192 
-0.867 52.067 
-0.851 46.931 
-0.867 52.067 
-0.786 34.292 
-0.701 27.317 
-0.63 23.278 
-0.75 29.318 
-0.788 34.643 
-0.701 27.317 
-0.785 34.259 
-0.628 23.175 
-0.871 57.426 
-0.748 29.032 
-0.867 52.067 
-0.693 26.94 
-0.838 45.887 
-0.751 29.333 
-0.788 34.643 
-0.628 23.175 
-0.871 57.426 
-0.871 57.426 
-0.628 23.175 
-0.871 57.426 
-0.871 57.426 
-0.871 57.426 
-0.871 57.426 
-0.867 52.067 
-0.871 57.426 
-0.871 57.426 
-0.838 45.887 
-0.693 26.94 
-0.838 45.887 
-0.693 26.94 
-0.628 23.175 
-0.748 29.032 
-0.838 45.887 
-0.871 57.426 
-0.871 57.426 
-0.718 27.607 
-0.838 45.887 
