-0.872 62.513 
-0.872 62.513 
-0.628 23.174 
-0.672 23.458 
-0.634 23.457 
-0.721 27.902 
-0.676 26.575 
-0.866 51.872 
-0.87 52.945 
-0.871 57.426 
-0.844 42.494 
-0.847 46.016 
-0.871 57.426 
-0.748 29.032 
-0.86 47.542 
-0.759 33.463 
-0.813 36.055 
-0.824 39.916 
-0.758 29.874 
-0.693 26.94 
-0.833 41.47 
-0.85 46.421 
-0.764 33.5 
-0.78 34.257 
-0.829 40.871 
-0.813 36.055 
-0.824 39.916 
-0.788 34.643 
-0.858 46.908 
-0.841 41.651 
-0.702 27.511 
-0.798 34.645 
-0.805 34.731 
-0.712 27.605 
-0.78 34.257 
-0.764 33.5 
-0.81 35.582 
-0.748 29.032 
-0.699 27.106 
-0.693 26.94 
-0.842 41.859 
-0.807 35.488 
-0.63 23.277 
-0.826 40.124 
-0.712 27.605 
-0.718 27.607 
-0.86 47.542 
-0.676 26.575 
-0.869 52.287 
-0.799 34.653 
-0.859 47.497 
-0.785 34.259 
-0.719 27.682 
-0.755 29.642 
-0.826 40.124 
-0.751 29.333 
-0.858 46.908 
-0.7 27.18 
-0.867 52.067 
-0.786 34.292 
-0.755 29.642 
-0.751 29.333 
-0.75 29.318 
-0.807 35.488 
-0.805 34.731 
-0.756 29.709 
-0.869 52.287 
-0.867 52.067 
-0.786 34.292 
-0.701 27.317 
-0.75 29.318 
-0.758 29.874 
-0.756 29.709 
-0.788 34.643 
-0.701 27.317 
-0.702 27.511 
-0.629 23.192 
-0.799 34.653 
-0.759 33.463 
-0.629 23.192 
-0.785 34.259 
-0.718 27.607 
-0.871 57.426 
-0.824 39.916 
-0.813 36.055 
-0.748 29.032 
-0.86 47.542 
-0.78 34.257 
-0.693 26.94 
-0.712 27.605 
-0.807 35.488 
-0.755 29.642 
-0.751 29.333 
-0.805 34.731 
-0.867 52.067 
-0.786 34.292 
-0.75 29.318 
-0.788 34.643 
-0.758 29.874 
-0.785 34.259 
