-0.872 62.513 
-0.628 23.174 
-0.872 62.513 
-0.672 23.456 
-0.63 23.277 
-0.847 46.016 
-0.866 51.871 
-0.871 57.426 
-0.815 39.686 
-0.871 57.426 
-0.87 52.945 
-0.679 25.778 
-0.748 29.02 
-0.721 27.901 
-0.759 33.445 
-0.861 47.734 
-0.693 26.938 
-0.844 41.908 
-0.813 35.898 
-0.758 29.87 
-0.712 27.481 
-0.799 34.624 
-0.833 41.408 
-0.679 25.778 
-0.766 33.732 
-0.778 34.225 
-0.701 27.317 
-0.851 46.886 
-0.789 34.544 
-0.85 46.42 
-0.823 39.73 
-0.805 34.725 
-0.841 41.651 
-0.718 27.607 
-0.748 29.02 
-0.721 27.901 
-0.83 41.104 
-0.858 46.908 
-0.698 26.989 
-0.764 33.5 
-0.785 34.259 
-0.861 47.734 
-0.869 52.287 
-0.859 46.951 
-0.829 40.871 
-0.826 40.124 
-0.78 34.251 
-0.809 35.099 
-0.87 52.945 
-0.778 34.225 
-0.766 33.732 
-0.86 47.542 
-0.788 34.5 
-0.829 40.871 
-0.755 29.642 
-0.826 40.124 
-0.751 29.333 
-0.81 35.582 
-0.807 34.939 
-0.72 27.826 
-0.843 41.882 
-0.7 27.168 
-0.825 39.94 
-0.867 52.067 
-0.844 41.908 
-0.699 27.106 
-0.755 29.642 
-0.751 29.333 
-0.629 23.192 
-0.841 41.651 
-0.869 52.287 
-0.867 52.067 
-0.764 33.5 
-0.75 29.318 
-0.749 29.106 
-0.756 29.689 
-0.786 34.292 
-0.813 35.898 
-0.815 39.686 
-0.786 34.292 
-0.86 47.542 
-0.842 41.696 
-0.824 39.916 
-0.758 29.87 
-0.756 29.689 
-0.78 34.251 
-0.701 27.317 
-0.811 35.691 
-0.812 35.853 
-0.719 27.682 
-0.808 35.079 
-0.806 34.854 
-0.811 35.691 
-0.81 35.582 
-0.749 29.106 
-0.806 34.854 
-0.789 34.544 
-0.719 27.682 
-0.759 33.445 
-0.812 35.853 
