P=? [ F (x=9&y=9&crashed=0) ]	R{"cost"}=? [ C<=100 ]
0.64	20.23
0.88	66.723
0.64	20.23
0.88	66.723
0.864	61.642
0.864	61.642
0.855	55.6
0.672	23.559
0.642	20.245
0.836	49.291
0.847	50.815
0.852	54.678
0.686	23.612
0.831	45.933
0.672	23.559
0.642	20.245
0.815	41.531
0.826	44.554
0.703	24.623
0.793	38.927
0.783	36.08
0.711	27.328
0.674	23.603
0.855	55.6
0.826	44.554
0.815	41.531
0.844	49.926
0.77	34.778
0.783	36.08
0.793	38.927
0.837	49.824
0.847	50.815
0.703	24.623
0.694	23.62
0.776	34.801
0.808	40.259
0.746	30.983
0.727	28.19
0.711	27.328
0.853	54.746
0.813	41.273
0.812	40.668
0.831	45.933
0.798	40.022
0.766	33.751
0.802	40.235
0.717	27.798
0.738	30.238
0.737	29.269
0.732	28.219
0.748	32.11
0.741	30.83
0.699	24.078
0.743	30.94
0.756	33.343
0.761	33.387
0.722	27.84
0.781	35.651
0.852	54.678
0.766	33.751
0.735	28.641
0.828	45.058
0.733	28.377
0.74	30.26
0.749	32.352
0.752	33.207
0.751	33.058
0.827	44.85
0.795	39.473
0.778	34.966
0.764	33.51
0.737	29.269
0.756	33.343
0.717	27.798
0.725	27.959
0.802	40.235
0.77	34.778
0.829	45.467
0.713	27.392
0.697	23.939
0.794	38.977
0.701	24.321
0.695	23.65
0.844	49.926
0.696	23.918
0.779	35.099
0.829	45.467
0.735	28.641
0.81	40.412
0.797	39.773
0.701	24.321
0.748	32.11
0.761	33.387
0.722	27.84
0.713	27.392
0.78	35.248
0.75	32.671
0.81	40.412
0.75	32.671
0.764	33.51
