-0.83 51.414 
-0.699 25.46 
-0.699 25.46 
-0.758 32.438 
-0.819 45.966 
-0.822 46.94 
-0.789 36.551 
-0.723 28.897 
-0.812 42.133 
-0.777 35.23 
-0.795 40.23 
-0.723 28.897 
-0.777 35.23 
-0.81 41.685 
-0.757 32.118 
-0.812 42.133 
-0.795 40.23 
-0.82 46.241 
-0.821 46.698 
-0.797 40.729 
-0.749 31.481 
-0.78 35.58 
-0.797 40.729 
-0.788 36.272 
-0.788 36.272 
-0.723 28.897 
-0.723 28.897 
-0.777 35.23 
-0.795 40.23 
-0.788 36.272 
-0.797 40.729 
-0.788 36.272 
-0.723 28.897 
-0.699 25.46 
-0.749 31.481 
-0.789 36.551 
-0.723 28.897 
-0.819 45.966 
-0.789 36.551 
-0.798 40.981 
-0.812 42.133 
-0.812 42.133 
-0.728 29.378 
-0.748 31.386 
-0.812 42.133 
-0.729 29.557 
-0.829 50.972 
-0.811 41.901 
-0.795 40.23 
-0.777 35.23 
-0.723 28.897 
-0.802 41.173 
-0.777 35.23 
-0.803 41.395 
-0.726 28.908 
-0.81 41.685 
-0.7 25.709 
-0.828 50.791 
-0.726 28.908 
-0.787 36.072 
-0.779 35.342 
-0.757 32.118 
-0.748 31.386 
-0.812 42.133 
-0.78 35.58 
-0.699 25.46 
-0.803 41.395 
-0.797 40.729 
-0.748 31.386 
-0.795 40.23 
-0.777 35.23 
-0.723 28.897 
-0.828 50.791 
-0.828 50.791 
-0.796 40.395 
-0.788 36.272 
-0.797 40.729 
-0.755 31.675 
-0.699 25.46 
-0.777 35.23 
-0.803 41.395 
-0.749 31.481 
-0.809 41.502 
-0.812 42.133 
-0.788 36.272 
-0.723 28.897 
-0.788 36.272 
-0.812 42.133 
-0.788 36.272 
-0.786 35.821 
-0.811 41.901 
-0.797 40.729 
-0.777 35.23 
-0.777 35.23 
-0.78 35.58 
