-0.862 47.564 
-0.691 25.144 
-0.691 25.144 
-0.862 47.564 
-0.771 33.861 
-0.698 25.62 
-0.749 29.101 
-0.815 39.671 
-0.848 46.149 
-0.698 25.62 
-0.814 35.741 
-0.761 30.095 
-0.846 42.344 
-0.749 29.101 
-0.806 34.703 
-0.789 34.634 
-0.785 34.001 
-0.838 41.004 
-0.856 46.208 
-0.761 30.095 
-0.859 46.601 
-0.823 39.726 
-0.83 40.81 
-0.757 29.389 
-0.692 25.376 
-0.758 29.629 
-0.844 41.772 
-0.751 29.34 
-0.845 42.319 
-0.759 30.039 
-0.809 35.002 
-0.86 47.028 
-0.861 47.171 
-0.806 34.703 
-0.856 46.208 
-0.809 35.002 
-0.828 40.399 
-0.825 40.02 
-0.826 40.105 
-0.786 34.276 
-0.839 41.146 
-0.842 41.528 
-0.841 41.386 
-0.829 40.537 
-0.828 40.399 
-0.844 41.772 
-0.842 41.528 
-0.692 25.376 
-0.841 41.386 
-0.839 41.146 
-0.75 29.339 
-0.826 40.105 
-0.825 40.02 
-0.81 35.21 
-0.83 40.81 
-0.848 46.149 
-0.823 39.726 
-0.814 35.741 
-0.813 35.58 
-0.811 35.368 
-0.81 35.21 
-0.846 42.344 
-0.861 47.171 
-0.86 47.028 
-0.788 34.492 
-0.785 34.001 
-0.811 35.368 
-0.812 35.507 
-0.829 40.537 
-0.788 34.492 
-0.787 34.363 
-0.787 34.363 
-0.786 34.276 
-0.813 35.58 
-0.812 35.507 
-0.789 34.634 
-0.759 30.039 
-0.815 39.671 
-0.757 29.389 
-0.751 29.34 
-0.845 42.319 
-0.75 29.339 
-0.691 25.144 
-0.862 47.564 
-0.698 25.62 
-0.749 29.101 
-0.761 30.095 
-0.806 34.703 
-0.856 46.208 
-0.809 35.002 
-0.828 40.399 
-0.844 41.772 
-0.692 25.376 
-0.842 41.528 
-0.841 41.386 
-0.83 40.81 
-0.839 41.146 
-0.826 40.105 
-0.825 40.02 
-0.848 46.149 
