-0.797 38.99 
-0.72 29.067 
-0.828 51.144 
-0.751 33.568 
-0.815 49.179 
-0.655 25.601 
-0.797 38.99 
-0.83 55.212 
-0.751 33.568 
-0.751 33.568 
-0.797 38.99 
-0.822 49.493 
-0.751 33.568 
-0.751 33.568 
-0.751 33.568 
-0.799 39.92 
-0.74 29.268 
-0.814 44.823 
-0.797 38.99 
-0.789 38.543 
-0.715 28.705 
-0.803 43.098 
-0.751 33.568 
-0.751 33.568 
-0.72 29.067 
-0.774 33.841 
-0.74 29.268 
-0.751 33.568 
-0.812 43.73 
-0.826 50.934 
-0.751 33.568 
-0.839 55.74 
-0.801 43.071 
-0.718 28.867 
-0.752 33.653 
-0.797 38.99 
-0.743 33.456 
-0.751 33.568 
-0.798 39.918 
-0.776 35.471 
-0.798 39.918 
-0.655 25.601 
-0.803 43.098 
-0.815 49.179 
-0.751 33.568 
-0.804 43.614 
-0.782 38.233 
