-0.916 68.66 
-0.678 27.898 
-0.678 27.898 
-0.916 68.66 
-0.898 59.173 
-0.744 32.111 
-0.79 32.314 
-0.899 64.731 
-0.834 41.764 
-0.871 47.955 
-0.724 28.713 
-0.915 68.358 
-0.81 36.638 
-0.883 53.343 
-0.693 28.299 
-0.819 37.276 
-0.882 53.25 
-0.723 28.441 
-0.796 32.953 
-0.86 46.813 
-0.899 64.731 
-0.744 32.111 
-0.855 43.619 
-0.796 32.953 
-0.693 28.299 
-0.883 53.343 
-0.819 37.276 
-0.851 42.694 
-0.882 53.25 
-0.861 47.13 
-0.868 47.215 
-0.813 37.208 
-0.836 42.072 
-0.844 42.419 
-0.852 43.233 
-0.79 32.314 
-0.842 42.298 
-0.855 43.619 
-0.844 42.419 
-0.842 42.298 
-0.836 42.072 
-0.811 36.846 
-0.811 36.846 
-0.87 47.61 
-0.854 43.481 
-0.869 47.52 
-0.854 43.481 
-0.813 37.208 
-0.723 28.441 
-0.87 47.61 
-0.869 47.52 
-0.868 47.215 
-0.916 68.66 
-0.678 27.898 
-0.744 32.111 
-0.723 28.441 
-0.883 53.343 
-0.79 32.314 
-0.855 43.619 
-0.842 42.298 
-0.836 42.072 
-0.811 36.846 
-0.854 43.481 
-0.844 42.419 
-0.868 47.215 
-0.744 32.111 
-0.723 28.441 
-0.79 32.314 
-0.836 42.072 
-0.883 53.343 
-0.855 43.619 
-0.844 42.419 
-0.868 47.215 
-0.868 47.215 
-0.868 47.215 
-0.836 42.072 
-0.868 47.215 
-0.883 53.343 
-0.79 32.314 
-0.868 47.215 
-0.844 42.419 
-0.723 28.441 
-0.836 42.072 
-0.868 47.215 
-0.79 32.314 
-0.836 42.072 
-0.836 42.072 
-0.836 42.072 
-0.836 42.072 
-0.883 53.343 
-0.819 37.276 
-0.842 42.298 
-0.844 42.419 
-0.723 28.441 
-0.744 32.111 
-0.796 32.953 
-0.854 43.481 
-0.79 32.314 
-0.883 53.343 
-0.883 53.343 
