-0.804 62.432 
-0.64 22.662 
-0.779 50.819 
-0.781 56.147 
-0.735 37.627 
-0.692 27.799 
-0.7 31.258 
-0.78 51.96 
-0.757 45.769 
-0.75 41.679 
-0.715 35.281 
-0.687 27.363 
-0.765 46.099 
-0.673 26.348 
-0.674 26.446 
-0.789 58.204 
-0.803 62.274 
-0.789 58.204 
-0.788 57.19 
-0.765 46.099 
-0.803 62.274 
-0.743 40.468 
-0.75 41.679 
-0.742 40.246 
-0.726 35.888 
-0.714 33.058 
-0.764 45.887 
-0.742 40.246 
-0.757 45.769 
-0.729 36.455 
-0.691 27.584 
-0.729 36.455 
-0.714 33.058 
-0.726 35.888 
-0.673 26.348 
-0.742 40.246 
-0.742 40.246 
-0.729 36.455 
-0.742 40.246 
-0.765 46.099 
-0.729 36.455 
-0.742 40.246 
-0.742 40.246 
-0.673 26.348 
-0.743 40.468 
-0.765 46.099 
-0.742 40.246 
-0.742 40.246 
-0.742 40.246 
-0.75 41.679 
-0.729 36.455 
-0.765 46.099 
-0.687 27.363 
-0.687 27.363 
-0.713 32.093 
-0.706 31.286 
-0.779 50.819 
-0.715 35.281 
-0.7 31.258 
-0.789 58.204 
-0.764 45.887 
-0.672 26.06 
-0.692 27.799 
-0.728 35.901 
