-0.804 62.432 
-0.651 22.267 
-0.651 22.267 
-0.804 62.432 
-0.766 47.826 
-0.725 35.26 
-0.714 31.875 
-0.803 62.274 
-0.789 57.346 
-0.653 22.533 
-0.671 25.978 
-0.751 43.585 
-0.803 62.274 
-0.789 57.346 
-0.671 25.978 
-0.653 22.533 
-0.786 55.76 
-0.781 52.341 
-0.779 50.819 
-0.735 37.267 
-0.699 30.815 
-0.779 50.819 
-0.694 27.95 
-0.684 26.959 
-0.674 26.351 
-0.781 52.341 
-0.712 31.514 
-0.741 39.966 
-0.736 37.74 
-0.758 45.733 
-0.75 41.679 
-0.701 31.08 
-0.729 36.154 
-0.765 46.099 
-0.689 27.31 
-0.764 45.887 
-0.736 37.74 
-0.706 31.109 
-0.755 44.706 
-0.788 57.19 
-0.787 55.824 
-0.706 31.109 
-0.743 40.449 
-0.699 30.815 
-0.78 51.036 
-0.741 39.966 
-0.748 41.04 
-0.694 27.95 
-0.755 44.706 
-0.786 55.76 
-0.729 36.154 
-0.757 45.035 
-0.672 26.059 
-0.684 26.959 
-0.674 26.351 
-0.748 41.04 
-0.743 40.449 
-0.686 27.045 
-0.673 26.343 
-0.75 41.679 
-0.749 41.2 
-0.691 27.584 
-0.728 35.689 
-0.727 35.526 
-0.685 26.993 
-0.713 31.845 
-0.757 45.035 
-0.742 40.172 
-0.691 27.584 
-0.727 35.526 
-0.686 27.045 
-0.78 51.036 
-0.692 27.799 
-0.765 46.099 
-0.742 40.172 
-0.652 22.339 
-0.728 35.689 
-0.749 41.2 
-0.788 57.19 
-0.764 45.887 
-0.758 45.733 
-0.693 27.874 
-0.693 27.874 
-0.692 27.799 
-0.652 22.339 
-0.787 55.824 
-0.713 31.845 
-0.779 50.819 
-0.765 46.099 
-0.803 62.274 
-0.781 52.341 
-0.706 31.109 
-0.736 37.74 
-0.699 30.815 
-0.741 39.966 
-0.729 36.154 
-0.755 44.706 
-0.674 26.351 
-0.748 41.04 
-0.743 40.449 
