-0.663 23.544 
-0.872 56.769 
-0.871 48.001 
-0.707 23.817 
-0.68 23.625 
-0.862 42.525 
-0.868 46.885 
-0.708 26.895 
-0.837 41.072 
-0.805 35.086 
-0.836 37.385 
-0.804 31.331 
-0.714 27.685 
-0.806 35.465 
-0.768 29.795 
-0.825 35.499 
-0.754 29.748 
-0.727 27.73 
-0.728 28.198 
-0.742 28.257 
-0.794 30.443 
-0.835 37.06 
-0.781 30.384 
-0.829 36.31 
-0.843 41.498 
-0.777 30.338 
-0.859 41.68 
-0.852 41.584 
-0.75 28.594 
-0.742 28.257 
-0.87 47.627 
-0.797 30.999 
-0.852 41.584 
-0.773 30.0 
-0.753 29.008 
-0.843 41.498 
-0.796 30.576 
-0.827 35.724 
-0.751 28.672 
-0.773 30.0 
-0.869 47.007 
-0.781 30.384 
-0.801 31.06 
-0.861 42.311 
-0.86 41.853 
-0.837 41.072 
-0.802 31.101 
-0.828 36.076 
-0.75 28.594 
-0.753 29.008 
-0.828 36.076 
-0.826 35.503 
-0.803 31.321 
-0.794 30.443 
-0.861 42.311 
-0.707 23.817 
-0.86 41.853 
-0.869 47.007 
-0.801 31.06 
-0.728 28.198 
-0.754 29.748 
-0.825 35.499 
-0.806 35.465 
-0.804 31.331 
-0.803 31.321 
-0.826 35.503 
-0.742 28.257 
-0.852 41.584 
-0.843 41.498 
-0.781 30.384 
-0.75 28.594 
-0.861 42.311 
-0.86 41.853 
-0.869 47.007 
-0.728 28.198 
-0.804 31.331 
-0.803 31.321 
-0.742 28.257 
-0.852 41.584 
-0.843 41.498 
-0.781 30.384 
-0.75 28.594 
-0.861 42.311 
-0.86 41.853 
-0.869 47.007 
-0.804 31.331 
-0.803 31.321 
-0.742 28.257 
-0.781 30.384 
-0.75 28.594 
-0.861 42.311 
-0.804 31.331 
-0.861 42.311 
-0.861 42.311 
-0.861 42.311 
-0.781 30.384 
-0.804 31.331 
-0.861 42.311 
-0.861 42.311 
-0.781 30.384 
