-0.663 23.538 
-0.881 53.231 
-0.663 23.538 
-0.707 23.816 
-0.871 47.319 
-0.805 35.086 
-0.877 52.445 
-0.837 41.069 
-0.864 42.741 
-0.868 46.885 
-0.804 31.325 
-0.708 26.895 
-0.836 37.385 
-0.68 23.619 
-0.825 35.369 
-0.753 29.007 
-0.797 30.44 
-0.714 27.685 
-0.68 23.619 
-0.781 30.384 
-0.727 27.721 
-0.85 41.159 
-0.767 29.668 
-0.733 28.068 
-0.862 42.284 
-0.878 52.792 
-0.742 28.257 
-0.852 41.481 
-0.859 41.68 
-0.829 36.259 
-0.749 28.331 
-0.733 28.068 
-0.864 42.741 
-0.831 36.714 
-0.708 26.895 
-0.835 37.06 
-0.727 27.721 
-0.714 27.685 
-0.828 36.033 
-0.743 28.263 
-0.827 35.706 
-0.767 29.668 
-0.801 30.967 
-0.777 30.308 
-0.768 29.795 
-0.868 46.885 
-0.78 30.368 
-0.831 36.714 
-0.752 28.969 
-0.826 35.483 
-0.851 41.271 
-0.772 29.954 
-0.86 41.853 
-0.776 30.2 
-0.803 31.095 
-0.799 30.567 
-0.835 37.06 
-0.836 37.385 
-0.773 29.999 
-0.869 47.007 
-0.86 41.853 
-0.751 28.667 
-0.825 35.369 
-0.805 35.086 
-0.75 28.593 
-0.869 47.007 
-0.8 30.785 
-0.776 30.2 
-0.773 29.999 
-0.859 41.68 
-0.852 41.481 
-0.707 23.816 
-0.742 28.257 
-0.8 30.785 
-0.772 29.954 
-0.768 29.795 
-0.803 31.095 
-0.799 30.567 
-0.837 41.069 
-0.751 28.667 
-0.75 28.593 
-0.749 28.331 
-0.743 28.263 
-0.781 30.384 
-0.733 28.068 
-0.708 26.895 
-0.714 27.685 
-0.868 46.885 
-0.831 36.714 
-0.835 37.06 
-0.852 41.481 
-0.836 37.385 
-0.825 35.369 
-0.805 35.086 
-0.859 41.68 
-0.742 28.257 
-0.8 30.785 
-0.768 29.795 
-0.869 47.007 
-0.75 28.593 
