-0.881 53.231 
-0.703 23.538 
-0.881 53.231 
-0.703 23.538 
-0.825 35.354 
-0.807 31.81 
-0.728 27.707 
-0.718 24.416 
-0.877 52.445 
-0.872 47.497 
-0.868 46.885 
-0.864 42.741 
-0.733 28.063 
-0.85 41.159 
-0.838 37.563 
-0.749 28.247 
-0.769 29.581 
-0.797 30.439 
-0.781 30.384 
-0.778 29.926 
-0.754 29.111 
-0.71 23.551 
-0.85 41.159 
-0.838 37.563 
-0.769 29.581 
-0.715 23.913 
-0.852 41.481 
-0.859 41.68 
-0.872 47.497 
-0.806 31.799 
-0.877 52.445 
-0.751 28.585 
-0.78 30.368 
-0.83 36.449 
-0.835 37.051 
-0.868 46.885 
-0.864 42.741 
-0.752 28.706 
-0.88 52.883 
-0.862 42.284 
-0.804 31.321 
-0.754 29.111 
-0.831 36.627 
-0.832 36.729 
-0.716 23.984 
-0.862 42.284 
-0.86 41.853 
-0.803 31.094 
-0.804 31.321 
-0.749 28.247 
-0.801 30.967 
-0.871 47.319 
-0.86 41.853 
-0.863 42.622 
-0.836 37.385 
-0.829 36.121 
-0.835 37.051 
-0.832 36.729 
-0.88 52.883 
-0.871 47.319 
-0.878 52.571 
-0.869 47.007 
-0.753 29.007 
-0.878 52.571 
-0.869 47.007 
-0.716 23.984 
-0.827 35.706 
-0.826 35.483 
-0.829 36.121 
-0.828 35.898 
-0.8 30.785 
-0.799 30.567 
-0.851 41.267 
-0.859 41.68 
-0.852 41.481 
-0.828 35.898 
-0.827 35.706 
-0.8 30.785 
-0.826 35.483 
-0.803 31.094 
-0.801 30.967 
-0.863 42.622 
-0.851 41.267 
-0.753 29.007 
-0.799 30.567 
-0.798 30.467 
-0.837 37.47 
-0.837 37.47 
-0.836 37.385 
-0.797 30.439 
-0.781 30.384 
-0.798 30.467 
-0.703 23.538 
-0.881 53.231 
-0.85 41.159 
-0.838 37.563 
-0.877 52.445 
-0.868 46.885 
-0.864 42.741 
-0.716 23.984 
