-0.693 25.331 
-0.915 53.382 
-0.915 53.382 
-0.693 25.331 
-0.751 26.17 
-0.896 47.964 
-0.752 30.169 
-0.914 53.192 
-0.783 30.304 
-0.72 25.816 
-0.887 46.345 
-0.881 42.99 
-0.718 25.497 
-0.817 35.45 
-0.853 40.578 
-0.848 37.976 
-0.914 53.192 
-0.814 33.5 
-0.856 41.011 
-0.868 41.029 
-0.823 36.031 
-0.887 46.345 
-0.798 31.807 
-0.834 36.115 
-0.895 47.616 
-0.876 42.072 
-0.842 37.049 
-0.791 31.783 
-0.872 41.712 
-0.881 42.99 
-0.805 32.33 
-0.889 47.098 
-0.89 47.339 
-0.803 31.897 
-0.848 37.976 
-0.786 31.276 
-0.785 30.7 
-0.809 32.601 
-0.853 40.578 
-0.813 33.307 
-0.788 31.396 
-0.846 37.512 
-0.814 33.5 
-0.82 35.684 
-0.802 31.873 
-0.809 32.601 
-0.805 32.33 
-0.785 30.7 
-0.889 47.098 
-0.82 35.684 
-0.838 36.674 
-0.837 36.315 
-0.72 25.816 
-0.839 36.76 
-0.811 32.855 
-0.822 35.861 
-0.839 36.76 
-0.89 47.339 
-0.88 42.786 
-0.879 42.516 
-0.844 37.317 
-0.844 37.317 
-0.847 37.778 
-0.812 33.045 
-0.811 32.855 
-0.877 42.311 
-0.855 40.898 
-0.854 40.667 
-0.871 41.577 
-0.87 41.355 
-0.789 31.603 
-0.88 42.786 
-0.869 41.231 
-0.847 37.778 
-0.812 33.045 
-0.719 25.629 
-0.822 35.861 
-0.718 25.497 
-0.879 42.516 
-0.878 42.369 
-0.845 37.457 
-0.871 41.577 
-0.752 30.169 
-0.719 25.629 
-0.87 41.355 
-0.869 41.231 
-0.786 31.276 
-0.855 40.898 
-0.79 31.679 
-0.854 40.667 
-0.835 36.202 
-0.838 36.674 
-0.836 36.287 
-0.835 36.202 
-0.834 36.115 
-0.823 36.031 
-0.79 31.679 
-0.789 31.603 
-0.802 31.873 
-0.878 42.369 
