-0.915 53.382 
-0.69 25.014 
-0.69 25.014 
-0.915 53.382 
-0.795 30.249 
-0.763 26.05 
-0.72 25.816 
-0.914 53.192 
-0.898 48.261 
-0.86 40.44 
-0.764 26.189 
-0.764 26.189 
-0.887 46.251 
-0.881 42.99 
-0.693 25.331 
-0.718 25.496 
-0.848 37.976 
-0.898 48.261 
-0.827 35.099 
-0.914 53.192 
-0.8 31.685 
-0.814 33.5 
-0.827 35.099 
-0.814 33.5 
-0.848 37.976 
-0.796 30.391 
-0.843 36.965 
-0.887 46.251 
-0.889 47.004 
-0.828 35.761 
-0.881 42.99 
-0.894 47.177 
-0.833 36.0 
-0.803 31.885 
-0.897 47.784 
-0.806 32.566 
-0.862 40.726 
-0.839 36.749 
-0.804 32.148 
-0.867 40.994 
-0.796 30.391 
-0.829 35.866 
-0.837 36.315 
-0.719 25.629 
-0.888 46.585 
-0.861 40.627 
-0.875 42.032 
-0.809 32.601 
-0.874 41.79 
-0.868 41.029 
-0.845 37.316 
-0.888 46.585 
-0.872 41.712 
-0.845 37.316 
-0.879 42.516 
-0.878 42.204 
-0.693 25.331 
-0.876 42.071 
-0.895 47.446 
-0.867 40.994 
-0.862 40.726 
-0.896 47.71 
-0.88 42.78 
-0.879 42.516 
-0.895 47.446 
-0.847 37.772 
-0.846 37.512 
-0.877 42.194 
-0.813 33.302 
-0.812 33.045 
-0.805 32.319 
-0.834 36.115 
-0.836 36.202 
-0.838 36.551 
-0.72 25.816 
-0.691 25.119 
-0.839 36.749 
-0.691 25.119 
-0.88 42.78 
-0.871 41.508 
-0.847 37.772 
-0.869 41.231 
-0.838 36.551 
-0.813 33.302 
-0.846 37.512 
-0.811 32.855 
-0.812 33.045 
-0.871 41.508 
-0.87 41.323 
-0.801 31.709 
-0.894 47.177 
-0.889 47.004 
-0.805 32.319 
-0.718 25.496 
-0.801 31.709 
-0.81 32.742 
-0.829 35.866 
-0.811 32.855 
-0.81 32.742 
-0.87 41.323 
