-0.684 23.359 
-0.882 67.317 
-0.684 23.359 
-0.864 56.768 
-0.863 46.474 
-0.745 30.233 
-0.847 46.095 
-0.718 28.121 
-0.771 30.314 
-0.865 61.579 
-0.745 30.233 
-0.692 26.149 
-0.881 62.959 
-0.864 56.768 
-0.845 41.995 
-0.8 34.87 
-0.862 46.179 
-0.791 31.195 
-0.786 30.711 
-0.872 62.056 
-0.827 39.835 
-0.823 37.062 
-0.705 26.534 
-0.837 40.723 
-0.705 26.534 
-0.718 28.121 
-0.775 30.396 
-0.715 26.555 
-0.829 40.557 
-0.692 26.149 
-0.791 31.195 
-0.8 34.87 
-0.819 36.36 
-0.874 62.652 
-0.843 41.692 
-0.88 62.68 
-0.813 36.211 
-0.84 41.463 
-0.716 26.809 
-0.806 34.986 
-0.839 41.007 
-0.775 30.396 
-0.823 37.062 
-0.827 39.835 
-0.822 36.785 
-0.81 35.793 
-0.806 34.986 
-0.81 35.793 
-0.803 34.953 
-0.845 41.995 
-0.788 30.788 
-0.82 36.64 
-0.803 34.953 
-0.865 61.579 
-0.716 26.809 
-0.828 40.108 
-0.811 35.818 
-0.79 31.072 
-0.847 46.095 
-0.788 30.788 
-0.863 46.474 
-0.79 31.072 
-0.828 40.108 
-0.812 35.944 
-0.874 62.652 
-0.829 40.557 
-0.813 36.211 
-0.82 36.64 
-0.812 35.944 
-0.88 62.68 
-0.715 26.555 
-0.684 23.359 
-0.864 56.768 
-0.718 28.121 
-0.865 61.579 
-0.806 34.986 
-0.803 34.953 
-0.82 36.64 
-0.788 30.788 
-0.79 31.072 
-0.828 40.108 
-0.88 62.68 
-0.812 35.944 
-0.813 36.211 
-0.863 46.474 
-0.715 26.555 
-0.828 40.108 
-0.828 40.108 
-0.684 23.359 
-0.828 40.108 
-0.864 56.768 
-0.828 40.108 
-0.828 40.108 
-0.828 40.108 
-0.803 34.953 
-0.828 40.108 
-0.864 56.768 
-0.803 34.953 
-0.79 31.072 
-0.718 28.121 
