-0.754 26.133 
-0.861 37.356 
-0.882 42.845 
-0.789 30.61 
-0.811 30.805 
-0.877 38.372 
-0.854 37.083 
-0.869 37.487 
-0.789 30.61 
-0.811 30.805 
-0.789 30.61 
-0.811 30.805 
-0.901 58.114 
-0.878 42.673 
-0.789 30.61 
-0.848 35.703 
-0.849 36.765 
-0.898 43.485 
-0.789 30.61 
-0.882 42.845 
-0.854 37.083 
-0.789 30.61 
-0.873 37.638 
-0.85 36.767 
-0.789 30.61 
-0.878 42.673 
-0.789 30.61 
-0.848 35.703 
-0.773 30.268 
-0.826 31.096 
-0.848 35.703 
-0.901 58.114 
-0.899 43.769 
-0.789 30.61 
-0.81 30.794 
-0.854 37.083 
-0.79 30.767 
-0.861 37.356 
