-0.754 26.133 
-0.901 58.114 
-0.901 58.114 
-0.754 26.133 
-0.899 43.769 
-0.882 42.845 
-0.859 33.326 
-0.768 30.184 
-0.881 38.504 
-0.855 32.373 
-0.838 32.076 
-0.863 36.123 
-0.792 30.695 
-0.81 30.788 
-0.776 30.59 
-0.768 30.184 
-0.811 30.801 
-0.825 31.086 
-0.789 30.61 
-0.833 31.255 
-0.863 36.123 
-0.89 43.196 
-0.89 43.196 
-0.898 43.485 
-0.869 37.487 
-0.873 37.555 
-0.826 31.096 
-0.838 32.076 
-0.869 37.487 
-0.833 31.255 
-0.855 32.373 
-0.877 38.372 
-0.872 37.512 
-0.772 30.266 
-0.877 38.372 
-0.792 30.695 
-0.899 43.769 
-0.789 30.61 
-0.878 38.374 
-0.773 30.268 
-0.882 42.845 
-0.88 38.386 
-0.773 30.268 
-0.898 43.485 
-0.825 31.086 
-0.811 30.801 
-0.826 31.096 
-0.81 30.788 
-0.772 30.266 
-0.88 38.386 
-0.789 30.61 
-0.789 30.61 
-0.789 30.61 
-0.789 30.61 
-0.882 42.845 
-0.789 30.61 
-0.789 30.61 
-0.789 30.61 
-0.901 58.114 
-0.789 30.61 
-0.899 43.769 
-0.789 30.61 
-0.899 43.769 
-0.826 31.096 
-0.773 30.268 
-0.901 58.114 
-0.901 58.114 
-0.789 30.61 
-0.789 30.61 
-0.789 30.61 
-0.789 30.61 
-0.869 37.487 
-0.882 42.845 
-0.768 30.184 
-0.789 30.61 
-0.789 30.61 
-0.826 31.096 
-0.773 30.268 
-0.901 58.114 
-0.901 58.114 
-0.901 58.114 
-0.754 26.133 
-0.899 43.769 
-0.901 58.114 
-0.898 43.485 
-0.869 37.487 
-0.81 30.788 
-0.901 58.114 
-0.89 43.196 
-0.825 31.086 
-0.863 36.123 
-0.789 30.61 
-0.789 30.61 
-0.773 30.268 
-0.901 58.114 
-0.768 30.184 
-0.89 43.196 
-0.754 26.133 
-0.877 38.372 
-0.789 30.61 
