-0.855 56.807 
-0.702 25.001 
-0.702 25.001 
-0.748 26.205 
-0.838 46.546 
-0.797 34.521 
-0.845 50.831 
-0.791 31.015 
-0.726 25.957 
-0.854 56.288 
-0.846 51.06 
-0.726 25.957 
-0.836 45.963 
-0.761 29.819 
-0.83 42.287 
-0.816 39.336 
-0.751 29.25 
-0.775 29.846 
-0.814 36.613 
-0.752 29.604 
-0.854 56.288 
-0.784 29.941 
-0.802 35.042 
-0.775 29.846 
-0.846 51.06 
-0.825 41.087 
-0.828 41.258 
-0.809 35.249 
-0.83 42.287 
-0.821 40.109 
-0.822 40.791 
-0.813 36.128 
-0.802 35.042 
-0.811 35.449 
-0.789 30.389 
-0.751 29.25 
-0.817 39.461 
-0.814 36.613 
-0.829 41.922 
-0.748 26.205 
-0.821 40.109 
-0.817 39.461 
-0.787 30.211 
-0.837 45.981 
-0.784 29.941 
-0.787 30.211 
-0.809 35.249 
-0.789 30.389 
-0.829 41.922 
-0.812 35.772 
-0.812 35.772 
-0.822 40.791 
-0.752 29.604 
-0.837 45.981 
-0.726 25.957 
-0.854 56.288 
-0.775 29.846 
-0.846 51.06 
-0.789 30.389 
-0.83 42.287 
-0.817 39.461 
-0.802 35.042 
-0.748 26.205 
-0.821 40.109 
-0.784 29.941 
-0.814 36.613 
-0.809 35.249 
-0.812 35.772 
-0.829 41.922 
-0.822 40.791 
-0.752 29.604 
-0.837 45.981 
-0.854 56.288 
-0.775 29.846 
-0.846 51.06 
-0.817 39.461 
-0.802 35.042 
-0.822 40.791 
-0.748 26.205 
-0.752 29.604 
-0.821 40.109 
-0.812 35.772 
-0.809 35.249 
-0.784 29.941 
-0.837 45.981 
-0.775 29.846 
-0.846 51.06 
-0.802 35.042 
-0.748 26.205 
-0.752 29.604 
-0.809 35.249 
-0.821 40.109 
-0.812 35.772 
-0.784 29.941 
-0.748 26.205 
-0.775 29.846 
-0.752 29.604 
-0.809 35.249 
-0.821 40.109 
-0.812 35.772 
