-0.855 56.807 
-0.698 24.621 
-0.698 24.621 
-0.855 56.807 
-0.846 50.96 
-0.758 29.159 
-0.739 25.416 
-0.713 24.86 
-0.854 56.287 
-0.844 50.502 
-0.838 46.026 
-0.777 29.585 
-0.791 31.014 
-0.797 34.5 
-0.713 24.86 
-0.748 26.201 
-0.835 45.441 
-0.83 42.287 
-0.816 39.336 
-0.814 36.613 
-0.758 29.159 
-0.798 35.014 
-0.748 26.201 
-0.854 56.287 
-0.807 35.038 
-0.822 40.112 
-0.739 25.416 
-0.83 42.287 
-0.791 31.014 
-0.797 34.5 
-0.746 26.021 
-0.844 50.502 
-0.829 41.442 
-0.814 36.613 
-0.826 41.042 
-0.838 46.026 
-0.779 29.787 
-0.813 35.659 
-0.835 45.441 
-0.784 29.94 
-0.826 41.042 
-0.789 30.389 
-0.746 26.021 
-0.836 45.57 
-0.777 29.585 
-0.81 35.221 
-0.812 35.347 
-0.807 35.038 
-0.789 30.389 
-0.785 30.035 
-0.837 45.98 
-0.828 41.258 
-0.81 35.221 
-0.779 29.787 
-0.819 39.795 
-0.817 39.461 
-0.817 39.461 
-0.816 39.336 
-0.819 39.795 
-0.845 50.831 
-0.813 35.659 
-0.787 30.172 
-0.787 30.172 
-0.828 41.258 
-0.784 29.94 
-0.845 50.831 
-0.812 35.347 
-0.82 39.919 
-0.821 40.039 
-0.82 39.919 
-0.786 30.149 
-0.821 40.039 
-0.837 45.98 
-0.798 35.014 
-0.786 30.149 
-0.855 56.807 
-0.698 24.621 
-0.713 24.86 
-0.748 26.201 
-0.854 56.287 
-0.739 25.416 
-0.83 42.287 
-0.791 31.014 
-0.797 34.5 
-0.844 50.502 
-0.814 36.613 
-0.838 46.026 
-0.826 41.042 
-0.746 26.021 
-0.777 29.585 
-0.807 35.038 
-0.789 30.389 
-0.81 35.221 
-0.784 29.94 
-0.779 29.787 
-0.817 39.461 
-0.816 39.336 
-0.819 39.795 
-0.813 35.659 
-0.787 30.172 
