-0.698 24.621 
-0.855 56.637 
-0.698 24.621 
-0.739 25.41 
-0.853 56.159 
-0.846 50.96 
-0.713 24.86 
-0.844 50.502 
-0.838 45.976 
-0.76 29.371 
-0.777 29.585 
-0.793 34.216 
-0.791 31.014 
-0.758 29.159 
-0.748 26.201 
-0.835 45.441 
-0.83 42.287 
-0.701 24.824 
-0.713 24.86 
-0.816 39.336 
-0.814 36.613 
-0.798 34.555 
-0.758 29.159 
-0.748 26.201 
-0.807 35.038 
-0.846 50.96 
-0.83 42.287 
-0.739 25.41 
-0.853 56.159 
-0.814 36.613 
-0.838 45.976 
-0.826 41.027 
-0.844 50.502 
-0.779 29.787 
-0.744 25.856 
-0.813 35.659 
-0.835 45.441 
-0.822 40.112 
-0.784 29.94 
-0.807 35.038 
-0.829 41.442 
-0.828 41.173 
-0.826 41.027 
-0.822 40.112 
-0.845 50.518 
-0.744 25.856 
-0.789 30.378 
-0.81 35.203 
-0.812 35.347 
-0.791 31.014 
-0.777 29.585 
-0.76 29.371 
-0.79 30.784 
-0.746 26.021 
-0.81 35.203 
-0.746 26.021 
-0.779 29.787 
-0.821 40.01 
-0.82 39.66 
-0.854 56.287 
-0.819 39.516 
-0.817 39.461 
-0.816 39.336 
-0.795 34.371 
-0.837 45.871 
-0.836 45.554 
-0.813 35.659 
-0.829 41.442 
-0.797 34.5 
-0.793 34.216 
-0.79 30.784 
-0.787 30.172 
-0.789 30.378 
-0.787 30.172 
-0.784 29.94 
-0.82 39.66 
-0.812 35.347 
-0.797 34.5 
-0.795 34.371 
-0.854 56.287 
-0.794 34.248 
-0.836 45.554 
-0.786 30.148 
-0.785 30.035 
-0.837 45.871 
-0.821 40.01 
-0.785 30.035 
-0.819 39.516 
-0.817 39.461 
-0.794 34.248 
-0.786 30.148 
-0.698 24.621 
-0.713 24.86 
-0.758 29.159 
-0.748 26.201 
-0.83 42.287 
-0.739 25.41 
-0.846 50.96 
-0.853 56.159 
-0.814 36.613 
