-0.829 55.267 
-0.643 23.268 
-0.829 55.267 
-0.643 23.268 
-0.828 51.606 
-0.823 45.905 
-0.813 44.877 
-0.674 23.367 
-0.812 41.176 
-0.765 30.321 
-0.795 36.007 
-0.717 28.389 
-0.739 28.788 
-0.796 39.555 
-0.766 33.737 
-0.688 25.297 
-0.757 29.506 
-0.688 25.297 
-0.698 27.027 
-0.712 27.625 
-0.779 35.369 
-0.678 23.677 
-0.807 40.663 
-0.745 29.152 
-0.797 39.914 
-0.695 26.849 
-0.678 23.677 
-0.79 35.434 
-0.771 34.567 
-0.807 40.663 
-0.776 34.816 
-0.716 28.143 
-0.695 26.849 
-0.745 29.152 
-0.76 29.773 
-0.698 27.027 
-0.74 29.012 
-0.76 29.773 
-0.767 34.087 
-0.797 39.914 
-0.712 27.625 
-0.791 35.512 
-0.765 30.321 
-0.812 41.176 
-0.795 36.007 
-0.791 35.512 
-0.767 34.087 
-0.713 27.692 
-0.713 27.692 
-0.779 35.369 
-0.739 28.788 
-0.717 28.389 
-0.796 39.555 
-0.774 34.608 
-0.766 33.737 
-0.775 34.614 
-0.74 29.012 
-0.79 35.434 
-0.774 34.608 
-0.775 34.614 
-0.829 55.267 
-0.688 25.297 
-0.678 23.677 
-0.807 40.663 
-0.695 26.849 
-0.698 27.027 
-0.76 29.773 
-0.797 39.914 
-0.712 27.625 
-0.779 35.369 
-0.765 30.321 
-0.812 41.176 
-0.795 36.007 
-0.791 35.512 
-0.739 28.788 
-0.717 28.389 
-0.796 39.555 
-0.766 33.737 
-0.74 29.012 
-0.79 35.434 
-0.774 34.608 
-0.829 55.267 
-0.688 25.297 
-0.807 40.663 
-0.695 26.849 
-0.698 27.027 
-0.76 29.773 
-0.774 34.608 
-0.797 39.914 
-0.712 27.625 
-0.812 41.176 
-0.795 36.007 
-0.791 35.512 
-0.739 28.788 
-0.717 28.389 
-0.796 39.555 
-0.766 33.737 
-0.79 35.434 
-0.688 25.297 
-0.807 40.663 
