-0.695 25.786 
-0.695 25.786 
-0.863 47.296 
-0.743 26.553 
-0.823 37.112 
-0.852 46.195 
-0.798 35.114 
-0.711 26.207 
-0.793 32.091 
-0.847 42.695 
-0.832 40.475 
-0.764 30.325 
-0.801 35.509 
-0.754 27.747 
-0.861 46.559 
-0.756 30.026 
-0.815 35.834 
-0.71 25.918 
-0.779 30.585 
-0.78 30.703 
-0.837 41.229 
-0.833 40.66 
-0.847 42.695 
-0.832 40.475 
-0.757 30.219 
-0.749 27.325 
-0.852 46.195 
-0.746 27.112 
-0.786 31.265 
-0.845 41.983 
-0.786 31.265 
-0.822 36.999 
-0.82 36.564 
-0.817 36.055 
-0.752 27.515 
-0.746 27.112 
-0.841 41.598 
-0.82 36.564 
-0.817 36.055 
-0.754 27.747 
-0.816 35.931 
-0.838 41.576 
-0.711 26.207 
-0.791 31.747 
-0.756 30.026 
-0.752 27.515 
-0.845 41.983 
-0.821 36.689 
-0.779 30.585 
-0.843 41.665 
-0.787 31.378 
-0.791 31.747 
-0.789 31.58 
-0.789 31.58 
-0.787 31.378 
-0.844 41.793 
-0.839 41.594 
-0.71 25.918 
-0.844 41.793 
-0.821 36.689 
-0.79 31.659 
-0.79 31.659 
-0.843 41.665 
-0.838 41.576 
-0.839 41.594 
-0.847 42.695 
-0.832 40.475 
-0.786 31.265 
-0.746 27.112 
-0.82 36.564 
-0.754 27.747 
-0.711 26.207 
-0.752 27.515 
-0.845 41.983 
-0.779 30.585 
-0.791 31.747 
-0.787 31.378 
-0.821 36.689 
-0.839 41.594 
-0.838 41.576 
-0.832 40.475 
-0.82 36.564 
-0.754 27.747 
-0.711 26.207 
-0.752 27.515 
-0.779 30.585 
-0.787 31.378 
-0.839 41.594 
-0.838 41.576 
-0.82 36.564 
-0.82 36.564 
-0.82 36.564 
-0.779 30.585 
-0.711 26.207 
-0.779 30.585 
-0.754 27.747 
-0.787 31.378 
-0.82 36.564 
-0.82 36.564 
-0.711 26.207 
