-0.878 51.104 
-0.704 26.154 
-0.878 51.104 
-0.719 26.703 
-0.759 29.86 
-0.835 40.423 
-0.845 45.461 
-0.862 46.28 
-0.791 31.378 
-0.877 50.967 
-0.844 41.766 
-0.771 30.026 
-0.822 36.726 
-0.8 34.6 
-0.862 46.28 
-0.854 45.691 
-0.877 50.967 
-0.815 36.059 
-0.782 30.454 
-0.822 36.726 
-0.86 45.804 
-0.8 34.6 
-0.807 35.585 
-0.805 34.917 
-0.806 35.541 
-0.838 41.101 
-0.785 30.651 
-0.841 41.331 
-0.803 34.633 
-0.79 31.175 
-0.841 41.331 
-0.807 35.585 
-0.787 30.952 
-0.837 40.657 
-0.821 36.709 
-0.819 36.311 
-0.818 36.295 
-0.805 34.917 
-0.86 45.804 
-0.818 36.295 
-0.837 40.657 
-0.836 40.425 
-0.845 45.461 
-0.79 31.175 
-0.787 30.952 
-0.839 41.129 
-0.783 30.455 
-0.803 34.633 
-0.839 41.129 
-0.786 30.783 
-0.821 36.709 
-0.819 36.311 
-0.783 30.455 
-0.786 30.783 
-0.806 35.541 
-0.836 40.425 
-0.878 51.104 
-0.877 50.967 
-0.807 35.585 
-0.818 36.295 
-0.837 40.657 
-0.79 31.175 
-0.86 45.804 
-0.803 34.633 
-0.839 41.129 
-0.819 36.311 
-0.806 35.541 
-0.839 41.129 
-0.839 41.129 
-0.839 41.129 
-0.839 41.129 
-0.86 45.804 
-0.839 41.129 
-0.839 41.129 
-0.839 41.129 
-0.839 41.129 
-0.839 41.129 
-0.839 41.129 
-0.839 41.129 
-0.807 35.585 
-0.839 41.129 
-0.839 41.129 
-0.839 41.129 
-0.806 35.541 
-0.806 35.541 
-0.839 41.129 
-0.839 41.129 
-0.839 41.129 
-0.806 35.541 
-0.86 45.804 
-0.86 45.804 
-0.86 45.804 
-0.839 41.129 
-0.839 41.129 
-0.86 45.804 
-0.839 41.129 
-0.86 45.804 
-0.806 35.541 
-0.839 41.129 
-0.839 41.129 
