-0.878 51.104 
-0.704 26.152 
-0.704 26.152 
-0.878 51.104 
-0.72 26.585 
-0.759 29.86 
-0.87 50.224 
-0.72 26.585 
-0.852 45.394 
-0.759 29.86 
-0.8 34.254 
-0.862 46.28 
-0.845 41.757 
-0.826 39.821 
-0.791 31.349 
-0.823 37.051 
-0.828 40.279 
-0.771 30.024 
-0.862 46.28 
-0.791 31.349 
-0.779 30.097 
-0.783 30.424 
-0.836 40.399 
-0.803 34.616 
-0.86 45.8 
-0.771 30.024 
-0.854 45.691 
-0.845 41.757 
-0.806 35.221 
-0.872 50.529 
-0.844 41.621 
-0.811 35.806 
-0.816 36.04 
-0.826 39.821 
-0.877 50.964 
-0.823 37.051 
-0.808 35.514 
-0.872 50.529 
-0.811 35.806 
-0.779 30.097 
-0.841 41.321 
-0.805 34.916 
-0.838 41.099 
-0.837 40.654 
-0.841 41.321 
-0.808 35.514 
-0.877 50.964 
-0.788 31.015 
-0.816 36.04 
-0.822 36.725 
-0.821 36.597 
-0.805 34.916 
-0.786 30.767 
-0.785 30.651 
-0.837 40.654 
-0.818 36.293 
-0.86 45.8 
-0.854 45.691 
-0.82 36.562 
-0.819 36.311 
-0.785 30.651 
-0.79 31.13 
-0.787 30.803 
-0.839 41.129 
-0.839 41.129 
-0.818 36.293 
-0.822 36.725 
-0.836 40.399 
-0.79 31.13 
-0.789 31.067 
-0.789 31.067 
-0.787 30.803 
-0.82 36.562 
-0.838 41.099 
-0.819 36.311 
-0.878 51.104 
-0.72 26.585 
-0.759 29.86 
-0.862 46.28 
-0.791 31.349 
-0.771 30.024 
-0.845 41.757 
-0.826 39.821 
-0.823 37.051 
-0.872 50.529 
-0.877 50.964 
-0.816 36.04 
-0.779 30.097 
-0.805 34.916 
-0.837 40.654 
-0.854 45.691 
-0.839 41.129 
-0.818 36.293 
-0.836 40.399 
-0.79 31.13 
-0.789 31.067 
-0.787 30.803 
-0.82 36.562 
-0.838 41.099 
-0.819 36.311 
