-0.688 25.785 
-0.878 51.098 
-0.878 51.098 
-0.688 25.785 
-0.739 29.813 
-0.72 26.585 
-0.851 45.342 
-0.759 29.85 
-0.87 50.224 
-0.862 46.277 
-0.826 39.819 
-0.845 41.754 
-0.8 34.254 
-0.792 31.388 
-0.72 26.585 
-0.823 37.051 
-0.739 29.813 
-0.704 26.152 
-0.704 26.152 
-0.771 30.024 
-0.836 40.37 
-0.862 46.277 
-0.781 30.094 
-0.828 40.277 
-0.8 34.254 
-0.772 30.035 
-0.87 50.224 
-0.86 45.8 
-0.792 31.388 
-0.873 50.875 
-0.784 30.42 
-0.811 35.803 
-0.854 45.531 
-0.845 41.754 
-0.816 36.04 
-0.823 37.051 
-0.838 40.982 
-0.786 30.526 
-0.808 35.512 
-0.877 50.964 
-0.812 35.934 
-0.803 34.616 
-0.818 36.289 
-0.872 50.529 
-0.841 41.321 
-0.806 35.221 
-0.852 45.394 
-0.841 41.321 
-0.808 35.512 
-0.86 45.8 
-0.854 45.531 
-0.844 41.621 
-0.791 31.269 
-0.803 34.616 
-0.822 36.701 
-0.837 40.65 
-0.781 30.094 
-0.805 34.897 
-0.872 50.529 
-0.844 41.621 
-0.806 35.221 
-0.837 40.65 
-0.839 41.128 
-0.804 34.879 
-0.788 31.015 
-0.787 30.76 
-0.82 36.555 
-0.819 36.301 
-0.816 36.04 
-0.787 30.76 
-0.828 40.277 
-0.839 41.128 
-0.771 30.024 
-0.822 36.701 
-0.821 36.557 
-0.79 31.13 
-0.79 31.13 
-0.789 31.017 
-0.812 35.934 
-0.877 50.964 
-0.805 34.897 
-0.804 34.879 
-0.819 36.301 
-0.821 36.557 
-0.82 36.555 
-0.789 31.017 
-0.788 31.015 
-0.688 25.785 
-0.72 26.585 
-0.739 29.813 
-0.704 26.152 
-0.862 46.277 
-0.87 50.224 
-0.845 41.754 
-0.823 37.051 
-0.841 41.321 
-0.86 45.8 
-0.854 45.531 
-0.803 34.616 
-0.781 30.094 
