-0.882 67.215 
-0.682 27.586 
-0.729 30.47 
-0.734 30.694 
-0.79 31.104 
-0.872 57.099 
-0.869 51.603 
-0.819 40.696 
-0.86 46.651 
-0.796 35.596 
-0.861 51.279 
-0.873 61.797 
-0.794 31.847 
-0.873 61.797 
-0.844 45.941 
-0.839 41.872 
-0.814 37.264 
-0.835 40.786 
-0.809 35.643 
-0.846 46.463 
-0.812 36.057 
-0.814 37.264 
-0.844 45.941 
-0.836 41.124 
-0.839 41.872 
-0.79 31.104 
-0.838 41.586 
-0.838 41.586 
-0.809 35.643 
-0.845 46.375 
-0.86 46.651 
-0.846 46.463 
-0.835 40.786 
-0.845 46.375 
-0.844 45.941 
-0.814 37.264 
-0.844 45.941 
-0.838 41.586 
-0.79 31.104 
-0.838 41.586 
-0.844 45.941 
-0.79 31.104 
-0.844 45.941 
-0.814 37.264 
-0.79 31.104 
-0.846 46.463 
-0.814 37.264 
-0.814 37.264 
-0.814 37.264 
-0.838 41.586 
-0.814 37.264 
-0.79 31.104 
-0.844 45.941 
-0.814 37.264 
-0.86 46.651 
-0.79 31.104 
-0.79 31.104 
-0.814 37.264 
-0.844 45.941 
-0.86 46.651 
-0.814 37.264 
-0.838 41.586 
-0.79 31.104 
-0.814 37.264 
-0.814 37.264 
-0.838 41.586 
-0.79 31.104 
-0.814 37.264 
-0.79 31.104 
-0.835 40.786 
-0.814 37.264 
-0.79 31.104 
-0.79 31.104 
-0.844 45.941 
-0.844 45.941 
-0.79 31.104 
-0.814 37.264 
-0.844 45.941 
-0.838 41.586 
-0.844 45.941 
-0.838 41.586 
-0.844 45.941 
-0.844 45.941 
-0.846 46.463 
-0.839 41.872 
-0.838 41.586 
-0.814 37.264 
-0.814 37.264 
-0.844 45.941 
-0.814 37.264 
-0.79 31.104 
-0.79 31.104 
-0.814 37.264 
-0.838 41.586 
-0.838 41.586 
-0.814 37.264 
-0.79 31.104 
-0.838 41.586 
-0.844 45.941 
-0.844 45.941 
