-0.705 25.29 
-0.879 62.049 
-0.879 62.049 
-0.705 25.29 
-0.742 29.318 
-0.718 25.332 
-0.766 33.507 
-0.742 29.318 
-0.863 52.975 
-0.718 25.332 
-0.878 61.542 
-0.869 56.866 
-0.83 41.638 
-0.868 56.58 
-0.837 45.222 
-0.809 39.93 
-0.849 50.542 
-0.847 47.338 
-0.764 30.606 
-0.805 37.305 
-0.755 29.455 
-0.86 51.575 
-0.838 46.228 
-0.846 46.332 
-0.778 33.85 
-0.837 45.222 
-0.878 61.542 
-0.869 56.866 
-0.83 41.638 
-0.85 50.753 
-0.853 51.49 
-0.847 47.338 
-0.762 30.248 
-0.852 51.465 
-0.868 56.58 
-0.757 29.923 
-0.805 37.305 
-0.778 33.85 
-0.861 52.538 
-0.782 33.941 
-0.795 35.909 
-0.814 40.093 
-0.822 40.31 
-0.809 39.93 
-0.827 41.539 
-0.826 41.167 
-0.821 40.242 
-0.817 40.148 
-0.793 35.67 
-0.787 35.556 
-0.785 35.01 
-0.784 34.399 
-0.796 36.165 
-0.814 40.093 
-0.797 36.298 
-0.766 33.507 
-0.8 36.478 
-0.823 40.855 
-0.802 36.779 
-0.817 40.148 
-0.79 35.579 
-0.79 35.579 
-0.849 50.542 
-0.803 36.91 
-0.786 35.361 
-0.785 35.01 
-0.803 36.91 
-0.763 30.582 
-0.862 52.642 
-0.762 30.248 
-0.757 29.923 
-0.783 34.266 
-0.793 35.67 
-0.764 30.606 
-0.756 29.69 
-0.756 29.69 
-0.825 40.96 
-0.786 35.361 
-0.8 36.478 
-0.797 36.298 
-0.801 36.603 
-0.755 29.455 
-0.784 34.399 
-0.783 34.266 
-0.801 36.603 
-0.862 52.642 
-0.861 52.538 
-0.846 46.332 
-0.838 46.228 
-0.825 40.96 
-0.824 40.857 
-0.827 41.539 
-0.821 40.242 
-0.782 33.941 
-0.853 51.49 
-0.763 30.582 
-0.787 35.556 
-0.824 40.857 
-0.823 40.855 
-0.705 25.29 
