-0.864 54.261 
-0.655 26.186 
-0.655 26.186 
-0.826 42.474 
-0.666 27.061 
-0.855 49.459 
-0.716 31.151 
-0.716 31.151 
-0.666 27.061 
-0.758 33.394 
-0.735 33.14 
-0.834 46.891 
-0.804 42.138 
-0.799 38.014 
-0.855 49.459 
-0.838 47.808 
-0.806 42.215 
-0.758 33.394 
-0.776 35.647 
-0.776 35.647 
-0.731 31.335 
-0.734 31.608 
-0.838 47.808 
-0.796 37.688 
-0.787 37.173 
-0.836 47.249 
-0.834 46.891 
-0.787 37.173 
-0.783 36.921 
-0.779 36.41 
-0.778 36.005 
-0.783 36.921 
-0.796 37.688 
-0.799 38.014 
-0.804 42.138 
-0.779 36.41 
-0.777 35.75 
-0.731 31.335 
-0.835 46.935 
-0.798 37.972 
-0.734 31.608 
-0.806 42.215 
-0.735 33.14 
-0.798 37.972 
-0.835 46.935 
-0.805 42.18 
-0.805 42.18 
-0.655 26.186 
-0.716 31.151 
-0.666 27.061 
-0.855 49.459 
-0.758 33.394 
-0.776 35.647 
-0.838 47.808 
-0.834 46.891 
-0.787 37.173 
-0.783 36.921 
-0.796 37.688 
-0.804 42.138 
-0.731 31.335 
-0.806 42.215 
-0.835 46.935 
-0.734 31.608 
-0.798 37.972 
-0.716 31.151 
-0.666 27.061 
-0.758 33.394 
-0.776 35.647 
-0.838 47.808 
-0.834 46.891 
-0.806 42.215 
-0.835 46.935 
-0.798 37.972 
-0.734 31.608 
-0.804 42.138 
-0.716 31.151 
-0.758 33.394 
-0.776 35.647 
-0.798 37.972 
-0.834 46.891 
-0.806 42.215 
-0.835 46.935 
-0.804 42.138 
-0.804 42.138 
-0.804 42.138 
-0.804 42.138 
-0.804 42.138 
-0.804 42.138 
-0.804 42.138 
-0.804 42.138 
-0.804 42.138 
-0.804 42.138 
-0.758 33.394 
-0.804 42.138 
-0.758 33.394 
-0.804 42.138 
-0.835 46.935 
-0.835 46.935 
-0.804 42.138 
-0.835 46.935 
