-0.864 54.26 
-0.66 25.947 
-0.666 27.034 
-0.855 49.457 
-0.862 54.013 
-0.701 29.848 
-0.804 42.129 
-0.799 38.012 
-0.834 46.547 
-0.828 42.881 
-0.716 31.113 
-0.826 42.474 
-0.701 29.848 
-0.806 42.215 
-0.855 49.457 
-0.758 33.393 
-0.776 35.645 
-0.757 33.237 
-0.839 47.698 
-0.746 32.502 
-0.746 32.502 
-0.776 35.645 
-0.758 33.393 
-0.731 31.335 
-0.716 31.113 
-0.703 30.161 
-0.734 31.607 
-0.839 47.698 
-0.794 37.29 
-0.783 36.785 
-0.787 37.172 
-0.734 31.607 
-0.834 46.547 
-0.703 30.161 
-0.828 42.881 
-0.779 36.41 
-0.778 35.791 
-0.804 42.129 
-0.799 38.012 
-0.787 37.172 
-0.796 37.685 
-0.731 31.335 
-0.836 47.249 
-0.838 47.397 
-0.796 37.685 
-0.781 36.512 
-0.835 46.935 
-0.835 46.935 
-0.798 37.97 
-0.826 42.474 
-0.806 42.215 
-0.781 36.512 
-0.827 42.684 
-0.702 29.957 
-0.827 42.684 
-0.798 37.97 
-0.838 47.397 
-0.836 47.249 
-0.863 54.156 
-0.702 29.957 
-0.777 35.75 
-0.863 54.156 
-0.779 36.41 
-0.805 42.18 
-0.778 35.791 
-0.777 35.75 
-0.805 42.18 
-0.855 49.457 
-0.776 35.645 
-0.758 33.393 
-0.746 32.502 
-0.716 31.113 
-0.839 47.698 
-0.703 30.161 
-0.804 42.129 
-0.799 38.012 
-0.787 37.172 
-0.731 31.335 
-0.796 37.685 
-0.835 46.935 
-0.826 42.474 
-0.806 42.215 
-0.781 36.512 
-0.827 42.684 
-0.798 37.97 
-0.836 47.249 
-0.702 29.957 
-0.863 54.156 
-0.779 36.41 
-0.777 35.75 
-0.805 42.18 
-0.758 33.393 
-0.776 35.645 
-0.746 32.502 
-0.716 31.113 
-0.839 47.698 
-0.703 30.161 
-0.804 42.129 
-0.799 38.012 
-0.731 31.335 
