-0.864 54.26 
-0.66 25.947 
-0.864 54.26 
-0.66 25.947 
-0.706 29.738 
-0.666 27.034 
-0.863 53.948 
-0.856 49.654 
-0.804 42.129 
-0.799 38.012 
-0.853 49.302 
-0.666 27.034 
-0.834 46.547 
-0.83 43.227 
-0.716 31.113 
-0.825 42.332 
-0.708 29.916 
-0.806 42.215 
-0.758 33.393 
-0.776 35.645 
-0.746 32.501 
-0.776 35.645 
-0.758 33.393 
-0.731 31.335 
-0.756 33.155 
-0.839 47.698 
-0.839 47.698 
-0.734 31.605 
-0.744 32.144 
-0.794 37.29 
-0.787 37.172 
-0.716 31.113 
-0.734 31.605 
-0.834 46.547 
-0.779 36.296 
-0.83 43.227 
-0.804 42.129 
-0.799 38.012 
-0.744 32.144 
-0.787 37.172 
-0.778 35.788 
-0.731 31.335 
-0.783 36.785 
-0.836 47.249 
-0.838 47.395 
-0.797 37.844 
-0.782 36.721 
-0.796 37.685 
-0.835 46.935 
-0.783 36.785 
-0.757 33.236 
-0.781 36.512 
-0.855 49.457 
-0.835 46.935 
-0.796 37.685 
-0.794 37.29 
-0.829 43.006 
-0.745 32.282 
-0.781 36.512 
-0.779 36.296 
-0.827 42.684 
-0.826 42.474 
-0.828 42.881 
-0.827 42.684 
-0.855 49.457 
-0.838 47.395 
-0.836 47.249 
-0.826 42.474 
-0.745 32.282 
-0.798 37.97 
-0.829 43.006 
-0.828 42.881 
-0.825 42.332 
-0.806 42.215 
-0.777 35.747 
-0.805 42.18 
-0.798 37.97 
-0.778 35.788 
-0.777 35.747 
-0.805 42.18 
-0.864 54.26 
-0.66 25.947 
-0.666 27.034 
-0.776 35.645 
-0.758 33.393 
-0.839 47.698 
-0.716 31.113 
-0.855 49.457 
-0.834 46.547 
-0.83 43.227 
-0.804 42.129 
-0.799 38.012 
-0.787 37.172 
-0.731 31.335 
-0.796 37.685 
-0.835 46.935 
-0.794 37.29 
-0.781 36.512 
-0.779 36.296 
-0.827 42.684 
