-0.862 56.544 
-0.704 24.763 
-0.704 24.763 
-0.852 51.417 
-0.854 56.43 
-0.748 28.983 
-0.732 26.499 
-0.842 49.419 
-0.783 33.998 
-0.827 41.991 
-0.837 45.396 
-0.828 44.5 
-0.71 25.711 
-0.775 31.085 
-0.724 25.864 
-0.816 39.362 
-0.805 36.445 
-0.822 40.775 
-0.805 36.445 
-0.816 39.362 
-0.76 29.895 
-0.775 31.085 
-0.751 29.868 
-0.845 50.125 
-0.727 26.23 
-0.708 25.041 
-0.8 35.173 
-0.793 35.126 
-0.845 50.125 
-0.833 44.621 
-0.834 44.766 
-0.762 30.079 
-0.785 34.237 
-0.804 36.122 
-0.749 29.218 
-0.837 45.396 
-0.765 30.124 
-0.789 34.88 
-0.803 35.739 
-0.725 25.903 
-0.773 30.558 
-0.793 35.126 
-0.731 26.458 
-0.705 24.973 
-0.844 49.75 
-0.836 45.308 
-0.788 34.607 
-0.817 39.638 
-0.773 30.558 
-0.771 30.252 
-0.75 29.684 
-0.821 40.661 
-0.82 40.249 
-0.819 40.029 
-0.818 39.671 
-0.71 25.711 
-0.844 49.75 
-0.786 34.556 
-0.836 45.308 
-0.801 35.442 
-0.802 35.471 
-0.771 30.252 
-0.769 30.207 
-0.789 34.88 
-0.769 30.207 
-0.767 30.164 
-0.767 30.164 
-0.731 26.458 
-0.82 40.249 
-0.819 40.029 
-0.75 29.684 
-0.821 40.661 
-0.705 24.973 
-0.787 34.557 
-0.8 35.173 
-0.818 39.671 
-0.802 35.471 
-0.801 35.442 
-0.751 29.868 
-0.787 34.557 
-0.786 34.556 
-0.704 24.763 
-0.775 31.085 
-0.805 36.445 
-0.816 39.362 
-0.845 50.125 
-0.837 45.396 
-0.793 35.126 
-0.71 25.711 
-0.836 45.308 
-0.767 30.164 
-0.789 34.88 
-0.769 30.207 
-0.82 40.249 
-0.819 40.029 
-0.75 29.684 
-0.821 40.661 
-0.802 35.471 
-0.818 39.671 
-0.787 34.557 
