-0.587 29.119 
-0.761 59.539 
-0.587 29.119 
-0.638 31.61 
-0.645 35.136 
-0.75 55.607 
-0.734 49.978 
-0.72 45.227 
-0.694 40.134 
-0.714 41.658 
-0.742 51.491 
-0.71 40.948 
-0.728 46.414 
-0.664 35.14 
-0.747 54.655 
-0.639 31.973 
-0.666 36.426 
-0.638 31.61 
-0.686 37.914 
-0.676 37.347 
-0.694 40.134 
-0.742 51.491 
-0.684 37.443 
-0.686 37.914 
-0.676 37.347 
-0.747 54.655 
-0.735 50.249 
-0.665 35.171 
-0.735 50.249 
-0.639 31.973 
-0.728 46.414 
-0.721 45.454 
-0.666 36.426 
-0.712 41.249 
-0.645 35.136 
-0.726 46.106 
-0.749 55.36 
-0.726 46.106 
-0.721 45.454 
-0.749 55.36 
-0.684 37.443 
-0.713 41.504 
-0.727 46.178 
-0.713 41.504 
-0.727 46.178 
-0.665 35.171 
-0.587 29.119 
-0.727 46.178 
-0.676 37.347 
-0.721 45.454 
-0.686 37.914 
-0.676 37.347 
-0.676 37.347 
-0.686 37.914 
-0.735 50.249 
-0.727 46.178 
-0.686 37.914 
-0.728 46.414 
-0.727 46.178 
-0.727 46.178 
-0.676 37.347 
-0.727 46.178 
-0.686 37.914 
-0.587 29.119 
-0.747 54.655 
-0.587 29.119 
-0.728 46.414 
-0.694 40.134 
-0.735 50.249 
-0.587 29.119 
-0.735 50.249 
-0.727 46.178 
-0.727 46.178 
-0.587 29.119 
-0.694 40.134 
-0.686 37.914 
-0.727 46.178 
-0.713 41.504 
-0.721 45.454 
-0.728 46.414 
-0.694 40.134 
-0.742 51.491 
-0.735 50.249 
-0.694 40.134 
-0.727 46.178 
-0.727 46.178 
-0.728 46.414 
-0.694 40.134 
-0.727 46.178 
-0.728 46.414 
-0.735 50.249 
-0.726 46.106 
-0.694 40.134 
-0.727 46.178 
-0.735 50.249 
-0.727 46.178 
-0.713 41.504 
-0.727 46.178 
-0.676 37.347 
-0.638 31.61 
