-0.871 46.65 
-0.88 52.615 
-0.854 36.785 
-0.816 31.403 
-0.823 32.833 
-0.872 47.086 
-0.816 31.403 
-0.823 32.833 
-0.816 31.403 
-0.823 32.833 
-0.864 45.855 
-0.82 31.566 
-0.816 31.403 
-0.873 47.466 
-0.854 36.785 
-0.823 32.833 
-0.854 36.785 
-0.816 31.403 
-0.816 31.403 
-0.865 46.183 
-0.854 36.785 
-0.833 35.803 
-0.746 25.99 
-0.879 52.122 
-0.897 58.237 
-0.816 31.403 
-0.787 26.882 
-0.823 32.833 
-0.823 32.833 
-0.865 46.183 
-0.769 26.84 
-0.864 45.855 
-0.825 35.586 
-0.816 31.403 
-0.788 27.407 
-0.801 31.063 
-0.823 32.833 
-0.872 47.086 
-0.863 41.397 
-0.852 36.181 
-0.82 31.566 
-0.816 31.403 
-0.872 47.086 
-0.769 26.84 
-0.854 36.785 
-0.816 31.403 
-0.854 36.785 
-0.805 31.259 
-0.864 45.855 
-0.816 31.403 
-0.823 32.833 
-0.864 45.855 
-0.864 45.855 
-0.823 32.833 
-0.769 26.84 
-0.865 46.183 
-0.823 32.833 
-0.854 36.785 
-0.769 26.84 
-0.823 32.833 
-0.823 32.833 
-0.825 35.586 
-0.872 47.086 
-0.816 31.403 
-0.822 31.969 
-0.823 32.833 
-0.787 26.882 
-0.82 31.566 
-0.746 25.99 
-0.816 31.403 
-0.816 31.403 
-0.823 32.833 
-0.816 31.403 
-0.816 31.403 
-0.805 31.259 
-0.872 47.086 
-0.854 36.785 
-0.854 36.785 
-0.82 31.566 
-0.854 36.785 
-0.816 31.403 
-0.816 31.403 
-0.834 36.071 
-0.879 52.122 
-0.864 45.855 
-0.86 40.453 
-0.823 32.833 
-0.816 31.403 
-0.854 36.785 
-0.854 36.785 
-0.816 31.403 
-0.758 26.516 
-0.854 36.785 
-0.816 31.403 
-0.816 31.403 
-0.862 40.978 
-0.788 27.407 
-0.833 35.803 
-0.816 31.403 
