-0.765 39.683 
-0.805 58.731 
-0.737 34.338 
-0.694 28.414 
-0.722 33.546 
-0.787 49.132 
-0.798 50.731 
-0.744 35.224 
-0.767 40.64 
-0.702 29.856 
-0.694 28.414 
-0.643 28.008 
-0.781 44.401 
-0.684 28.28 
-0.694 28.414 
-0.758 39.035 
-0.727 33.565 
-0.766 40.479 
-0.765 39.683 
-0.787 49.132 
-0.757 38.837 
-0.73 33.596 
-0.782 44.632 
-0.721 33.021 
-0.787 49.132 
-0.798 50.731 
-0.829 60.101 
-0.789 49.796 
-0.694 28.414 
-0.767 40.64 
-0.736 33.733 
-0.774 44.29 
-0.694 28.414 
-0.758 39.035 
-0.773 44.028 
-0.791 50.471 
-0.708 32.016 
-0.759 39.474 
-0.715 32.523 
-0.749 37.443 
-0.689 28.366 
-0.766 40.479 
-0.752 38.124 
