-0.87 52.286 
-0.666 25.788 
-0.87 52.286 
-0.736 26.847 
-0.86 46.503 
-0.863 51.957 
-0.742 27.572 
-0.818 36.979 
-0.845 46.231 
-0.755 30.294 
-0.844 41.924 
-0.797 35.311 
-0.79 31.566 
-0.829 40.307 
-0.775 31.066 
-0.757 30.387 
-0.789 31.552 
-0.812 35.683 
-0.772 30.712 
-0.799 35.508 
-0.834 41.417 
-0.829 40.307 
-0.843 41.709 
-0.851 46.478 
-0.833 41.137 
-0.85 46.288 
-0.797 35.311 
-0.79 31.566 
-0.817 36.777 
-0.816 35.986 
-0.869 52.196 
-0.832 40.498 
-0.774 30.874 
-0.814 35.778 
-0.772 30.712 
-0.815 35.892 
-0.831 40.406 
-0.843 41.709 
-0.834 41.417 
-0.869 52.196 
-0.83 40.325 
-0.844 41.924 
-0.817 36.777 
-0.799 35.508 
-0.798 35.361 
-0.816 35.986 
-0.832 40.498 
-0.845 46.231 
-0.798 35.361 
-0.851 46.478 
-0.87 52.286 
-0.829 40.307 
-0.797 35.311 
-0.79 31.566 
-0.834 41.417 
-0.869 52.196 
-0.844 41.924 
-0.817 36.777 
-0.799 35.508 
-0.845 46.231 
-0.816 35.986 
-0.87 52.286 
-0.79 31.566 
-0.829 40.307 
-0.797 35.311 
-0.834 41.417 
-0.799 35.508 
-0.869 52.196 
-0.845 46.231 
-0.816 35.986 
-0.87 52.286 
-0.87 52.286 
-0.87 52.286 
-0.829 40.307 
-0.829 40.307 
-0.829 40.307 
-0.797 35.311 
-0.797 35.311 
-0.834 41.417 
-0.829 40.307 
-0.834 41.417 
-0.834 41.417 
-0.829 40.307 
-0.829 40.307 
-0.816 35.986 
-0.79 31.566 
-0.829 40.307 
-0.844 41.924 
-0.869 52.196 
-0.829 40.307 
-0.87 52.286 
-0.87 52.286 
-0.829 40.307 
-0.797 35.311 
-0.832 40.498 
-0.834 41.417 
-0.816 35.986 
-0.797 35.311 
-0.87 52.286 
-0.797 35.311 
