-0.87 52.286 
-0.666 25.788 
-0.666 25.788 
-0.87 52.286 
-0.736 26.847 
-0.8 35.049 
-0.863 47.594 
-0.818 36.699 
-0.845 46.227 
-0.755 30.261 
-0.869 52.196 
-0.844 41.924 
-0.829 40.307 
-0.79 31.566 
-0.742 27.572 
-0.757 30.387 
-0.742 27.572 
-0.788 31.364 
-0.86 46.497 
-0.772 30.712 
-0.776 30.9 
-0.812 35.683 
-0.829 40.307 
-0.843 41.709 
-0.851 46.478 
-0.79 31.566 
-0.816 35.98 
-0.834 41.223 
-0.832 40.46 
-0.833 41.119 
-0.869 52.196 
-0.85 46.288 
-0.812 35.683 
-0.843 41.709 
-0.834 41.223 
-0.776 30.9 
-0.775 30.769 
-0.815 35.808 
-0.772 30.712 
-0.86 46.497 
-0.831 40.315 
-0.844 41.924 
-0.789 31.552 
-0.773 30.75 
-0.813 35.756 
-0.85 46.288 
-0.814 35.778 
-0.814 35.778 
-0.813 35.756 
-0.851 46.478 
-0.773 30.75 
-0.789 31.552 
-0.831 40.315 
-0.87 52.286 
-0.829 40.307 
-0.79 31.566 
-0.869 52.196 
-0.789 31.552 
-0.812 35.683 
-0.843 41.709 
-0.844 41.924 
-0.85 46.288 
-0.851 46.478 
-0.814 35.778 
-0.87 52.286 
-0.829 40.307 
-0.79 31.566 
-0.812 35.683 
-0.789 31.552 
-0.843 41.709 
-0.869 52.196 
-0.844 41.924 
-0.814 35.778 
-0.85 46.288 
-0.851 46.478 
-0.87 52.286 
-0.829 40.307 
-0.79 31.566 
-0.843 41.709 
-0.869 52.196 
-0.844 41.924 
-0.87 52.286 
-0.829 40.307 
-0.79 31.566 
-0.869 52.196 
-0.844 41.924 
-0.87 52.286 
-0.829 40.307 
-0.869 52.196 
-0.87 52.286 
-0.87 52.286 
-0.87 52.286 
-0.829 40.307 
-0.829 40.307 
-0.829 40.307 
-0.829 40.307 
-0.829 40.307 
-0.829 40.307 
-0.79 31.566 
-0.87 52.286 
