-0.836 51.031 
-0.656 22.815 
-0.656 22.815 
-0.69 24.486 
-0.826 50.022 
-0.808 45.016 
-0.66 23.249 
-0.824 46.021 
-0.802 40.731 
-0.769 38.083 
-0.765 34.262 
-0.729 32.189 
-0.728 28.822 
-0.692 26.9 
-0.716 27.95 
-0.7 27.699 
-0.819 45.74 
-0.699 27.481 
-0.66 23.249 
-0.833 50.302 
-0.72 28.475 
-0.779 38.681 
-0.753 33.29 
-0.726 28.782 
-0.748 33.023 
-0.69 24.486 
-0.736 32.698 
-0.773 38.604 
-0.812 45.659 
-0.786 39.781 
-0.785 39.041 
-0.746 32.795 
-0.834 50.536 
-0.739 32.759 
-0.799 40.465 
-0.802 40.731 
-0.769 38.083 
-0.795 40.433 
-0.781 39.008 
-0.811 45.335 
-0.758 33.93 
-0.793 39.858 
-0.692 26.9 
-0.794 40.093 
-0.765 34.262 
-0.732 32.347 
-0.732 32.347 
-0.719 28.193 
-0.756 33.374 
-0.79 39.814 
-0.762 33.961 
-0.771 38.447 
-0.81 45.041 
-0.824 46.021 
-0.764 34.004 
-0.8 40.687 
-0.739 32.759 
-0.79 39.814 
-0.77 38.427 
-0.757 33.647 
-0.757 33.647 
-0.7 27.699 
-0.719 28.193 
-0.746 32.795 
-0.781 39.008 
-0.762 33.961 
-0.729 32.189 
-0.756 33.374 
-0.812 45.659 
-0.8 40.687 
-0.764 34.004 
-0.728 28.822 
-0.786 39.781 
-0.785 39.041 
-0.795 40.433 
-0.758 33.93 
-0.81 45.041 
-0.77 38.427 
-0.66 23.249 
-0.69 24.486 
-0.765 34.262 
-0.739 32.759 
-0.728 28.822 
-0.7 27.699 
-0.719 28.193 
-0.746 32.795 
-0.79 39.814 
-0.8 40.687 
-0.781 39.008 
-0.762 33.961 
-0.756 33.374 
-0.812 45.659 
-0.764 34.004 
-0.758 33.93 
-0.66 23.249 
-0.728 28.822 
-0.781 39.008 
-0.739 32.759 
-0.719 28.193 
-0.746 32.795 
