-0.663 26.385 
-0.746 32.795 
-0.829 54.979 
-0.736 32.705 
-0.804 45.131 
-0.664 26.451 
-0.827 50.516 
-0.792 40.118 
-0.699 27.485 
-0.719 28.2 
-0.804 45.131 
-0.812 45.907 
-0.692 27.45 
-0.732 32.35 
-0.728 30.175 
-0.804 45.131 
-0.759 34.189 
-0.75 33.3 
-0.778 39.779 
-0.748 33.155 
-0.769 38.084 
-0.801 44.896 
-0.739 32.759 
-0.66 23.249 
-0.81 45.501 
-0.792 40.118 
-0.814 46.145 
-0.808 45.167 
-0.804 45.131 
-0.804 45.131 
-0.775 39.06 
-0.75 33.3 
-0.778 39.779 
-0.746 32.795 
-0.753 33.333 
-0.812 45.907 
-0.794 40.589 
-0.773 38.605 
-0.827 50.516 
-0.765 34.262 
-0.771 38.539 
-0.804 45.131 
-0.804 45.131 
