-0.746 32.795 
-0.736 32.705 
-0.804 45.131 
-0.827 50.516 
-0.792 40.118 
-0.699 27.485 
-0.804 45.131 
-0.692 27.45 
-0.728 30.175 
-0.804 45.131 
-0.75 33.3 
-0.801 44.896 
-0.739 32.759 
-0.66 23.249 
-0.81 45.501 
-0.792 40.118 
-0.804 45.131 
-0.804 45.131 
-0.75 33.3 
-0.746 32.795 
-0.753 33.333 
-0.794 40.589 
-0.773 38.605 
-0.827 50.516 
-0.765 34.262 
-0.804 45.131 
-0.804 45.131 
-0.814 46.048 
-0.804 45.131 
-0.792 40.118 
-0.808 45.165 
-0.769 38.083 
-0.801 44.896 
-0.794 40.589 
-0.753 33.333 
-0.773 38.605 
-0.699 27.485 
-0.746 32.795 
-0.783 39.25 
-0.773 38.605 
-0.7 27.752 
-0.796 40.655 
-0.804 45.131 
-0.706 27.988 
-0.792 40.118 
-0.753 33.333 
-0.801 44.896 
-0.781 39.008 
-0.774 38.969 
-0.732 32.347 
-0.804 45.131 
-0.801 44.896 
-0.784 39.74 
-0.762 33.961 
-0.804 45.131 
-0.764 34.004 
-0.748 33.066 
-0.755 33.675 
-0.702 27.959 
-0.836 51.031 
-0.819 50.425 
-0.827 50.516 
-0.8 44.589 
-0.765 34.262 
-0.762 33.961 
-0.746 32.795 
-0.79 39.814 
-0.758 33.932 
-0.792 40.118 
-0.702 27.959 
-0.817 49.591 
-0.72 28.475 
-0.8 44.589 
-0.812 45.659 
-0.656 22.815 
-0.692 27.45 
-0.798 41.127 
-0.69 24.595 
-0.719 28.193 
-0.819 50.425 
-0.702 27.959 
-0.771 38.447 
-0.699 27.485 
-0.804 45.131 
