-0.864 46.301 
-0.852 45.095 
-0.847 41.179 
-0.807 35.4 
-0.773 30.8 
-0.878 51.005 
-0.736 29.269 
-0.736 29.269 
-0.878 51.005 
-0.811 35.617 
-0.844 40.469 
-0.864 46.301 
-0.878 51.005 
-0.788 31.448 
-0.692 25.177 
-0.723 28.128 
-0.89 56.702 
-0.791 31.586 
-0.755 30.143 
-0.8 31.832 
-0.879 51.047 
-0.878 51.005 
-0.847 41.179 
-0.723 28.128 
-0.78 31.355 
-0.861 45.312 
-0.878 51.005 
-0.849 42.681 
-0.792 31.676 
-0.81 35.511 
-0.9 57.265 
-0.736 29.269 
-0.843 40.365 
-0.811 35.617 
-0.878 51.005 
-0.889 56.465 
-0.847 41.179 
-0.847 41.179 
-0.828 35.874 
-0.83 36.304 
-0.861 45.312 
-0.878 51.005 
-0.878 51.005 
-0.668 24.702 
-0.848 41.767 
-0.852 45.095 
-0.846 40.808 
-0.792 31.676 
-0.81 35.511 
-0.878 51.005 
-0.862 45.367 
-0.847 41.179 
-0.878 51.005 
-0.723 28.128 
-0.846 40.808 
-0.864 46.301 
-0.788 31.448 
-0.831 37.162 
-0.81 35.511 
-0.872 50.84 
-0.865 46.356 
-0.889 56.465 
-0.83 36.304 
-0.83 36.304 
-0.878 51.005 
-0.863 45.706 
-0.852 45.095 
-0.889 56.465 
-0.847 41.179 
-0.878 51.005 
-0.848 41.767 
-0.889 56.465 
-0.78 31.355 
-0.878 51.005 
-0.8 31.832 
-0.723 28.128 
-0.792 31.676 
-0.723 28.128 
-0.846 40.808 
-0.881 51.08 
-0.736 29.269 
-0.692 25.177 
-0.87 50.556 
-0.845 40.751 
-0.772 30.663 
