-0.864 46.301 
-0.847 41.179 
-0.807 35.4 
-0.864 46.301 
-0.89 56.702 
-0.755 30.143 
-0.8 31.832 
-0.847 41.179 
-0.849 42.681 
-0.792 31.676 
-0.9 57.265 
-0.843 40.365 
-0.889 56.465 
-0.847 41.179 
-0.847 41.179 
-0.828 35.874 
-0.848 41.767 
-0.792 31.676 
-0.862 45.367 
-0.847 41.179 
-0.864 46.301 
-0.865 46.356 
-0.889 56.465 
-0.863 45.706 
-0.889 56.465 
-0.847 41.179 
-0.848 41.767 
-0.889 56.465 
-0.8 31.832 
-0.792 31.676 
-0.881 51.08 
-0.772 30.663 
-0.883 52.544 
-0.846 40.722 
-0.792 31.676 
-0.83 36.303 
-0.792 31.676 
-0.8 31.832 
-0.889 56.465 
-0.878 50.956 
-0.862 45.367 
-0.832 36.712 
-0.792 31.676 
-0.845 40.717 
-0.738 28.608 
-0.898 56.953 
-0.888 56.459 
-0.872 50.677 
-0.889 56.465 
-0.792 31.676 
-0.734 28.321 
-0.698 24.742 
-0.87 50.508 
-0.846 40.722 
-0.864 46.301 
-0.862 45.367 
-0.861 45.263 
-0.746 29.858 
-0.8 31.832 
-0.755 30.143 
-0.694 24.445 
-0.88 51.032 
-0.773 30.737 
-0.792 31.676 
-0.694 24.445 
-0.758 30.553 
-0.852 44.906 
-0.826 35.679 
-0.882 51.993 
-0.853 45.071 
-0.787 30.96 
-0.889 56.465 
-0.727 28.306 
-0.9 57.265 
-0.792 31.676 
-0.791 31.585 
-0.828 35.874 
-0.8 31.832 
-0.862 45.367 
-0.811 35.507 
-0.828 35.874 
-0.888 56.459 
-0.844 40.45 
-0.862 45.367 
-0.724 27.993 
-0.828 35.874 
-0.792 31.676 
-0.807 35.4 
-0.807 35.4 
-0.788 31.341 
