-0.719 25.774 
-0.895 52.08 
-0.719 25.774 
-0.764 27.022 
-0.847 41.129 
-0.812 32.799 
-0.741 26.555 
-0.869 41.99 
-0.889 47.98 
-0.816 35.836 
-0.871 45.784 
-0.846 37.348 
-0.745 26.887 
-0.772 30.413 
-0.864 41.15 
-0.797 31.759 
-0.797 31.759 
-0.786 31.283 
-0.831 36.232 
-0.879 46.893 
-0.791 31.71 
-0.775 31.092 
-0.842 36.863 
-0.812 32.799 
-0.872 46.452 
-0.772 30.413 
-0.889 47.98 
-0.886 47.139 
-0.878 46.52 
-0.83 36.06 
-0.823 36.006 
-0.865 41.702 
-0.871 45.784 
-0.773 30.681 
-0.787 31.532 
-0.842 36.863 
-0.831 36.232 
-0.887 47.384 
-0.819 35.89 
-0.823 36.006 
-0.888 47.511 
-0.869 41.99 
-0.819 35.89 
-0.774 31.079 
-0.844 37.193 
-0.843 36.866 
-0.845 37.26 
-0.865 41.702 
-0.886 47.139 
-0.786 31.283 
-0.775 31.092 
-0.787 31.532 
-0.888 47.511 
-0.846 37.348 
-0.878 46.52 
-0.872 46.452 
-0.844 37.193 
-0.83 36.06 
-0.847 41.129 
-0.774 31.079 
-0.843 36.866 
-0.719 25.774 
-0.812 32.799 
-0.797 31.759 
-0.889 47.98 
-0.871 45.784 
-0.842 36.863 
-0.886 47.139 
-0.823 36.006 
-0.869 41.99 
-0.865 41.702 
-0.786 31.283 
-0.787 31.532 
-0.846 37.348 
-0.844 37.193 
-0.888 47.511 
-0.83 36.06 
-0.847 41.129 
-0.774 31.079 
-0.843 36.866 
-0.719 25.774 
-0.812 32.799 
-0.797 31.759 
-0.889 47.98 
-0.871 45.784 
-0.842 36.863 
-0.886 47.139 
-0.823 36.006 
-0.869 41.99 
-0.787 31.532 
-0.846 37.348 
-0.888 47.511 
-0.847 41.129 
-0.83 36.06 
-0.774 31.079 
-0.719 25.774 
-0.812 32.799 
-0.797 31.759 
-0.869 41.99 
-0.787 31.532 
