-0.9 60.252 
-0.677 28.894 
-0.9 60.252 
-0.805 33.1 
-0.74 31.9 
-0.868 43.872 
-0.821 37.963 
-0.812 34.194 
-0.699 29.471 
-0.898 55.046 
-0.896 54.459 
-0.88 49.444 
-0.731 30.374 
-0.877 48.434 
-0.849 43.055 
-0.846 38.716 
-0.841 38.004 
-0.896 54.459 
-0.694 29.059 
-0.88 49.444 
-0.808 33.55 
-0.74 31.9 
-0.861 43.703 
-0.805 33.1 
-0.877 48.434 
-0.731 30.374 
-0.821 37.963 
-0.736 31.492 
-0.734 30.78 
-0.851 43.19 
-0.857 43.217 
-0.879 49.309 
-0.878 48.568 
-0.898 55.046 
-0.86 43.36 
-0.694 29.059 
-0.698 29.333 
-0.736 31.492 
-0.734 30.78 
-0.844 38.537 
-0.849 43.055 
-0.844 38.537 
-0.846 38.716 
-0.841 38.004 
-0.698 29.333 
-0.858 43.281 
-0.851 43.19 
-0.879 49.309 
-0.878 48.568 
-0.845 38.666 
-0.858 43.281 
-0.845 38.666 
-0.857 43.217 
-0.9 60.252 
-0.805 33.1 
-0.88 49.444 
-0.821 37.963 
-0.74 31.9 
-0.731 30.374 
-0.898 55.046 
-0.694 29.059 
-0.849 43.055 
-0.844 38.537 
-0.841 38.004 
-0.851 43.19 
-0.879 49.309 
-0.858 43.281 
-0.845 38.666 
-0.805 33.1 
-0.74 31.9 
-0.731 30.374 
-0.898 55.046 
-0.694 29.059 
-0.849 43.055 
-0.845 38.666 
-0.844 38.537 
-0.851 43.19 
-0.879 49.309 
-0.74 31.9 
-0.731 30.374 
-0.694 29.059 
-0.849 43.055 
-0.845 38.666 
-0.898 55.046 
-0.851 43.19 
-0.74 31.9 
-0.845 38.666 
-0.849 43.055 
-0.851 43.19 
-0.74 31.9 
-0.845 38.666 
-0.849 43.055 
-0.845 38.666 
-0.849 43.055 
-0.845 38.666 
-0.849 43.055 
-0.849 43.055 
-0.845 38.666 
-0.849 43.055 
-0.845 38.666 
