-0.731 29.043 
-0.871 65.031 
-0.731 29.043 
-0.871 65.031 
-0.784 36.63 
-0.741 32.345 
-0.815 41.965 
-0.84 52.828 
-0.82 43.195 
-0.764 32.866 
-0.855 59.902 
-0.798 37.873 
-0.854 54.958 
-0.863 60.371 
-0.838 48.684 
-0.769 33.321 
-0.769 33.321 
-0.736 31.968 
-0.8 41.606 
-0.799 41.525 
-0.852 54.753 
-0.822 46.567 
-0.846 53.298 
-0.832 48.126 
-0.823 47.666 
-0.86 60.039 
-0.863 60.371 
-0.835 48.671 
-0.846 53.298 
-0.764 32.866 
-0.828 47.72 
-0.736 31.968 
-0.822 46.567 
-0.793 37.536 
-0.792 37.414 
-0.828 47.72 
-0.789 37.278 
-0.787 36.936 
-0.8 41.606 
-0.862 60.284 
-0.793 37.536 
-0.787 36.936 
-0.838 48.684 
-0.788 37.016 
-0.862 60.284 
-0.854 54.958 
-0.855 59.902 
-0.789 37.278 
-0.799 41.525 
-0.788 37.016 
-0.823 47.666 
-0.863 60.371 
-0.764 32.866 
-0.822 46.567 
-0.828 47.72 
-0.838 48.684 
-0.8 41.606 
-0.787 36.936 
-0.862 60.284 
-0.799 41.525 
-0.854 54.958 
-0.855 59.902 
-0.823 47.666 
-0.862 60.284 
-0.828 47.72 
-0.855 59.902 
-0.855 59.902 
-0.828 47.72 
-0.862 60.284 
-0.764 32.866 
-0.828 47.72 
-0.863 60.371 
-0.828 47.72 
-0.828 47.72 
-0.764 32.866 
-0.822 46.567 
-0.823 47.666 
-0.855 59.902 
-0.823 47.666 
-0.822 46.567 
-0.8 41.606 
-0.828 47.72 
-0.862 60.284 
-0.823 47.666 
-0.823 47.666 
-0.862 60.284 
-0.862 60.284 
-0.862 60.284 
-0.828 47.72 
-0.862 60.284 
-0.862 60.284 
-0.828 47.72 
-0.828 47.72 
-0.871 65.031 
-0.822 46.567 
-0.828 47.72 
-0.855 59.902 
-0.855 59.902 
-0.862 60.284 
-0.854 54.958 
