-0.907 53.464 
-0.778 27.275 
-0.784 31.392 
-0.829 31.929 
-0.819 31.51 
-0.899 48.624 
-0.889 47.933 
-0.88 42.975 
-0.906 53.44 
-0.847 35.825 
-0.781 27.536 
-0.847 35.825 
-0.861 41.304 
-0.855 38.194 
-0.897 48.141 
-0.855 38.194 
-0.889 47.933 
-0.88 42.975 
-0.862 41.533 
-0.869 41.587 
-0.861 41.304 
-0.906 53.44 
-0.875 42.315 
-0.854 37.191 
-0.828 31.869 
-0.877 42.403 
-0.824 31.864 
-0.821 31.776 
-0.872 42.057 
-0.871 41.819 
-0.879 42.849 
-0.784 31.392 
-0.854 37.191 
-0.853 36.709 
-0.781 27.536 
-0.87 41.676 
-0.824 31.864 
-0.85 36.192 
-0.848 35.855 
-0.819 31.51 
-0.821 31.776 
-0.898 48.355 
-0.853 36.709 
-0.852 36.441 
-0.872 42.057 
-0.852 36.441 
-0.851 36.196 
-0.78 27.499 
-0.878 42.641 
-0.848 35.855 
-0.78 27.499 
-0.898 48.355 
-0.878 42.641 
-0.85 36.192 
-0.851 36.196 
-0.855 38.194 
-0.88 42.975 
-0.898 48.355 
-0.784 31.392 
-0.854 37.191 
-0.781 27.536 
-0.824 31.864 
-0.819 31.51 
-0.821 31.776 
-0.853 36.709 
-0.872 42.057 
-0.852 36.441 
-0.78 27.499 
-0.851 36.196 
-0.898 48.355 
-0.898 48.355 
-0.854 37.191 
-0.898 48.355 
-0.898 48.355 
-0.854 37.191 
-0.854 37.191 
-0.898 48.355 
-0.898 48.355 
-0.898 48.355 
-0.852 36.441 
-0.852 36.441 
-0.898 48.355 
-0.898 48.355 
-0.898 48.355 
-0.898 48.355 
-0.898 48.355 
-0.854 37.191 
-0.784 31.392 
-0.898 48.355 
-0.781 27.536 
-0.852 36.441 
-0.854 37.191 
-0.824 31.864 
-0.784 31.392 
-0.898 48.355 
-0.898 48.355 
-0.898 48.355 
-0.854 37.191 
-0.854 37.191 
-0.854 37.191 
