-0.872 61.801 
-0.872 61.801 
-0.652 24.77 
-0.692 25.737 
-0.837 41.966 
-0.863 57.103 
-0.716 26.118 
-0.853 45.758 
-0.655 25.453 
-0.738 28.791 
-0.855 50.68 
-0.863 57.103 
-0.83 41.153 
-0.785 34.682 
-0.829 36.548 
-0.854 50.412 
-0.78 31.576 
-0.853 45.758 
-0.767 30.42 
-0.711 25.789 
-0.81 35.802 
-0.783 31.916 
-0.826 35.907 
-0.749 29.698 
-0.763 29.876 
-0.8 34.698 
-0.855 50.68 
-0.741 29.058 
-0.749 29.698 
-0.803 35.214 
-0.81 35.802 
-0.741 29.058 
-0.83 41.153 
-0.654 24.849 
-0.711 25.789 
-0.828 36.233 
-0.803 35.214 
-0.802 35.088 
-0.783 31.916 
-0.766 30.359 
-0.854 50.412 
-0.801 34.827 
-0.765 30.222 
-0.764 30.037 
-0.785 34.682 
-0.827 36.059 
-0.764 30.037 
-0.827 36.059 
-0.765 30.222 
-0.801 34.827 
-0.654 24.849 
-0.872 61.801 
-0.749 29.698 
-0.855 50.68 
-0.654 24.849 
-0.83 41.153 
-0.711 25.789 
-0.764 30.037 
-0.854 50.412 
-0.785 34.682 
-0.765 30.222 
-0.801 34.827 
-0.827 36.059 
-0.749 29.698 
-0.855 50.68 
-0.711 25.789 
-0.654 24.849 
-0.764 30.037 
-0.785 34.682 
-0.765 30.222 
-0.827 36.059 
-0.801 34.827 
-0.749 29.698 
-0.855 50.68 
-0.711 25.789 
-0.764 30.037 
-0.801 34.827 
-0.801 34.827 
-0.801 34.827 
-0.711 25.789 
-0.764 30.037 
-0.801 34.827 
-0.749 29.698 
-0.764 30.037 
-0.801 34.827 
-0.749 29.698 
-0.801 34.827 
-0.801 34.827 
-0.711 25.789 
-0.801 34.827 
-0.801 34.827 
-0.801 34.827 
-0.801 34.827 
-0.749 29.698 
-0.801 34.827 
-0.801 34.827 
-0.801 34.827 
-0.801 34.827 
-0.764 30.037 
-0.801 34.827 
