-0.627 29.135 
-0.87 51.696 
-0.87 51.696 
-0.627 29.135 
-0.693 31.09 
-0.758 31.11 
-0.685 30.89 
-0.862 46.911 
-0.846 42.517 
-0.859 46.358 
-0.822 37.167 
-0.834 40.813 
-0.81 35.765 
-0.799 32.51 
-0.79 31.117 
-0.758 31.11 
-0.685 30.89 
-0.846 42.517 
-0.822 37.167 
-0.799 32.51 
-0.81 35.765 
-0.859 46.358 
-0.834 40.813 
-0.862 46.911 
-0.798 32.049 
-0.837 41.347 
-0.839 41.516 
-0.819 36.756 
-0.816 36.241 
-0.842 42.029 
-0.815 36.112 
-0.843 42.104 
-0.82 36.771 
-0.795 31.723 
-0.839 41.516 
-0.815 36.112 
-0.798 32.049 
-0.795 31.723 
-0.793 31.499 
-0.791 31.174 
-0.816 36.241 
-0.861 46.782 
-0.86 46.489 
-0.836 41.065 
-0.843 42.104 
-0.842 42.029 
-0.819 36.756 
-0.794 31.554 
-0.791 31.174 
-0.793 31.499 
-0.86 46.489 
-0.861 46.782 
-0.835 40.94 
-0.836 41.065 
-0.835 40.94 
-0.82 36.771 
-0.794 31.554 
-0.79 31.117 
-0.87 51.696 
-0.627 29.135 
-0.758 31.11 
-0.685 30.89 
-0.822 37.167 
-0.799 32.51 
-0.81 35.765 
-0.859 46.358 
-0.834 40.813 
-0.862 46.911 
-0.839 41.516 
-0.798 32.049 
-0.795 31.723 
-0.816 36.241 
-0.843 42.104 
-0.842 42.029 
-0.819 36.756 
-0.793 31.499 
-0.86 46.489 
-0.861 46.782 
-0.836 41.065 
-0.835 40.94 
-0.82 36.771 
-0.794 31.554 
-0.79 31.117 
-0.627 29.135 
-0.758 31.11 
-0.685 30.89 
-0.799 32.51 
-0.81 35.765 
-0.859 46.358 
-0.834 40.813 
-0.862 46.911 
-0.839 41.516 
-0.798 32.049 
-0.795 31.723 
-0.836 41.065 
-0.843 42.104 
-0.842 42.029 
-0.816 36.241 
-0.86 46.489 
-0.861 46.782 
