-0.911 62.846 
-0.834 37.227 
-0.791 33.865 
-0.803 34.015 
-0.904 47.758 
-0.836 37.632 
-0.817 35.653 
-0.745 29.39 
-0.892 42.163 
-0.747 29.621 
-0.823 36.338 
-0.811 34.301 
-0.826 36.992 
-0.892 42.163 
-0.745 29.39 
-0.836 37.632 
-0.869 41.601 
-0.858 41.324 
-0.825 36.488 
-0.875 41.676 
-0.745 29.39 
-0.835 37.371 
-0.706 25.588 
-0.731 28.73 
-0.772 33.036 
-0.905 47.999 
-0.893 42.325 
-0.82 35.815 
-0.825 36.488 
-0.747 29.621 
-0.892 42.163 
-0.745 29.39 
-0.835 37.371 
-0.771 32.888 
-0.764 29.691 
-0.791 33.865 
-0.875 41.676 
-0.884 41.838 
-0.771 32.888 
-0.834 37.227 
-0.77 31.256 
-0.904 47.758 
