-0.685 31.19 
-0.846 52.921 
-0.685 31.19 
-0.819 47.693 
-0.698 31.428 
-0.739 32.574 
-0.814 43.166 
-0.82 51.452 
-0.777 36.706 
-0.779 40.425 
-0.791 41.195 
-0.724 32.18 
-0.804 42.265 
-0.767 35.287 
-0.746 35.226 
-0.724 32.18 
-0.745 34.855 
-0.828 51.485 
-0.77 36.21 
-0.782 41.181 
-0.837 52.303 
-0.811 42.326 
-0.843 52.341 
-0.837 52.303 
-0.828 51.485 
-0.745 34.855 
-0.77 36.21 
-0.781 40.706 
-0.777 36.706 
-0.813 42.995 
-0.812 42.497 
-0.845 52.785 
-0.767 35.287 
-0.845 52.785 
-0.843 52.341 
-0.812 42.497 
-0.813 42.995 
-0.78 40.585 
-0.78 40.585 
-0.746 35.226 
-0.82 51.452 
-0.782 41.181 
-0.685 31.19 
-0.845 52.785 
-0.724 32.18 
-0.837 52.303 
-0.745 34.855 
-0.77 36.21 
-0.78 40.585 
-0.767 35.287 
-0.843 52.341 
-0.812 42.497 
-0.746 35.226 
-0.82 51.452 
-0.782 41.181 
-0.845 52.785 
-0.745 34.855 
-0.837 52.303 
-0.78 40.585 
-0.77 36.21 
-0.82 51.452 
-0.843 52.341 
-0.812 42.497 
-0.782 41.181 
-0.77 36.21 
-0.837 52.303 
-0.78 40.585 
-0.82 51.452 
-0.782 41.181 
-0.843 52.341 
-0.812 42.497 
-0.837 52.303 
-0.78 40.585 
-0.82 51.452 
-0.782 41.181 
-0.812 42.497 
-0.78 40.585 
-0.78 40.585 
-0.78 40.585 
-0.78 40.585 
-0.78 40.585 
-0.78 40.585 
-0.837 52.303 
-0.78 40.585 
-0.78 40.585 
-0.837 52.303 
-0.78 40.585 
-0.78 40.585 
-0.78 40.585 
-0.78 40.585 
-0.78 40.585 
-0.78 40.585 
-0.78 40.585 
-0.78 40.585 
-0.77 36.21 
-0.78 40.585 
-0.78 40.585 
-0.845 52.785 
-0.782 41.181 
-0.78 40.585 
