-0.846 52.921 
-0.706 31.154 
-0.846 52.921 
-0.828 46.881 
-0.834 52.11 
-0.732 31.52 
-0.739 32.573 
-0.828 46.881 
-0.777 36.706 
-0.779 40.425 
-0.814 43.166 
-0.753 34.96 
-0.81 42.046 
-0.792 41.464 
-0.745 34.855 
-0.767 35.287 
-0.814 43.166 
-0.771 36.189 
-0.79 40.986 
-0.769 35.571 
-0.781 40.706 
-0.843 52.341 
-0.837 52.303 
-0.745 34.855 
-0.775 36.454 
-0.813 42.995 
-0.812 42.497 
-0.767 35.287 
-0.845 52.785 
-0.775 36.454 
-0.777 36.706 
-0.837 52.303 
-0.779 40.425 
-0.845 52.785 
-0.811 42.326 
-0.79 40.986 
-0.781 40.706 
-0.791 41.195 
-0.791 41.195 
-0.843 52.341 
-0.811 42.326 
-0.812 42.497 
-0.813 42.995 
-0.78 40.585 
-0.78 40.585 
-0.846 52.921 
-0.814 43.166 
-0.745 34.855 
-0.767 35.287 
-0.777 36.706 
-0.775 36.454 
-0.837 52.303 
-0.779 40.425 
-0.845 52.785 
-0.781 40.706 
-0.791 41.195 
-0.843 52.341 
-0.812 42.497 
-0.813 42.995 
-0.78 40.585 
-0.811 42.326 
-0.814 43.166 
-0.837 52.303 
-0.745 34.855 
-0.777 36.706 
-0.767 35.287 
-0.779 40.425 
-0.845 52.785 
-0.843 52.341 
-0.812 42.497 
-0.813 42.995 
-0.78 40.585 
-0.811 42.326 
-0.791 41.195 
-0.837 52.303 
-0.745 34.855 
-0.777 36.706 
-0.767 35.287 
-0.779 40.425 
-0.845 52.785 
-0.843 52.341 
-0.812 42.497 
-0.813 42.995 
-0.78 40.585 
-0.811 42.326 
-0.791 41.195 
-0.837 52.303 
-0.745 34.855 
-0.767 35.287 
-0.845 52.785 
-0.843 52.341 
-0.812 42.497 
-0.78 40.585 
-0.845 52.785 
-0.837 52.303 
-0.745 34.855 
-0.78 40.585 
-0.767 35.287 
-0.843 52.341 
-0.812 42.497 
