-0.706 31.154 
-0.846 52.778 
-0.846 52.778 
-0.706 31.154 
-0.835 51.69 
-0.83 47.895 
-0.828 46.881 
-0.814 43.166 
-0.778 40.28 
-0.777 36.706 
-0.745 34.785 
-0.739 32.573 
-0.804 41.115 
-0.828 46.881 
-0.756 35.076 
-0.814 43.166 
-0.844 52.068 
-0.719 31.267 
-0.719 31.267 
-0.732 31.52 
-0.792 41.077 
-0.707 31.156 
-0.767 35.287 
-0.739 32.573 
-0.787 40.543 
-0.779 40.425 
-0.753 34.96 
-0.79 40.939 
-0.81 42.046 
-0.745 34.785 
-0.81 42.046 
-0.734 31.73 
-0.812 42.43 
-0.804 41.115 
-0.734 31.73 
-0.829 47.211 
-0.77 36.163 
-0.769 35.571 
-0.811 42.259 
-0.813 42.946 
-0.775 36.454 
-0.771 36.189 
-0.753 34.96 
-0.787 40.543 
-0.845 52.402 
-0.845 52.402 
-0.829 47.211 
-0.775 36.454 
-0.771 36.189 
-0.732 31.52 
-0.813 42.946 
-0.767 35.287 
-0.777 36.706 
-0.776 36.5 
-0.769 35.571 
-0.768 35.371 
-0.792 41.077 
-0.778 40.28 
-0.733 31.606 
-0.779 40.425 
-0.707 31.156 
-0.733 31.606 
-0.768 35.371 
-0.776 36.5 
-0.77 36.163 
-0.706 31.154 
-0.828 46.881 
-0.814 43.166 
-0.739 32.573 
-0.753 34.96 
-0.829 47.211 
-0.745 34.785 
-0.81 42.046 
-0.734 31.73 
-0.767 35.287 
-0.775 36.454 
-0.771 36.189 
-0.732 31.52 
-0.813 42.946 
-0.777 36.706 
-0.769 35.571 
-0.778 40.28 
-0.779 40.425 
-0.707 31.156 
-0.733 31.606 
-0.768 35.371 
-0.845 52.402 
-0.77 36.163 
-0.706 31.154 
-0.828 46.881 
-0.814 43.166 
-0.739 32.573 
-0.753 34.96 
-0.745 34.785 
-0.829 47.211 
-0.767 35.287 
-0.775 36.454 
-0.771 36.189 
-0.732 31.52 
-0.813 42.946 
