-0.71 31.093 
-0.846 52.642 
-0.846 52.642 
-0.71 31.093 
-0.818 45.562 
-0.74 32.223 
-0.843 51.686 
-0.83 47.761 
-0.745 34.785 
-0.784 40.108 
-0.782 36.8 
-0.83 47.761 
-0.814 43.166 
-0.843 51.686 
-0.804 41.115 
-0.719 31.267 
-0.792 41.076 
-0.732 31.52 
-0.76 35.173 
-0.828 46.881 
-0.787 40.469 
-0.719 31.267 
-0.828 46.881 
-0.753 34.96 
-0.806 41.661 
-0.767 35.286 
-0.734 31.73 
-0.771 35.83 
-0.745 34.785 
-0.78 36.519 
-0.845 52.072 
-0.814 43.166 
-0.81 42.046 
-0.756 35.076 
-0.829 47.206 
-0.776 36.5 
-0.784 40.108 
-0.773 36.189 
-0.813 42.946 
-0.812 42.43 
-0.734 31.73 
-0.753 34.96 
-0.79 40.939 
-0.782 36.8 
-0.79 40.939 
-0.773 36.189 
-0.805 41.531 
-0.756 35.076 
-0.81 42.046 
-0.844 52.049 
-0.829 47.206 
-0.775 36.454 
-0.732 31.52 
-0.77 35.582 
-0.813 42.946 
-0.811 42.259 
-0.775 36.454 
-0.769 35.571 
-0.768 35.371 
-0.78 36.519 
-0.733 31.553 
-0.811 42.259 
-0.812 42.43 
-0.805 41.531 
-0.767 35.286 
-0.791 41.047 
-0.768 35.371 
-0.804 41.115 
-0.733 31.553 
-0.791 41.047 
-0.844 52.049 
-0.776 36.5 
-0.77 35.582 
-0.769 35.571 
-0.71 31.093 
-0.846 52.642 
-0.83 47.761 
-0.828 46.881 
-0.814 43.166 
-0.843 51.686 
-0.719 31.267 
-0.745 34.785 
-0.784 40.108 
-0.773 36.189 
-0.756 35.076 
-0.753 34.96 
-0.782 36.8 
-0.79 40.939 
-0.81 42.046 
-0.844 52.049 
-0.734 31.73 
-0.77 35.582 
-0.829 47.206 
-0.732 31.52 
-0.813 42.946 
-0.775 36.454 
-0.78 36.519 
-0.811 42.259 
-0.812 42.43 
-0.805 41.531 
