-0.863 52.239 
-0.696 24.955 
-0.863 52.239 
-0.696 24.955 
-0.854 51.507 
-0.726 28.883 
-0.78 34.321 
-0.752 28.961 
-0.846 46.922 
-0.775 31.119 
-0.805 36.442 
-0.712 25.417 
-0.829 42.453 
-0.809 39.443 
-0.759 29.99 
-0.716 26.335 
-0.834 44.747 
-0.825 41.6 
-0.77 30.375 
-0.844 46.201 
-0.821 40.438 
-0.861 51.636 
-0.726 28.883 
-0.716 26.335 
-0.846 46.922 
-0.798 35.034 
-0.789 34.959 
-0.773 30.783 
-0.817 39.483 
-0.837 45.715 
-0.819 39.798 
-0.834 44.747 
-0.787 34.856 
-0.756 29.638 
-0.81 39.457 
-0.827 41.736 
-0.802 35.841 
-0.835 45.348 
-0.714 26.289 
-0.82 40.417 
-0.754 29.592 
-0.862 52.026 
-0.77 30.375 
-0.787 34.856 
-0.828 42.421 
-0.713 25.649 
-0.803 36.079 
-0.804 36.227 
-0.809 39.443 
-0.837 45.715 
-0.801 35.399 
-0.8 35.161 
-0.845 46.57 
-0.845 46.57 
-0.836 45.42 
-0.798 35.034 
-0.789 34.959 
-0.801 35.399 
-0.713 25.649 
-0.754 29.592 
-0.817 39.483 
-0.827 41.736 
-0.8 35.161 
-0.836 45.42 
-0.714 26.289 
-0.828 42.421 
-0.81 39.457 
-0.863 52.239 
-0.696 24.955 
-0.726 28.883 
-0.716 26.335 
-0.834 44.747 
-0.77 30.375 
-0.809 39.443 
-0.837 45.715 
-0.801 35.399 
-0.845 46.57 
-0.789 34.959 
-0.713 25.649 
-0.827 41.736 
-0.8 35.161 
-0.836 45.42 
-0.817 39.483 
-0.696 24.955 
-0.863 52.239 
-0.726 28.883 
-0.77 30.375 
-0.713 25.649 
-0.809 39.443 
-0.837 45.715 
-0.801 35.399 
-0.845 46.57 
-0.817 39.483 
-0.863 52.239 
-0.817 39.483 
-0.817 39.483 
-0.863 52.239 
-0.863 52.239 
-0.863 52.239 
-0.809 39.443 
