-0.659 26.195 
-0.837 61.924 
-0.837 61.924 
-0.659 26.195 
-0.799 47.355 
-0.829 57.283 
-0.821 56.099 
-0.815 52.018 
-0.691 30.284 
-0.783 41.72 
-0.685 27.308 
-0.788 45.096 
-0.689 27.815 
-0.735 35.126 
-0.803 50.302 
-0.765 40.262 
-0.759 37.569 
-0.822 56.318 
-0.674 27.2 
-0.696 30.551 
-0.789 45.316 
-0.798 46.249 
-0.73 33.225 
-0.813 51.54 
-0.78 41.281 
-0.829 57.283 
-0.759 37.569 
-0.662 26.441 
-0.667 26.878 
-0.767 40.561 
-0.765 40.262 
-0.783 41.72 
-0.806 50.761 
-0.774 40.824 
-0.821 56.099 
-0.773 40.605 
-0.757 37.161 
-0.715 31.766 
-0.713 31.173 
-0.752 37.131 
-0.707 31.112 
-0.73 33.225 
-0.748 36.324 
-0.828 57.252 
-0.803 50.302 
-0.815 52.018 
-0.788 45.096 
-0.795 45.818 
-0.701 30.917 
-0.806 50.761 
-0.828 57.252 
-0.706 30.999 
-0.75 36.574 
-0.804 50.733 
-0.78 41.281 
-0.796 45.837 
-0.7 30.728 
-0.813 51.54 
-0.727 32.576 
-0.751 36.802 
-0.689 27.815 
-0.664 26.729 
-0.814 51.989 
-0.738 35.739 
-0.719 31.782 
-0.724 32.566 
-0.741 35.748 
-0.736 35.281 
-0.744 36.124 
-0.745 36.288 
-0.674 27.2 
-0.795 45.818 
-0.729 32.937 
-0.671 27.121 
-0.67 27.062 
-0.774 40.824 
-0.743 35.923 
-0.714 31.377 
-0.729 32.937 
-0.664 26.729 
-0.737 35.492 
-0.767 40.561 
-0.757 37.161 
-0.721 32.041 
-0.72 31.819 
-0.737 35.492 
-0.727 32.576 
-0.741 35.748 
-0.723 32.39 
-0.722 32.182 
-0.714 31.377 
-0.67 27.062 
-0.7 30.728 
-0.723 32.39 
-0.743 35.923 
-0.722 32.182 
-0.721 32.041 
-0.706 30.999 
-0.701 30.917 
-0.671 27.121 
