-0.837 61.656 
-0.837 61.656 
-0.659 26.148 
-0.815 52.004 
-0.829 57.283 
-0.803 50.032 
-0.82 55.827 
-0.674 26.716 
-0.788 45.096 
-0.783 41.719 
-0.671 26.15 
-0.73 33.221 
-0.691 30.127 
-0.689 27.815 
-0.799 47.355 
-0.759 37.569 
-0.685 27.255 
-0.764 40.041 
-0.813 51.538 
-0.807 50.82 
-0.789 45.315 
-0.735 35.066 
-0.795 45.754 
-0.799 47.355 
-0.773 40.533 
-0.757 37.143 
-0.765 40.262 
-0.713 31.163 
-0.741 35.697 
-0.829 57.283 
-0.719 31.76 
-0.798 46.249 
-0.737 35.393 
-0.774 40.824 
-0.707 31.097 
-0.759 37.569 
-0.752 37.131 
-0.715 31.563 
-0.685 27.255 
-0.823 56.581 
-0.78 41.281 
-0.705 30.831 
-0.82 55.827 
-0.764 40.041 
-0.788 45.096 
-0.696 30.514 
-0.735 35.066 
-0.796 45.836 
-0.783 41.719 
-0.723 32.39 
-0.828 57.251 
-0.7 30.728 
-0.748 36.324 
-0.721 31.915 
-0.726 32.434 
-0.689 27.815 
-0.743 35.855 
-0.806 50.5 
-0.822 56.303 
-0.821 56.091 
-0.722 32.165 
-0.828 57.251 
-0.823 56.581 
-0.745 36.288 
-0.744 36.035 
-0.714 31.377 
-0.697 30.703 
-0.691 30.127 
-0.782 41.638 
-0.781 41.352 
-0.729 32.891 
-0.736 35.204 
-0.7 30.728 
-0.806 50.5 
-0.78 41.281 
-0.774 40.824 
-0.75 36.506 
-0.814 51.988 
-0.798 46.249 
-0.696 30.514 
-0.751 36.748 
-0.749 36.496 
-0.727 32.571 
-0.729 32.891 
-0.727 32.571 
-0.705 30.831 
-0.773 40.533 
-0.765 40.262 
-0.707 31.097 
-0.751 36.748 
-0.745 36.288 
-0.697 30.703 
-0.814 51.988 
-0.752 37.131 
-0.759 37.569 
-0.764 40.041 
-0.783 41.719 
-0.689 27.815 
-0.828 57.251 
-0.823 56.581 
