-0.871 54.591 
-0.697 30.003 
-0.871 54.591 
-0.697 30.003 
-0.801 41.803 
-0.75 33.201 
-0.864 53.148 
-0.798 38.759 
-0.854 50.29 
-0.758 35.754 
-0.711 31.299 
-0.782 36.703 
-0.711 31.299 
-0.864 53.148 
-0.769 36.587 
-0.808 41.879 
-0.731 32.201 
-0.854 50.29 
-0.72 31.453 
-0.842 48.578 
-0.758 35.754 
-0.832 46.64 
-0.83 45.376 
-0.763 36.574 
-0.722 31.747 
-0.736 32.495 
-0.744 32.68 
-0.823 43.923 
-0.851 49.411 
-0.725 32.009 
-0.838 47.624 
-0.785 37.16 
-0.769 36.587 
-0.818 42.583 
-0.836 47.154 
-0.759 36.13 
-0.852 50.061 
-0.829 44.786 
-0.813 41.906 
-0.83 45.376 
-0.798 38.759 
-0.846 48.644 
-0.849 49.363 
-0.82 43.26 
-0.868 53.693 
-0.869 53.933 
-0.797 38.329 
-0.834 47.084 
-0.745 32.722 
-0.868 53.693 
-0.791 37.675 
-0.848 48.821 
-0.749 33.108 
-0.735 32.388 
-0.815 42.442 
-0.788 37.636 
-0.842 48.578 
-0.725 32.009 
-0.828 44.735 
-0.837 47.617 
-0.759 36.13 
-0.822 43.486 
-0.763 36.574 
-0.838 47.624 
-0.826 44.335 
-0.794 37.964 
-0.782 36.703 
-0.786 37.202 
-0.787 37.587 
-0.869 53.933 
-0.747 32.943 
-0.814 42.104 
-0.832 46.64 
-0.847 48.714 
-0.82 43.26 
-0.747 32.943 
-0.72 31.453 
-0.825 44.194 
-0.827 44.463 
-0.825 44.194 
-0.833 46.827 
-0.818 42.583 
-0.852 50.061 
-0.814 42.104 
-0.816 42.491 
-0.735 32.388 
-0.833 46.827 
-0.744 32.68 
-0.736 32.495 
-0.821 43.434 
-0.796 38.272 
-0.795 38.106 
-0.795 38.106 
-0.827 44.463 
-0.793 37.845 
-0.848 48.821 
-0.816 42.491 
-0.793 37.845 
-0.792 37.757 
-0.792 37.757 
