P=? [ F (x=9&y=9&crashed=0) ]	R{"cost"}=? [ C<=100 ]
0.927	54.173
0.729	25.173
0.729	25.173
0.927	54.173
0.757	29.151
0.805	30.209
0.888	42.26
0.925	53.528
0.918	49.049
0.778	29.655
0.751	25.399
0.906	47.716
0.901	43.889
0.884	38.765
0.862	36.553
0.85	33.362
0.776	29.27
0.731	25.178
0.747	25.187
0.862	36.553
0.85	33.362
0.836	31.693
0.876	37.32
0.821	30.52
0.867	37.277
0.813	30.517
0.918	49.049
0.83	31.501
0.925	53.528
0.913	48.154
0.813	30.517
0.893	42.454
0.884	38.765
0.751	25.399
0.838	32.084
0.906	47.716
0.917	48.665
0.901	43.889
0.83	31.501
0.842	32.21
0.908	48.136
0.778	29.655
0.882	38.251
0.825	31.063
0.846	32.804
0.845	32.538
0.895	42.863
0.897	42.955
0.882	38.251
0.88	37.852
0.878	37.717
0.863	36.797
0.849	33.125
0.917	48.665
0.824	31.019
0.866	37.077
0.913	48.154
0.899	43.364
0.825	31.063
0.842	32.21
0.899	43.364
0.926	53.782
0.893	42.454
0.824	31.019
0.845	32.538
0.849	33.125
0.846	32.804
0.821	30.52
0.9	43.659
0.748	25.189
0.88	37.852
0.878	37.717
0.866	37.077
0.863	36.797
0.838	32.084
0.776	29.27
0.926	53.782
0.907	47.955
0.897	42.955
0.895	42.863
0.9	43.659
0.748	25.189
0.876	37.32
0.907	47.955
0.731	25.178
0.867	37.277
0.908	48.136
0.747	25.187
0.729	25.173
0.927	54.173
0.862	36.553
0.85	33.362
0.884	38.765
0.918	49.049
0.925	53.528
0.813	30.517
0.751	25.399
0.906	47.716
0.901	43.889
0.778	29.655
