-0.672 23.612 
-0.909 62.148 
-0.672 23.612 
-0.726 25.718 
-0.897 61.943 
-0.891 56.654 
-0.873 41.102 
-0.862 40.91 
-0.882 51.083 
-0.891 56.654 
-0.89 51.812 
-0.828 31.751 
-0.877 45.85 
-0.881 46.521 
-0.748 29.07 
-0.776 30.004 
-0.854 36.676 
-0.816 30.236 
-0.792 30.159 
-0.837 34.746 
-0.732 26.261 
-0.777 30.018 
-0.792 30.159 
-0.739 27.697 
-0.837 34.746 
-0.739 27.697 
-0.744 28.354 
-0.854 36.676 
-0.863 41.0 
-0.871 41.021 
-0.847 35.927 
-0.853 36.47 
-0.897 61.943 
-0.747 28.961 
-0.825 31.463 
-0.776 30.004 
-0.748 29.07 
-0.731 25.998 
-0.839 35.392 
-0.845 35.464 
-0.888 51.656 
-0.877 45.85 
-0.888 51.656 
-0.882 51.083 
-0.745 28.388 
-0.838 35.306 
-0.821 30.819 
-0.853 36.47 
-0.847 35.927 
-0.823 31.436 
-0.819 30.531 
-0.816 30.236 
-0.846 35.546 
-0.881 46.521 
-0.88 46.173 
-0.822 31.088 
-0.879 46.005 
-0.889 51.716 
-0.819 30.531 
-0.731 25.998 
-0.822 31.088 
-0.745 28.388 
-0.871 41.021 
-0.82 30.701 
-0.88 46.173 
-0.879 46.005 
-0.82 30.701 
-0.838 35.306 
-0.846 35.546 
-0.845 35.464 
-0.839 35.392 
-0.823 31.436 
-0.863 41.0 
-0.672 23.612 
-0.792 30.159 
-0.854 36.676 
-0.748 29.07 
-0.897 61.943 
-0.776 30.004 
-0.877 45.85 
-0.888 51.656 
-0.882 51.083 
-0.853 36.47 
-0.847 35.927 
-0.816 30.236 
-0.745 28.388 
-0.881 46.521 
-0.819 30.531 
-0.82 30.701 
-0.838 35.306 
-0.846 35.546 
-0.845 35.464 
-0.839 35.392 
-0.731 25.998 
-0.871 41.021 
-0.863 41.0 
-0.672 23.612 
-0.792 30.159 
-0.854 36.676 
-0.745 28.388 
