-0.671 23.493 
-0.909 62.1 
-0.671 23.493 
-0.748 29.07 
-0.799 30.0 
-0.864 40.506 
-0.672 23.612 
-0.713 25.649 
-0.877 45.805 
-0.9 56.624 
-0.89 46.109 
-0.898 51.593 
-0.9 56.624 
-0.855 36.648 
-0.899 51.686 
-0.873 41.052 
-0.829 31.757 
-0.713 25.649 
-0.836 34.659 
-0.732 26.259 
-0.816 30.143 
-0.801 30.08 
-0.888 45.959 
-0.726 25.715 
-0.672 23.612 
-0.739 27.696 
-0.89 46.109 
-0.898 51.593 
-0.839 35.038 
-0.871 40.882 
-0.739 27.696 
-0.799 30.0 
-0.836 34.659 
-0.825 31.302 
-0.828 31.633 
-0.748 29.07 
-0.731 25.997 
-0.845 35.456 
-0.726 25.715 
-0.823 31.299 
-0.822 30.972 
-0.877 45.805 
-0.743 28.078 
-0.849 36.035 
-0.839 35.038 
-0.847 35.876 
-0.873 41.052 
-0.82 30.557 
-0.845 35.456 
-0.852 36.321 
-0.747 28.917 
-0.746 28.529 
-0.871 40.882 
-0.846 35.505 
-0.818 30.436 
-0.837 34.746 
-0.731 25.997 
-0.821 30.819 
-0.818 30.436 
-0.837 34.746 
-0.816 30.143 
-0.741 27.885 
-0.801 30.08 
-0.745 28.388 
-0.744 28.188 
-0.741 27.885 
-0.847 35.876 
-0.821 30.819 
-0.747 28.917 
-0.853 36.469 
-0.746 28.529 
-0.745 28.388 
-0.85 36.163 
-0.872 41.01 
-0.74 27.822 
-0.744 28.188 
-0.854 36.54 
-0.899 51.686 
-0.819 30.527 
-0.851 36.235 
-0.851 36.235 
-0.85 36.163 
-0.854 36.54 
-0.853 36.469 
-0.74 27.822 
-0.846 35.505 
-0.872 41.01 
-0.819 30.527 
-0.671 23.493 
-0.9 56.624 
-0.713 25.649 
-0.672 23.612 
-0.739 27.696 
-0.799 30.0 
-0.836 34.659 
-0.748 29.07 
-0.726 25.715 
-0.877 45.805 
-0.839 35.038 
-0.85 36.163 
