-0.657 23.947 
-0.9 62.179 
-0.657 23.947 
-0.89 57.579 
-0.666 24.676 
-0.716 25.966 
-0.816 30.236 
-0.776 30.004 
-0.888 51.657 
-0.854 36.676 
-0.824 35.109 
-0.863 41.042 
-0.891 61.809 
-0.872 41.998 
-0.719 27.593 
-0.748 29.071 
-0.739 27.697 
-0.776 30.004 
-0.882 51.083 
-0.878 46.198 
-0.881 47.466 
-0.823 31.55 
-0.838 35.306 
-0.745 28.388 
-0.871 41.931 
-0.863 41.042 
-0.659 24.618 
-0.717 25.967 
-0.878 46.198 
-0.847 35.927 
-0.853 36.47 
-0.845 35.464 
-0.748 29.071 
-0.822 31.211 
-0.88 47.344 
-0.897 61.944 
-0.819 30.812 
-0.888 51.657 
-0.819 30.812 
-0.882 51.083 
-0.897 61.944 
-0.846 35.546 
-0.823 31.55 
-0.88 47.344 
-0.846 35.546 
-0.657 23.947 
-0.863 41.042 
-0.748 29.071 
-0.776 30.004 
-0.88 47.344 
-0.888 51.657 
-0.882 51.083 
-0.897 61.944 
-0.846 35.546 
-0.657 23.947 
-0.846 35.546 
-0.846 35.546 
-0.846 35.546 
-0.657 23.947 
-0.657 23.947 
-0.657 23.947 
-0.657 23.947 
-0.776 30.004 
-0.657 23.947 
-0.88 47.344 
-0.657 23.947 
-0.657 23.947 
-0.657 23.947 
-0.657 23.947 
-0.657 23.947 
-0.776 30.004 
-0.657 23.947 
-0.657 23.947 
-0.657 23.947 
-0.846 35.546 
-0.846 35.546 
-0.846 35.546 
-0.776 30.004 
-0.88 47.344 
-0.657 23.947 
-0.657 23.947 
-0.863 41.042 
-0.657 23.947 
-0.657 23.947 
-0.657 23.947 
-0.657 23.947 
-0.776 30.004 
-0.882 51.083 
-0.88 47.344 
-0.846 35.546 
-0.88 47.344 
-0.888 51.657 
-0.657 23.947 
-0.657 23.947 
-0.878 46.198 
-0.657 23.947 
-0.657 23.947 
-0.748 29.071 
-0.657 23.947 
-0.846 35.546 
