-0.864 47.968 
-0.864 47.968 
-0.743 34.528 
-0.864 47.968 
-0.865 48.034 
-0.727 30.429 
-0.881 53.653 
-0.713 29.759 
-0.873 48.508 
-0.841 43.371 
-0.864 47.968 
-0.864 47.968 
-0.807 38.054 
-0.832 42.445 
-0.749 34.646 
-0.881 53.653 
-0.879 52.924 
-0.808 42.155 
-0.841 43.371 
-0.88 53.445 
-0.833 42.87 
-0.863 47.72 
-0.743 34.528 
-0.74 34.511 
-0.881 53.653 
-0.864 47.968 
-0.779 37.663 
-0.809 42.214 
-0.715 30.178 
-0.815 42.341 
-0.864 47.968 
-0.727 30.429 
-0.864 47.968 
-0.881 53.653 
-0.832 42.445 
-0.777 34.996 
-0.88 53.445 
-0.841 43.371 
-0.865 48.034 
-0.839 43.063 
-0.832 42.445 
-0.806 37.805 
-0.864 47.968 
-0.84 43.366 
-0.841 43.371 
-0.738 30.449 
-0.863 47.72 
