-0.864 47.968 
-0.864 47.968 
-0.743 34.528 
-0.864 47.968 
-0.865 48.034 
-0.713 29.759 
-0.873 48.508 
-0.864 47.968 
-0.864 47.968 
-0.807 38.054 
-0.832 42.445 
-0.749 34.646 
-0.879 52.924 
-0.863 47.72 
-0.743 34.528 
-0.74 34.511 
-0.864 47.968 
-0.779 37.663 
-0.809 42.214 
-0.715 30.178 
-0.815 42.341 
-0.864 47.968 
-0.864 47.968 
-0.832 42.445 
-0.777 34.996 
-0.865 48.034 
-0.832 42.445 
-0.806 37.805 
-0.864 47.968 
-0.738 30.449 
-0.863 47.72 
-0.864 47.968 
-0.865 48.034 
-0.777 34.996 
-0.864 47.968 
-0.743 34.528 
-0.743 34.528 
-0.864 47.968 
-0.864 47.968 
-0.856 47.66 
-0.881 53.318 
-0.749 34.646 
-0.833 42.502 
-0.807 38.054 
-0.841 43.225 
-0.808 38.065 
-0.752 34.77 
-0.832 42.445 
-0.727 30.428 
-0.815 42.341 
-0.743 34.528 
-0.838 42.737 
-0.839 42.875 
-0.74 34.511 
-0.864 47.968 
