-0.845 55.801 
-0.658 23.855 
-0.658 23.855 
-0.845 55.801 
-0.836 50.581 
-0.805 44.841 
-0.843 55.384 
-0.828 46.38 
-0.779 38.665 
-0.729 28.854 
-0.733 31.998 
-0.804 41.033 
-0.767 35.213 
-0.788 39.368 
-0.677 24.405 
-0.66 24.153 
-0.681 24.864 
-0.697 27.295 
-0.681 24.864 
-0.771 37.802 
-0.697 27.295 
-0.707 27.922 
-0.717 27.951 
-0.766 35.14 
-0.705 27.647 
-0.817 45.68 
-0.826 46.069 
-0.813 45.303 
-0.812 45.043 
-0.828 46.38 
-0.796 40.495 
-0.764 33.991 
-0.843 55.384 
-0.698 27.381 
-0.803 40.949 
-0.772 37.882 
-0.72 28.396 
-0.755 33.323 
-0.727 28.595 
-0.749 33.283 
-0.82 45.952 
-0.742 32.968 
-0.737 32.495 
-0.772 37.882 
-0.758 33.727 
-0.763 33.911 
-0.747 32.977 
-0.792 39.773 
-0.771 37.802 
-0.844 55.473 
-0.718 28.03 
-0.757 33.635 
-0.679 24.747 
-0.748 33.05 
-0.803 40.949 
-0.796 40.495 
-0.677 24.405 
-0.66 24.153 
-0.792 39.773 
-0.739 32.697 
-0.741 32.772 
-0.734 32.074 
-0.719 28.318 
-0.679 24.747 
-0.794 40.239 
-0.793 39.956 
-0.756 33.361 
-0.736 32.225 
-0.698 27.381 
-0.819 45.866 
-0.764 33.991 
-0.739 32.697 
-0.827 46.293 
-0.706 27.72 
-0.805 44.841 
-0.812 45.043 
-0.727 28.595 
-0.72 28.396 
-0.819 45.866 
-0.763 33.911 
-0.758 33.727 
-0.795 40.311 
-0.793 39.956 
-0.728 28.671 
-0.82 45.952 
-0.827 46.293 
-0.804 41.033 
-0.719 28.318 
-0.736 32.225 
-0.735 32.148 
-0.728 28.671 
-0.741 32.772 
-0.735 32.148 
-0.706 27.72 
-0.795 40.311 
-0.794 40.239 
-0.749 33.283 
-0.756 33.361 
-0.747 32.977 
-0.742 32.968 
