-0.645 23.03 
-0.846 55.981 
-0.645 23.03 
-0.843 55.384 
-0.837 50.9 
-0.836 50.581 
-0.828 46.38 
-0.81 44.734 
-0.804 41.033 
-0.698 27.287 
-0.733 31.997 
-0.729 28.777 
-0.698 27.287 
-0.66 24.153 
-0.677 24.405 
-0.767 35.133 
-0.681 24.864 
-0.657 23.617 
-0.771 37.802 
-0.681 24.864 
-0.717 27.951 
-0.779 38.584 
-0.707 27.922 
-0.786 38.989 
-0.705 27.646 
-0.765 34.277 
-0.836 50.581 
-0.779 38.584 
-0.818 45.555 
-0.767 35.133 
-0.747 32.968 
-0.754 33.244 
-0.828 46.38 
-0.837 50.9 
-0.826 45.982 
-0.82 45.952 
-0.802 40.647 
-0.772 37.882 
-0.796 40.495 
-0.722 28.512 
-0.679 24.686 
-0.813 45.303 
-0.843 55.384 
-0.804 41.033 
-0.81 44.734 
-0.748 33.05 
-0.741 32.772 
-0.758 33.727 
-0.726 28.541 
-0.788 39.368 
-0.763 33.911 
-0.772 37.882 
-0.792 39.773 
-0.812 45.042 
-0.729 28.777 
-0.771 37.802 
-0.733 31.997 
-0.819 45.836 
-0.718 28.03 
-0.719 28.318 
-0.72 28.392 
-0.794 40.239 
-0.737 32.495 
-0.736 32.164 
-0.844 55.472 
-0.811 44.818 
-0.706 27.72 
-0.677 24.405 
-0.66 24.153 
-0.756 33.327 
-0.788 39.368 
-0.792 39.773 
-0.658 23.855 
-0.739 32.697 
-0.741 32.772 
-0.827 46.293 
-0.803 40.949 
-0.658 23.855 
-0.787 39.073 
-0.764 33.991 
-0.793 39.956 
-0.845 55.711 
-0.813 45.303 
-0.755 33.316 
-0.734 32.074 
-0.845 55.711 
-0.739 32.697 
-0.757 33.56 
-0.737 32.495 
-0.748 33.05 
-0.763 33.911 
-0.758 33.727 
-0.795 40.311 
-0.793 39.956 
-0.757 33.56 
-0.802 40.647 
-0.796 40.495 
-0.727 28.652 
-0.728 28.671 
-0.736 32.164 
