-0.862 46.438 
-0.804 31.31 
-0.774 29.793 
-0.837 37.427 
-0.708 26.863 
-0.776 29.794 
-0.774 29.793 
-0.776 29.794 
-0.816 35.176 
-0.776 29.794 
-0.837 37.427 
-0.774 29.793 
-0.882 57.689 
-0.837 37.427 
-0.774 29.793 
-0.804 31.31 
-0.788 30.281 
-0.817 35.306 
-0.836 37.104 
-0.776 29.794 
-0.838 41.067 
-0.774 29.793 
-0.859 41.732 
-0.863 46.775 
-0.774 29.793 
-0.774 29.793 
-0.788 30.281 
-0.838 41.067 
-0.742 28.221 
-0.794 30.441 
-0.774 29.793 
-0.776 29.794 
-0.762 29.55 
-0.859 41.732 
-0.774 29.793 
-0.79 30.404 
-0.872 47.443 
-0.83 36.448 
-0.86 42.06 
-0.879 52.188 
-0.804 31.31 
-0.798 30.792 
-0.871 46.88 
-0.863 46.775 
-0.788 30.281 
-0.776 29.794 
-0.836 37.104 
-0.831 36.609 
-0.794 30.441 
-0.859 41.732 
-0.714 27.087 
-0.824 35.39 
-0.791 30.436 
-0.881 57.464 
-0.777 30.092 
-0.788 30.281 
-0.776 29.794 
-0.827 35.721 
-0.851 41.642 
-0.85 41.523 
-0.871 46.88 
-0.871 46.88 
-0.75 28.589 
-0.774 29.793 
-0.83 36.448 
-0.831 36.609 
-0.79 30.404 
-0.788 30.281 
-0.86 42.06 
-0.836 37.104 
-0.774 29.793 
-0.774 29.793 
-0.803 31.248 
-0.837 37.427 
-0.859 41.732 
-0.704 23.558 
-0.858 41.678 
-0.88 52.32 
-0.776 29.794 
