-0.651 26.592 
-0.862 59.051 
-0.862 59.051 
-0.651 26.592 
-0.67 29.719 
-0.755 31.914 
-0.78 33.373 
-0.845 53.047 
-0.82 43.036 
-0.837 48.394 
-0.853 54.306 
-0.854 58.364 
-0.805 42.539 
-0.826 47.172 
-0.804 38.455 
-0.796 36.702 
-0.828 47.963 
-0.796 36.702 
-0.797 36.826 
-0.803 37.52 
-0.826 47.172 
-0.846 53.663 
-0.837 48.394 
-0.861 58.735 
-0.812 42.923 
-0.804 38.455 
-0.803 37.52 
-0.81 42.851 
-0.846 53.663 
-0.81 42.851 
-0.861 58.735 
-0.854 58.364 
-0.805 42.539 
-0.812 42.923 
-0.651 26.592 
-0.651 26.592 
-0.805 42.539 
-0.862 59.051 
-0.861 58.735 
-0.651 26.592 
-0.805 42.539 
-0.846 53.663 
-0.862 59.051 
-0.805 42.539 
-0.805 42.539 
-0.651 26.592 
-0.805 42.539 
-0.805 42.539 
-0.651 26.592 
-0.805 42.539 
-0.862 59.051 
-0.651 26.592 
-0.846 53.663 
-0.846 53.663 
-0.805 42.539 
-0.651 26.592 
-0.805 42.539 
-0.651 26.592 
-0.805 42.539 
-0.651 26.592 
-0.862 59.051 
-0.651 26.592 
-0.846 53.663 
-0.805 42.539 
-0.812 42.923 
-0.862 59.051 
-0.805 42.539 
-0.837 48.394 
-0.812 42.923 
-0.805 42.539 
-0.846 53.663 
-0.804 38.455 
-0.805 42.539 
-0.862 59.051 
-0.651 26.592 
-0.651 26.592 
-0.651 26.592 
-0.651 26.592 
-0.862 59.051 
-0.804 38.455 
-0.862 59.051 
-0.805 42.539 
-0.651 26.592 
-0.651 26.592 
-0.804 38.455 
-0.651 26.592 
-0.804 38.455 
-0.826 47.172 
-0.651 26.592 
-0.651 26.592 
-0.651 26.592 
-0.651 26.592 
-0.651 26.592 
-0.805 42.539 
-0.846 53.663 
-0.846 53.663 
-0.651 26.592 
-0.837 48.394 
-0.846 53.663 
-0.862 59.051 
