-0.787 26.935 
-0.865 46.98 
-0.818 31.232 
-0.871 47.126 
-0.818 31.232 
-0.89 57.785 
-0.787 26.935 
-0.872 47.499 
-0.818 31.232 
-0.871 47.126 
-0.818 31.232 
-0.849 36.036 
-0.871 47.126 
-0.787 26.935 
-0.871 47.126 
-0.862 41.558 
-0.818 31.232 
-0.89 57.785 
-0.88 47.655 
-0.849 36.036 
-0.849 36.036 
-0.818 31.232 
-0.862 41.558 
-0.862 41.558 
-0.836 35.591 
-0.849 36.036 
-0.741 25.695 
-0.862 41.558 
-0.865 46.98 
-0.865 46.98 
-0.862 41.558 
-0.871 47.126 
-0.872 47.499 
-0.818 31.232 
-0.818 31.232 
-0.849 36.036 
-0.862 41.558 
-0.871 47.126 
-0.863 42.532 
-0.871 47.126 
-0.872 47.499 
-0.871 47.126 
-0.787 26.935 
-0.849 36.036 
-0.853 36.641 
-0.853 36.641 
-0.787 26.935 
-0.849 36.036 
-0.741 25.695 
-0.863 42.532 
-0.849 36.036 
-0.818 31.232 
-0.871 47.126 
-0.862 41.558 
-0.787 26.935 
-0.818 31.232 
-0.818 31.232 
-0.871 47.126 
-0.862 41.558 
-0.711 25.548 
-0.853 36.641 
-0.881 52.387 
-0.849 36.036 
-0.787 26.935 
-0.862 41.558 
-0.818 31.232 
-0.741 25.695 
-0.849 36.036 
-0.818 31.232 
-0.854 37.14 
-0.787 26.935 
-0.865 46.98 
-0.853 36.641 
-0.787 26.935 
-0.813 31.151 
-0.787 26.935 
-0.818 31.232 
-0.849 36.036 
-0.872 47.499 
-0.871 47.126 
-0.741 25.695 
-0.818 31.232 
-0.871 47.126 
