-0.711 25.548 
-0.899 63.517 
-0.899 63.517 
-0.711 25.548 
-0.741 25.69 
-0.802 30.575 
-0.787 26.935 
-0.898 58.74 
-0.89 57.785 
-0.889 53.056 
-0.881 52.339 
-0.88 47.655 
-0.854 37.138 
-0.761 26.072 
-0.87 42.319 
-0.871 47.126 
-0.761 26.072 
-0.827 32.121 
-0.829 35.346 
-0.861 40.999 
-0.787 26.935 
-0.817 31.151 
-0.836 35.591 
-0.848 36.006 
-0.872 47.499 
-0.862 41.558 
-0.861 40.999 
-0.836 35.591 
-0.821 32.099 
-0.869 42.138 
-0.898 58.74 
-0.89 57.785 
-0.889 53.056 
-0.881 52.339 
-0.853 36.641 
-0.851 36.183 
-0.819 31.569 
-0.869 42.138 
-0.862 41.558 
-0.817 31.151 
-0.819 31.569 
-0.853 36.641 
-0.829 35.346 
-0.848 36.006 
-0.818 31.174 
-0.871 47.126 
-0.851 36.183 
-0.849 36.036 
-0.821 32.099 
-0.88 47.655 
-0.872 47.499 
-0.849 36.036 
-0.818 31.174 
-0.711 25.548 
-0.899 63.517 
-0.761 26.072 
-0.787 26.935 
-0.821 32.099 
-0.861 40.999 
-0.836 35.591 
-0.89 57.785 
-0.889 53.056 
-0.881 52.339 
-0.869 42.138 
-0.862 41.558 
-0.819 31.569 
-0.853 36.641 
-0.848 36.006 
-0.871 47.126 
-0.851 36.183 
-0.88 47.655 
-0.872 47.499 
-0.849 36.036 
-0.818 31.174 
-0.711 25.548 
-0.787 26.935 
-0.821 32.099 
-0.861 40.999 
-0.836 35.591 
-0.89 57.785 
-0.881 52.339 
-0.869 42.138 
-0.862 41.558 
-0.819 31.569 
-0.853 36.641 
-0.848 36.006 
-0.871 47.126 
-0.851 36.183 
-0.88 47.655 
-0.872 47.499 
-0.849 36.036 
-0.711 25.548 
-0.787 26.935 
-0.821 32.099 
-0.836 35.591 
-0.861 40.999 
-0.89 57.785 
-0.881 52.339 
-0.869 42.138 
-0.862 41.558 
