-0.692 27.6 
-0.692 27.6 
-0.872 59.716 
-0.791 41.361 
-0.718 31.024 
-0.693 27.891 
-0.869 58.55 
-0.855 54.132 
-0.766 36.485 
-0.718 31.024 
-0.693 27.891 
-0.79 38.274 
-0.814 44.49 
-0.845 52.195 
-0.838 49.41 
-0.855 54.132 
-0.869 58.55 
-0.74 33.001 
-0.754 33.314 
-0.758 34.159 
-0.725 32.58 
-0.736 32.617 
-0.803 41.511 
-0.773 37.265 
-0.823 46.166 
-0.823 46.166 
-0.814 44.49 
-0.838 49.41 
-0.783 37.321 
-0.758 34.159 
-0.813 43.05 
-0.845 52.195 
-0.87 58.72 
-0.806 41.56 
-0.828 47.516 
-0.837 48.817 
-0.831 47.663 
-0.854 53.754 
-0.807 42.084 
-0.767 36.654 
-0.846 52.533 
-0.769 36.871 
-0.826 46.54 
-0.852 53.091 
-0.871 59.334 
-0.849 52.747 
-0.836 48.751 
-0.824 46.528 
-0.757 33.827 
-0.827 46.992 
-0.786 37.45 
-0.72 31.405 
-0.834 48.226 
-0.77 36.992 
-0.833 48.14 
-0.756 33.809 
-0.755 33.332 
-0.739 32.901 
-0.827 46.992 
-0.811 42.482 
-0.812 42.932 
-0.853 53.537 
-0.722 32.166 
-0.721 31.726 
-0.788 37.955 
-0.773 37.265 
-0.804 41.546 
-0.736 32.617 
-0.85 52.951 
-0.871 59.334 
-0.72 31.405 
-0.831 47.663 
-0.723 32.255 
-0.721 31.726 
-0.754 33.314 
-0.74 33.001 
-0.835 48.44 
-0.79 38.274 
-0.789 37.971 
-0.739 32.901 
-0.787 37.73 
-0.77 36.992 
-0.723 32.255 
-0.833 48.14 
-0.784 37.378 
-0.787 37.73 
-0.853 53.537 
-0.725 32.58 
-0.849 52.747 
-0.835 48.44 
-0.846 52.533 
-0.803 41.511 
-0.791 41.361 
-0.809 42.28 
-0.808 42.133 
-0.828 47.516 
-0.852 53.091 
-0.85 52.951 
-0.811 42.482 
-0.81 42.364 
