-0.634 22.907 
-0.813 58.063 
-0.682 23.107 
-0.804 49.511 
-0.789 48.259 
-0.805 54.02 
-0.812 54.74 
-0.757 37.497 
-0.693 26.844 
-0.773 40.786 
-0.787 44.59 
-0.752 34.835 
-0.778 42.802 
-0.731 32.911 
-0.73 29.799 
-0.715 29.055 
-0.726 29.063 
-0.682 23.107 
-0.797 49.022 
-0.693 26.844 
-0.782 44.297 
-0.735 33.342 
-0.744 33.39 
-0.709 28.696 
-0.762 37.727 
-0.796 48.797 
-0.771 40.06 
-0.707 27.959 
-0.711 28.958 
-0.767 39.61 
-0.781 43.129 
-0.785 44.519 
-0.701 27.507 
-0.696 26.906 
-0.727 29.221 
-0.766 38.71 
-0.75 34.236 
-0.751 34.659 
-0.705 27.589 
-0.805 54.02 
-0.77 39.805 
-0.748 33.805 
-0.749 34.022 
-0.764 38.144 
-0.698 27.045 
-0.706 27.732 
-0.796 48.797 
-0.699 27.082 
-0.729 29.652 
-0.747 33.579 
-0.733 33.097 
-0.766 38.71 
-0.765 38.36 
-0.729 29.652 
-0.78 43.002 
-0.746 33.577 
-0.7 27.367 
-0.787 44.59 
-0.763 37.954 
-0.765 38.36 
-0.78 43.002 
-0.77 39.805 
-0.767 39.61 
-0.763 37.954 
-0.734 33.194 
-0.73 29.799 
-0.7 27.367 
-0.781 43.129 
-0.734 33.194 
-0.745 33.484 
-0.732 33.004 
-0.732 33.004 
-0.731 32.911 
-0.745 33.484 
-0.705 27.589 
-0.744 33.39 
-0.735 33.342 
-0.693 26.844 
-0.805 54.02 
-0.787 44.59 
-0.78 43.002 
-0.77 39.805 
-0.7 27.367 
-0.763 37.954 
-0.765 38.36 
-0.734 33.194 
-0.731 32.911 
-0.744 33.39 
-0.735 33.342 
-0.805 54.02 
-0.77 39.805 
-0.735 33.342 
-0.805 54.02 
-0.693 26.844 
-0.77 39.805 
-0.744 33.39 
-0.744 33.39 
-0.796 48.797 
-0.78 43.002 
-0.787 44.59 
