-0.634 22.907 
-0.813 54.864 
-0.813 54.864 
-0.68 22.934 
-0.805 54.02 
-0.69 26.582 
-0.804 49.504 
-0.731 32.908 
-0.793 48.463 
-0.685 23.376 
-0.789 44.918 
-0.755 37.283 
-0.73 29.757 
-0.778 42.802 
-0.752 34.834 
-0.773 40.451 
-0.724 28.876 
-0.714 28.809 
-0.711 28.48 
-0.707 27.955 
-0.739 32.91 
-0.768 39.705 
-0.767 38.895 
-0.812 54.737 
-0.773 40.451 
-0.685 23.376 
-0.797 48.919 
-0.802 49.299 
-0.778 42.802 
-0.695 26.73 
-0.789 44.918 
-0.742 33.214 
-0.701 26.924 
-0.786 44.181 
-0.805 54.02 
-0.812 54.737 
-0.697 26.902 
-0.796 48.666 
-0.783 43.878 
-0.784 43.979 
-0.787 44.354 
-0.728 29.383 
-0.763 37.845 
-0.752 34.834 
-0.794 48.569 
-0.802 49.299 
-0.729 29.61 
-0.762 37.727 
-0.758 37.594 
-0.682 23.103 
-0.727 29.183 
-0.745 33.387 
-0.771 39.939 
-0.682 23.103 
-0.704 27.176 
-0.751 34.615 
-0.75 34.197 
-0.782 43.471 
-0.747 33.578 
-0.726 29.063 
-0.706 27.732 
-0.705 27.35 
-0.797 48.919 
-0.746 33.52 
-0.725 28.976 
-0.703 27.105 
-0.772 40.096 
-0.782 43.471 
-0.781 43.122 
-0.695 26.73 
-0.713 28.663 
-0.766 38.671 
-0.765 38.35 
-0.77 39.805 
-0.788 44.612 
-0.78 43.002 
-0.764 38.143 
-0.757 37.477 
-0.741 33.101 
-0.788 44.612 
-0.749 33.983 
-0.748 33.729 
-0.76 37.657 
-0.76 37.657 
-0.766 38.671 
-0.706 27.732 
-0.751 34.615 
-0.75 34.197 
-0.749 33.983 
-0.765 38.35 
-0.764 38.143 
-0.68 22.934 
-0.804 49.504 
-0.697 26.902 
-0.78 43.002 
-0.757 37.477 
-0.741 33.101 
-0.713 28.663 
-0.739 32.91 
-0.705 27.35 
