P=? [ F (x=9&y=9&crashed=0) ]	R{"cost"}=? [ C<=100 ]
0.9	119.85
-0.0	0.0
0.9	119.85
-0.0	0.0
0.607	24.131
0.607	24.131
0.899	104.575
0.873	77.768
0.882	92.563
0.882	92.563
0.883	102.329
0.823	52.216
0.856	71.374
0.831	57.053
0.873	77.768
0.871	73.376
0.855	67.097
0.831	57.053
0.847	62.624
0.811	51.547
0.848	66.295
0.753	39.996
0.784	44.746
0.807	47.862
0.837	60.724
0.654	26.464
0.704	30.193
0.704	30.193
0.676	26.561
0.681	27.177
0.681	27.177
0.781	41.664
0.752	37.128
0.72	32.551
0.637	25.78
0.891	103.633
0.654	26.464
0.714	32.456
0.812	51.839
0.724	34.497
0.764	40.082
0.891	103.633
0.863	72.315
0.863	72.315
0.805	47.268
0.796	45.877
0.839	61.366
0.805	47.268
0.796	45.877
0.71	30.941
0.839	61.366
0.823	52.216
0.837	60.724
0.883	102.329
0.726	34.527
0.847	62.624
0.794	45.307
0.733	34.723
0.871	73.376
0.679	27.015
0.765	40.567
0.623	25.342
0.637	25.78
0.742	36.029
0.788	45.089
0.807	47.862
0.62	25.033
0.899	104.575
0.744	36.399
0.778	41.107
0.614	24.778
0.63	25.577
0.773	40.967
0.855	67.097
0.848	66.295
0.749	36.43
0.611	24.57
0.769	40.679
0.735	35.116
0.74	35.769
0.736	35.342
0.709	30.926
0.788	45.089
0.752	37.128
0.75	36.512
0.609	24.216
0.78	41.583
0.707	30.585
0.74	35.769
0.773	40.967
0.707	30.585
0.62	25.033
0.614	24.778
0.769	40.679
0.63	25.577
0.623	25.342
0.72	32.551
0.714	32.456
0.61	24.473
0.633	25.643
