-0.842 36.299 
-0.9 43.004 
-0.854 36.338 
-0.896 42.322 
-0.897 42.457 
-0.854 36.338 
-0.896 42.322 
-0.842 36.299 
-0.898 42.731 
-0.896 42.322 
-0.854 36.338 
-0.879 36.942 
-0.897 42.457 
-0.881 41.894 
-0.842 36.299 
-0.88 37.156 
-0.898 42.731 
-0.842 36.299 
-0.842 36.299 
-0.805 30.769 
-0.897 42.457 
-0.881 41.894 
-0.896 42.322 
-0.842 36.299 
-0.902 43.416 
-0.896 42.322 
-0.759 30.04 
-0.907 47.494 
-0.879 36.942 
-0.901 43.24 
-0.91 48.192 
-0.842 36.299 
-0.881 41.894 
-0.83 31.324 
-0.9 43.004 
-0.875 36.368 
-0.842 36.299 
-0.842 36.299 
-0.842 36.299 
-0.896 42.322 
-0.875 36.368 
-0.902 43.416 
-0.842 36.299 
-0.896 42.322 
-0.879 36.942 
-0.894 42.023 
-0.896 42.322 
-0.842 36.299 
-0.835 31.636 
-0.875 36.368 
-0.875 36.368 
-0.879 36.942 
-0.898 42.731 
-0.901 43.24 
-0.748 29.342 
-0.842 36.299 
-0.896 42.322 
-0.842 36.299 
-0.854 36.338 
-0.854 36.338 
-0.902 43.416 
-0.803 30.693 
-0.9 43.004 
-0.897 42.457 
-0.9 43.004 
-0.881 41.894 
-0.894 42.023 
-0.896 42.322 
-0.897 42.457 
-0.854 36.338 
-0.713 28.228 
-0.893 41.98 
-0.875 36.368 
-0.897 42.457 
-0.9 43.004 
-0.875 36.368 
