-0.855 62.891 
-0.855 62.891 
-0.649 26.546 
-0.649 26.546 
-0.845 62.285 
-0.844 52.898 
-0.694 29.937 
-0.767 36.16 
-0.717 31.844 
-0.788 40.235 
-0.842 52.625 
-0.821 48.051 
-0.753 35.305 
-0.788 40.235 
-0.73 34.334 
-0.821 48.051 
-0.697 30.39 
-0.694 29.937 
-0.842 52.625 
-0.803 45.614 
-0.797 42.94 
-0.721 34.079 
-0.73 34.334 
-0.854 62.8 
-0.79 41.377 
-0.811 45.99 
-0.697 30.39 
-0.818 47.033 
-0.756 35.844 
-0.797 42.94 
-0.796 42.118 
-0.814 46.73 
-0.764 35.947 
-0.722 34.226 
-0.804 45.701 
-0.753 35.305 
-0.803 45.614 
-0.79 41.377 
-0.754 35.82 
-0.796 42.118 
-0.721 34.079 
-0.812 46.47 
-0.82 47.61 
-0.82 47.61 
-0.845 62.285 
-0.843 52.716 
-0.765 36.104 
-0.804 45.701 
-0.812 46.47 
-0.722 34.226 
-0.764 35.947 
-0.765 36.104 
-0.649 26.546 
-0.788 40.235 
-0.821 48.051 
-0.694 29.937 
-0.73 34.334 
-0.812 46.47 
-0.803 45.614 
-0.797 42.94 
-0.79 41.377 
-0.845 62.285 
-0.796 42.118 
-0.722 34.226 
-0.764 35.947 
-0.721 34.079 
-0.694 29.937 
-0.788 40.235 
-0.821 48.051 
-0.812 46.47 
-0.803 45.614 
-0.797 42.94 
-0.79 41.377 
-0.722 34.226 
-0.764 35.947 
-0.721 34.079 
-0.79 41.377 
-0.788 40.235 
-0.722 34.226 
-0.764 35.947 
-0.721 34.079 
-0.79 41.377 
-0.79 41.377 
-0.788 40.235 
-0.79 41.377 
-0.721 34.079 
-0.764 35.947 
-0.764 35.947 
-0.764 35.947 
-0.79 41.377 
-0.788 40.235 
-0.803 45.614 
-0.845 62.285 
-0.722 34.226 
-0.721 34.079 
-0.694 29.937 
-0.79 41.377 
-0.694 29.937 
-0.694 29.937 
-0.788 40.235 
