-0.74 26.132 
-0.936 59.431 
-0.936 59.431 
-0.74 26.132 
-0.762 29.654 
-0.924 59.067 
-0.917 53.778 
-0.857 40.852 
-0.789 29.762 
-0.908 52.963 
-0.907 48.491 
-0.808 31.262 
-0.884 46.144 
-0.88 42.167 
-0.855 37.029 
-0.819 35.076 
-0.742 26.261 
-0.742 26.261 
-0.872 40.989 
-0.798 30.397 
-0.83 35.252 
-0.808 31.262 
-0.819 35.076 
-0.926 59.303 
-0.917 53.778 
-0.806 31.143 
-0.887 46.956 
-0.833 35.635 
-0.789 29.762 
-0.841 35.663 
-0.909 53.102 
-0.895 47.099 
-0.823 35.21 
-0.848 36.005 
-0.842 35.828 
-0.903 47.897 
-0.801 30.606 
-0.884 46.144 
-0.851 36.352 
-0.899 47.607 
-0.801 30.606 
-0.849 36.223 
-0.909 53.102 
-0.88 42.167 
-0.903 47.897 
-0.877 41.706 
-0.885 46.479 
-0.852 36.681 
-0.875 41.274 
-0.906 48.388 
-0.885 46.479 
-0.872 40.989 
-0.906 48.388 
-0.82 35.15 
-0.823 35.21 
-0.833 35.635 
-0.895 47.099 
-0.887 46.956 
-0.857 40.852 
-0.855 37.029 
-0.854 36.898 
-0.926 59.303 
-0.899 47.607 
-0.875 41.274 
-0.898 47.327 
-0.876 41.429 
-0.897 47.228 
-0.854 36.898 
-0.852 36.681 
-0.799 30.403 
-0.879 42.033 
-0.878 41.84 
-0.848 36.005 
-0.842 35.828 
-0.799 30.403 
-0.876 41.429 
-0.878 41.84 
-0.879 42.033 
-0.897 47.228 
-0.898 47.327 
-0.82 35.15 
-0.841 35.663 
-0.742 26.261 
-0.819 35.076 
-0.808 31.262 
-0.917 53.778 
-0.909 53.102 
-0.801 30.606 
-0.88 42.167 
-0.903 47.897 
-0.906 48.388 
-0.823 35.21 
-0.833 35.635 
-0.895 47.099 
-0.887 46.956 
-0.857 40.852 
-0.855 37.029 
-0.926 59.303 
-0.875 41.274 
-0.854 36.898 
