-0.936 59.427 
-0.936 59.427 
-0.739 26.027 
-0.739 26.027 
-0.762 29.654 
-0.932 59.046 
-0.857 40.852 
-0.926 54.087 
-0.812 34.774 
-0.911 52.607 
-0.789 29.761 
-0.908 48.705 
-0.855 37.029 
-0.808 31.261 
-0.742 26.261 
-0.742 26.261 
-0.883 45.98 
-0.881 43.23 
-0.872 40.989 
-0.82 34.875 
-0.83 35.252 
-0.839 35.449 
-0.823 35.21 
-0.797 30.072 
-0.888 47.091 
-0.881 43.23 
-0.917 53.776 
-0.83 35.252 
-0.915 53.192 
-0.886 46.313 
-0.895 47.099 
-0.88 42.131 
-0.79 29.82 
-0.848 36.002 
-0.923 53.874 
-0.935 59.261 
-0.803 30.814 
-0.905 48.196 
-0.843 35.827 
-0.887 46.956 
-0.808 31.261 
-0.812 34.774 
-0.904 47.841 
-0.878 41.839 
-0.875 41.211 
-0.908 48.705 
-0.925 53.946 
-0.842 35.48 
-0.9 47.427 
-0.852 36.681 
-0.907 48.489 
-0.906 48.386 
-0.879 42.032 
-0.916 53.648 
-0.82 34.875 
-0.9 47.427 
-0.903 47.758 
-0.913 52.8 
-0.873 41.206 
-0.823 35.21 
-0.806 31.142 
-0.805 30.932 
-0.801 30.605 
-0.801 30.605 
-0.84 35.464 
-0.845 35.852 
-0.912 52.748 
-0.884 46.144 
-0.903 47.758 
-0.851 36.351 
-0.845 35.852 
-0.798 30.39 
-0.857 40.852 
-0.85 36.218 
-0.855 37.029 
-0.854 36.898 
-0.74 26.132 
-0.898 47.327 
-0.897 47.226 
-0.923 53.874 
-0.797 30.072 
-0.79 29.82 
-0.877 41.602 
-0.913 52.8 
-0.876 41.429 
-0.854 36.898 
-0.852 36.681 
-0.85 36.218 
-0.799 30.401 
-0.839 35.449 
-0.799 30.401 
-0.895 47.099 
-0.877 41.602 
-0.876 41.429 
-0.884 46.144 
-0.872 40.989 
-0.887 46.956 
-0.851 36.351 
-0.74 26.132 
-0.916 53.648 
