-0.925 55.443 
-0.79 33.419 
-0.925 55.443 
-0.836 34.038 
-0.865 39.086 
-0.805 33.858 
-0.91 50.908 
-0.839 38.052 
-0.916 54.96 
-0.889 44.799 
-0.866 43.006 
-0.898 48.268 
-0.873 43.254 
-0.843 38.435 
-0.907 49.181 
-0.892 46.189 
-0.924 55.143 
-0.892 46.189 
-0.903 49.115 
-0.843 38.435 
-0.891 45.47 
-0.917 54.987 
-0.89 45.285 
-0.903 49.115 
-0.87 43.038 
-0.872 43.116 
-0.87 43.038 
-0.917 54.987 
-0.872 43.116 
-0.925 55.443 
-0.917 54.987 
-0.843 38.435 
-0.892 46.189 
-0.872 43.116 
-0.917 54.987 
-0.892 46.189 
-0.917 54.987 
-0.917 54.987 
-0.843 38.435 
-0.872 43.116 
-0.892 46.189 
-0.872 43.116 
-0.917 54.987 
-0.917 54.987 
-0.843 38.435 
-0.872 43.116 
-0.892 46.189 
-0.892 46.189 
-0.843 38.435 
-0.872 43.116 
-0.872 43.116 
-0.843 38.435 
-0.872 43.116 
-0.917 54.987 
-0.892 46.189 
-0.843 38.435 
-0.917 54.987 
-0.843 38.435 
-0.872 43.116 
-0.892 46.189 
-0.925 55.443 
-0.843 38.435 
-0.872 43.116 
-0.892 46.189 
-0.872 43.116 
-0.843 38.435 
-0.87 43.038 
-0.892 46.189 
-0.843 38.435 
-0.892 46.189 
-0.872 43.116 
-0.872 43.116 
-0.917 54.987 
-0.925 55.443 
-0.892 46.189 
-0.872 43.116 
-0.843 38.435 
-0.892 46.189 
-0.87 43.038 
-0.843 38.435 
-0.892 46.189 
-0.87 43.038 
-0.892 46.189 
-0.925 55.443 
-0.843 38.435 
-0.843 38.435 
-0.892 46.189 
-0.843 38.435 
-0.917 54.987 
-0.917 54.987 
-0.872 43.116 
-0.892 46.189 
-0.917 54.987 
-0.843 38.435 
-0.917 54.987 
-0.892 46.189 
-0.892 46.189 
-0.87 43.038 
-0.843 38.435 
-0.843 38.435 
