-0.699 27.667 
-0.699 27.667 
-0.87 60.243 
-0.838 46.137 
-0.852 50.546 
-0.863 55.678 
-0.792 35.385 
-0.825 45.234 
-0.718 28.784 
-0.859 55.582 
-0.707 28.761 
-0.855 51.331 
-0.802 39.248 
-0.822 41.519 
-0.734 29.064 
-0.837 45.621 
-0.753 30.731 
-0.758 32.912 
-0.769 33.224 
-0.757 32.753 
-0.802 39.248 
-0.749 30.49 
-0.78 34.236 
-0.74 29.995 
-0.808 39.911 
-0.822 41.519 
-0.774 34.175 
-0.782 34.401 
-0.817 40.367 
-0.805 39.303 
-0.738 29.963 
-0.813 40.197 
-0.819 40.638 
-0.749 30.49 
-0.813 40.197 
-0.752 30.654 
-0.855 51.331 
-0.825 45.234 
-0.736 29.626 
-0.853 50.842 
-0.757 32.753 
-0.786 34.494 
-0.74 29.995 
-0.854 51.1 
-0.859 55.582 
-0.791 35.326 
-0.806 39.687 
-0.819 40.638 
-0.736 29.626 
-0.734 29.064 
-0.79 34.909 
-0.807 39.724 
-0.772 33.826 
-0.771 33.517 
-0.773 33.887 
-0.771 33.517 
-0.77 33.303 
-0.789 34.867 
-0.788 34.685 
-0.818 40.474 
-0.787 34.613 
-0.818 40.474 
-0.786 34.494 
-0.77 33.303 
-0.788 34.685 
-0.787 34.613 
-0.773 33.887 
-0.774 34.175 
-0.772 33.826 
-0.79 34.909 
-0.789 34.867 
-0.699 27.667 
-0.822 41.519 
-0.757 32.753 
-0.749 30.49 
-0.825 45.234 
-0.74 29.995 
-0.859 55.582 
-0.819 40.638 
-0.736 29.626 
-0.771 33.517 
-0.818 40.474 
-0.786 34.494 
-0.77 33.303 
-0.788 34.685 
-0.773 33.887 
-0.774 34.175 
-0.772 33.826 
-0.79 34.909 
-0.74 29.995 
-0.77 33.303 
-0.771 33.517 
-0.786 34.494 
-0.772 33.826 
-0.74 29.995 
-0.77 33.303 
-0.771 33.517 
-0.772 33.826 
-0.786 34.494 
-0.74 29.995 
