-0.87 60.243 
-0.7 27.628 
-0.7 27.628 
-0.87 60.243 
-0.863 55.678 
-0.797 38.885 
-0.844 49.593 
-0.726 28.423 
-0.822 41.397 
-0.833 45.08 
-0.838 46.005 
-0.86 54.709 
-0.792 35.385 
-0.708 28.388 
-0.855 51.331 
-0.736 29.53 
-0.822 41.397 
-0.748 29.9 
-0.757 32.753 
-0.753 30.719 
-0.833 45.08 
-0.767 33.024 
-0.86 54.709 
-0.759 32.992 
-0.778 34.146 
-0.844 49.593 
-0.785 34.183 
-0.862 55.589 
-0.838 46.005 
-0.798 38.929 
-0.849 50.012 
-0.863 55.678 
-0.804 39.039 
-0.808 39.32 
-0.792 35.385 
-0.855 51.331 
-0.85 50.528 
-0.81 39.575 
-0.805 39.26 
-0.771 33.393 
-0.753 30.719 
-0.757 32.753 
-0.852 50.546 
-0.811 39.837 
-0.772 33.647 
-0.814 39.951 
-0.751 30.309 
-0.79 34.909 
-0.818 40.44 
-0.707 28.212 
-0.774 33.942 
-0.729 28.666 
-0.789 34.734 
-0.82 40.935 
-0.773 33.822 
-0.82 40.935 
-0.729 28.666 
-0.849 50.012 
-0.749 30.066 
-0.703 27.996 
-0.836 45.424 
-0.769 33.22 
-0.837 45.621 
-0.748 29.9 
-0.736 29.53 
-0.787 34.391 
-0.769 33.22 
-0.734 29.064 
-0.777 33.998 
-0.705 28.21 
-0.702 27.85 
-0.814 39.951 
-0.854 51.1 
-0.853 50.797 
-0.735 29.227 
-0.819 40.638 
-0.834 45.168 
-0.816 40.161 
-0.791 35.127 
-0.836 45.424 
-0.834 45.168 
-0.853 50.797 
-0.734 29.064 
-0.732 28.833 
-0.854 51.1 
-0.785 34.183 
-0.702 27.85 
-0.791 35.127 
-0.752 30.521 
-0.816 40.161 
-0.787 34.391 
-0.732 28.833 
-0.731 28.826 
-0.819 40.638 
-0.752 30.521 
-0.837 45.621 
-0.776 33.994 
-0.817 40.247 
-0.75 30.121 
-0.788 34.566 
