-0.977 44.922 
-0.847 26.877 
-0.977 44.922 
-0.975 40.113 
-0.956 38.789 
-0.955 35.254 
-0.881 28.681 
-0.886 31.407 
-0.935 33.245 
-0.893 31.729 
-0.909 31.902 
-0.921 32.815 
-0.972 39.429 
-0.954 34.774 
-0.873 28.43 
-0.875 28.555 
-0.855 27.061 
-0.917 32.683 
-0.965 39.027 
-0.957 38.862 
-0.862 27.651 
-0.921 32.815 
-0.848 26.88 
-0.869 27.854 
-0.951 34.436 
-0.967 39.295 
-0.881 28.681 
-0.913 32.015 
-0.864 27.745 
-0.886 31.407 
-0.87 27.878 
-0.891 31.597 
-0.915 32.41 
-0.91 31.979 
-0.938 33.669 
-0.943 33.761 
-0.95 34.385 
-0.946 33.887 
-0.946 33.887 
-0.955 35.254 
-0.95 34.385 
-0.855 27.061 
-0.887 31.44 
-0.973 39.851 
-0.915 32.41 
-0.936 33.421 
-0.893 31.729 
-0.858 27.369 
-0.87 27.878 
-0.891 31.597 
-0.94 33.674 
-0.859 27.371 
-0.859 27.371 
-0.858 27.369 
-0.864 27.745 
-0.937 33.435 
-0.94 33.674 
-0.974 39.913 
-0.966 39.109 
-0.848 26.88 
-0.913 32.015 
-0.909 31.902 
-0.965 39.027 
-0.957 38.862 
-0.887 31.44 
-0.967 39.295 
-0.966 39.109 
-0.956 38.789 
-0.945 33.821 
-0.974 39.913 
-0.973 39.851 
-0.945 33.821 
-0.944 33.767 
-0.937 33.435 
-0.944 33.767 
-0.977 44.922 
-0.921 32.815 
-0.881 28.681 
-0.886 31.407 
-0.946 33.887 
-0.855 27.061 
-0.893 31.729 
-0.859 27.371 
-0.864 27.745 
-0.94 33.674 
-0.848 26.88 
-0.913 32.015 
-0.957 38.862 
-0.887 31.44 
-0.956 38.789 
-0.974 39.913 
-0.945 33.821 
-0.937 33.435 
-0.944 33.767 
-0.977 44.922 
-0.848 26.88 
-0.921 32.815 
-0.886 31.407 
-0.946 33.887 
-0.94 33.674 
