-0.882 57.022 
-0.882 57.022 
-0.742 24.616 
-0.757 29.185 
-0.873 48.249 
-0.78 29.526 
-0.856 45.377 
-0.849 40.702 
-0.788 31.586 
-0.806 34.391 
-0.855 42.244 
-0.848 37.125 
-0.865 45.922 
-0.757 29.185 
-0.831 36.214 
-0.845 36.691 
-0.806 34.391 
-0.788 31.586 
-0.814 34.907 
-0.87 47.802 
-0.873 48.249 
-0.817 35.147 
-0.807 34.823 
-0.855 42.244 
-0.849 40.702 
-0.865 45.922 
-0.785 30.366 
-0.87 47.802 
-0.787 30.958 
-0.829 35.708 
-0.822 35.276 
-0.872 48.016 
-0.785 30.366 
-0.845 36.691 
-0.831 36.214 
-0.826 35.447 
-0.825 35.317 
-0.822 35.276 
-0.856 45.377 
-0.829 35.708 
-0.847 36.908 
-0.786 30.784 
-0.826 35.447 
-0.847 36.908 
-0.786 30.784 
-0.807 34.823 
-0.825 35.317 
-0.882 57.022 
-0.757 29.185 
-0.849 40.702 
-0.831 36.214 
-0.786 30.784 
-0.856 45.377 
-0.822 35.276 
-0.826 35.447 
-0.847 36.908 
-0.807 34.823 
-0.785 30.366 
-0.882 57.022 
-0.757 29.185 
-0.786 30.784 
-0.849 40.702 
-0.831 36.214 
-0.856 45.377 
-0.822 35.276 
-0.826 35.447 
-0.807 34.823 
-0.882 57.022 
-0.757 29.185 
-0.831 36.214 
-0.849 40.702 
-0.826 35.447 
-0.822 35.276 
-0.807 34.823 
-0.807 34.823 
-0.807 34.823 
-0.807 34.823 
-0.807 34.823 
-0.807 34.823 
-0.807 34.823 
-0.807 34.823 
-0.807 34.823 
-0.807 34.823 
-0.757 29.185 
-0.807 34.823 
-0.807 34.823 
-0.831 36.214 
-0.831 36.214 
-0.807 34.823 
-0.807 34.823 
-0.807 34.823 
-0.882 57.022 
-0.807 34.823 
-0.757 29.185 
-0.807 34.823 
-0.807 34.823 
-0.807 34.823 
-0.831 36.214 
-0.757 29.185 
-0.807 34.823 
