-0.686 25.121 
-0.686 25.121 
-0.889 52.733 
-0.889 52.733 
-0.773 29.722 
-0.881 48.569 
-0.729 27.153 
-0.847 38.024 
-0.742 29.149 
-0.866 45.814 
-0.864 42.821 
-0.856 41.313 
-0.739 28.758 
-0.819 35.186 
-0.815 32.013 
-0.7 25.917 
-0.7 25.917 
-0.717 26.801 
-0.717 26.801 
-0.798 30.651 
-0.782 30.477 
-0.872 48.091 
-0.837 36.546 
-0.871 46.897 
-0.856 41.313 
-0.879 48.115 
-0.829 36.249 
-0.806 31.454 
-0.803 30.89 
-0.869 46.358 
-0.811 31.457 
-0.861 41.967 
-0.798 30.651 
-0.813 31.701 
-0.869 46.358 
-0.823 35.54 
-0.841 36.798 
-0.827 36.077 
-0.778 29.997 
-0.862 42.55 
-0.742 29.149 
-0.871 46.897 
-0.815 32.013 
-0.803 30.89 
-0.819 35.186 
-0.829 36.249 
-0.846 37.847 
-0.845 37.445 
-0.821 35.466 
-0.839 36.607 
-0.861 41.967 
-0.859 41.64 
-0.825 35.719 
-0.741 29.094 
-0.859 41.64 
-0.806 31.454 
-0.778 29.997 
-0.88 48.298 
-0.74 28.993 
-0.845 37.445 
-0.844 37.238 
-0.814 31.902 
-0.82 35.268 
-0.839 36.607 
-0.781 30.286 
-0.826 35.89 
-0.842 36.984 
-0.88 48.298 
-0.825 35.719 
-0.846 37.847 
-0.78 30.226 
-0.779 30.051 
-0.844 37.238 
-0.843 37.063 
-0.782 30.477 
-0.826 35.89 
-0.863 42.65 
-0.858 41.49 
-0.857 41.461 
-0.811 31.457 
-0.814 31.902 
-0.74 28.993 
-0.863 42.65 
-0.862 42.55 
-0.82 35.268 
-0.843 37.063 
-0.842 36.984 
-0.821 35.466 
-0.781 30.286 
-0.78 30.226 
-0.779 30.051 
-0.858 41.49 
-0.857 41.461 
-0.7 25.917 
-0.717 26.801 
-0.856 41.313 
-0.869 46.358 
-0.742 29.149 
-0.871 46.897 
-0.815 32.013 
