-0.817 44.612 
-0.782 35.654 
-0.817 44.612 
-0.689 27.988 
-0.816 44.281 
-0.72 28.28 
-0.719 28.197 
-0.755 33.24 
-0.814 41.708 
-0.817 44.612 
-0.795 39.467 
-0.78 35.359 
-0.802 40.501 
-0.719 28.197 
-0.838 50.506 
-0.737 29.262 
-0.817 44.612 
-0.722 28.766 
-0.758 33.981 
-0.76 34.166 
-0.782 35.654 
-0.722 28.766 
-0.8 40.238 
-0.722 28.766 
-0.819 45.104 
-0.801 40.286 
-0.693 28.016 
-0.814 41.708 
-0.794 39.221 
-0.784 36.088 
-0.72 28.28 
-0.838 50.506 
-0.793 39.042 
-0.783 35.796 
-0.798 39.871 
-0.799 40.023 
-0.757 33.887 
-0.755 33.24 
-0.736 28.939 
-0.779 35.103 
-0.796 39.66 
-0.719 28.197 
-0.722 28.766 
-0.752 31.109 
-0.812 40.727 
-0.737 29.262 
-0.828 45.133 
-0.722 28.766 
-0.813 40.878 
-0.831 46.123 
-0.776 34.876 
-0.721 28.473 
-0.689 27.988 
-0.808 40.689 
-0.781 35.508 
-0.828 45.133 
-0.749 30.869 
-0.784 36.088 
-0.766 34.168 
-0.72 28.28 
-0.72 28.28 
-0.718 28.138 
-0.808 40.689 
-0.717 28.026 
-0.83 45.827 
-0.793 39.042 
-0.798 39.871 
-0.693 28.016 
-0.719 28.197 
-0.756 33.573 
-0.724 28.893 
-0.722 28.766 
-0.835 49.588 
-0.814 41.708 
