-0.838 57.359 
-0.581 24.82 
-0.838 57.359 
-0.581 24.82 
-0.683 27.526 
-0.588 24.99 
-0.797 40.903 
-0.683 27.526 
-0.837 52.141 
-0.822 51.049 
-0.706 30.36 
-0.783 37.088 
-0.748 32.119 
-0.821 47.59 
-0.762 35.49 
-0.588 24.99 
-0.706 30.36 
-0.81 45.2 
-0.804 42.384 
-0.722 30.655 
-0.783 37.088 
-0.733 31.948 
-0.762 35.49 
-0.748 32.119 
-0.778 35.803 
-0.834 51.091 
-0.746 32.034 
-0.818 46.3 
-0.766 35.762 
-0.804 42.384 
-0.798 41.561 
-0.803 41.74 
-0.78 36.139 
-0.81 45.2 
-0.727 31.372 
-0.722 30.655 
-0.73 31.438 
-0.782 36.461 
-0.582 24.922 
-0.819 46.971 
-0.727 31.372 
-0.837 52.141 
-0.836 51.643 
-0.814 45.967 
-0.812 45.57 
-0.812 45.57 
-0.821 47.59 
-0.82 47.244 
-0.733 31.948 
-0.814 45.967 
-0.782 36.461 
-0.73 31.438 
-0.835 51.41 
-0.813 45.881 
-0.763 35.599 
-0.82 47.244 
-0.819 46.971 
-0.836 51.643 
-0.835 51.41 
-0.746 32.034 
-0.803 41.74 
-0.798 41.561 
-0.778 35.803 
-0.813 45.881 
-0.582 24.922 
-0.764 35.661 
-0.765 35.712 
-0.764 35.661 
-0.765 35.712 
-0.834 51.091 
-0.822 51.049 
-0.766 35.762 
-0.581 24.82 
-0.838 57.359 
-0.683 27.526 
-0.588 24.99 
-0.804 42.384 
-0.81 45.2 
-0.722 30.655 
-0.783 37.088 
-0.727 31.372 
-0.837 52.141 
-0.812 45.57 
-0.821 47.59 
-0.733 31.948 
-0.814 45.967 
-0.782 36.461 
-0.73 31.438 
-0.82 47.244 
-0.836 51.643 
-0.835 51.41 
-0.746 32.034 
-0.803 41.74 
-0.764 35.661 
-0.813 45.881 
-0.582 24.922 
-0.765 35.712 
-0.834 51.091 
-0.822 51.049 
-0.766 35.762 
