-0.581 24.82 
-0.846 62.342 
-0.581 24.82 
-0.683 27.526 
-0.588 24.99 
-0.838 57.22 
-0.837 52.053 
-0.683 27.526 
-0.822 51.049 
-0.756 31.676 
-0.795 40.486 
-0.763 35.485 
-0.783 36.706 
-0.752 31.529 
-0.821 47.586 
-0.706 30.36 
-0.588 24.99 
-0.73 31.438 
-0.809 45.089 
-0.804 42.22 
-0.706 30.36 
-0.722 30.655 
-0.707 30.506 
-0.795 40.486 
-0.778 35.803 
-0.834 51.091 
-0.783 36.706 
-0.766 35.762 
-0.804 42.22 
-0.803 41.74 
-0.763 35.485 
-0.727 31.372 
-0.756 31.676 
-0.798 41.207 
-0.582 24.922 
-0.818 46.3 
-0.722 30.655 
-0.78 36.122 
-0.809 45.089 
-0.727 31.372 
-0.82 47.244 
-0.819 46.612 
-0.803 41.74 
-0.798 41.207 
-0.814 45.967 
-0.797 40.903 
-0.797 40.903 
-0.836 51.643 
-0.73 31.438 
-0.821 47.586 
-0.82 47.244 
-0.818 46.3 
-0.814 45.967 
-0.835 51.41 
-0.819 46.612 
-0.813 45.881 
-0.812 45.57 
-0.782 36.461 
-0.781 36.207 
-0.782 36.461 
-0.836 51.643 
-0.835 51.41 
-0.811 45.399 
-0.81 45.2 
-0.778 35.803 
-0.764 35.661 
-0.811 45.399 
-0.812 45.57 
-0.707 30.506 
-0.81 45.2 
-0.813 45.881 
-0.781 36.207 
-0.582 24.922 
-0.765 35.712 
-0.764 35.661 
-0.765 35.712 
-0.834 51.091 
-0.822 51.049 
-0.766 35.762 
-0.581 24.82 
-0.683 27.526 
-0.588 24.99 
-0.706 30.36 
-0.795 40.486 
-0.783 36.706 
-0.804 42.22 
-0.763 35.485 
-0.756 31.676 
-0.722 30.655 
-0.809 45.089 
-0.727 31.372 
-0.803 41.74 
-0.797 40.903 
-0.73 31.438 
-0.82 47.244 
-0.818 46.3 
-0.814 45.967 
-0.819 46.612 
-0.782 36.461 
-0.836 51.643 
