-0.636 22.9 
-0.82 63.701 
-0.636 22.9 
-0.813 53.992 
-0.668 26.17 
-0.637 22.964 
-0.668 26.17 
-0.79 48.533 
-0.805 49.869 
-0.789 44.909 
-0.637 22.964 
-0.682 26.848 
-0.733 32.821 
-0.73 29.817 
-0.778 42.712 
-0.719 28.88 
-0.707 27.955 
-0.786 44.507 
-0.693 27.286 
-0.678 26.32 
-0.797 48.962 
-0.774 40.796 
-0.767 40.029 
-0.766 38.784 
-0.693 27.286 
-0.754 37.436 
-0.752 35.706 
-0.805 49.869 
-0.719 28.88 
-0.723 29.195 
-0.758 37.939 
-0.764 38.148 
-0.7 27.395 
-0.803 49.553 
-0.752 35.706 
-0.781 43.294 
-0.781 43.294 
-0.751 34.687 
-0.794 48.598 
-0.734 32.845 
-0.707 27.955 
-0.745 33.56 
-0.771 40.173 
-0.738 32.906 
-0.774 40.796 
-0.703 27.406 
-0.772 40.363 
-0.743 33.462 
-0.749 34.086 
-0.78 43.139 
-0.73 29.817 
-0.748 33.902 
-0.803 49.553 
-0.681 26.601 
-0.7 27.395 
-0.742 33.345 
-0.787 44.746 
-0.704 27.489 
-0.741 33.133 
-0.733 32.821 
-0.727 29.48 
-0.795 48.649 
-0.755 37.437 
-0.756 37.628 
-0.747 33.711 
-0.705 27.67 
-0.729 29.653 
-0.728 29.634 
-0.788 44.787 
-0.678 26.32 
-0.751 34.687 
-0.75 34.337 
-0.765 38.44 
-0.726 29.393 
-0.68 26.494 
-0.757 37.629 
-0.765 38.44 
-0.738 32.906 
-0.706 27.678 
-0.773 40.635 
-0.779 42.87 
-0.74 33.096 
-0.725 29.359 
-0.75 34.337 
-0.754 37.436 
-0.764 38.148 
-0.758 37.939 
-0.74 33.096 
-0.68 26.494 
-0.725 29.359 
-0.804 49.707 
-0.796 48.801 
-0.773 40.635 
-0.779 42.87 
-0.804 49.707 
-0.796 48.801 
-0.747 33.711 
-0.771 40.173 
-0.767 40.029 
-0.706 27.678 
