-0.747 34.005 
-0.812 63.718 
-0.677 27.474 
-0.789 54.36 
-0.795 54.892 
-0.653 27.43 
-0.757 38.004 
-0.747 34.005 
-0.795 54.892 
-0.728 29.689 
-0.742 33.377 
-0.758 38.236 
-0.788 54.026 
-0.805 58.684 
-0.743 33.954 
-0.764 38.607 
-0.702 28.124 
-0.797 55.054 
-0.742 33.377 
-0.704 29.2 
-0.764 38.607 
-0.75 37.374 
-0.74 33.098 
-0.764 38.607 
-0.63 23.054 
-0.695 27.476 
-0.63 23.054 
-0.73 29.818 
-0.757 38.004 
-0.743 33.954 
-0.765 40.056 
-0.781 47.23 
-0.78 44.821 
-0.812 63.718 
-0.782 50.207 
-0.749 34.201 
-0.723 29.202 
-0.774 40.796 
-0.797 55.054 
-0.779 44.525 
