-0.672 24.932 
-0.873 56.921 
-0.672 24.932 
-0.863 52.082 
-0.846 41.445 
-0.738 28.762 
-0.697 25.91 
-0.807 35.349 
-0.864 52.219 
-0.855 46.007 
-0.851 45.258 
-0.771 33.71 
-0.81 39.967 
-0.738 28.762 
-0.822 41.156 
-0.795 34.52 
-0.779 34.353 
-0.691 25.345 
-0.759 31.007 
-0.697 25.91 
-0.759 31.007 
-0.818 40.701 
-0.802 34.793 
-0.811 40.165 
-0.747 29.185 
-0.855 46.007 
-0.773 34.24 
-0.754 30.14 
-0.693 25.888 
-0.846 41.445 
-0.754 30.14 
-0.822 41.156 
-0.854 45.963 
-0.748 29.377 
-0.772 34.18 
-0.691 25.345 
-0.81 39.967 
-0.747 29.185 
-0.854 45.963 
-0.75 29.567 
-0.752 29.918 
-0.752 29.918 
-0.751 29.763 
-0.75 29.567 
-0.693 25.888 
-0.751 29.763 
-0.672 24.932 
-0.854 45.963 
-0.822 41.156 
-0.846 41.445 
-0.754 30.14 
-0.691 25.345 
-0.747 29.185 
-0.693 25.888 
-0.751 29.763 
-0.672 24.932 
-0.693 25.888 
-0.854 45.963 
-0.751 29.763 
-0.693 25.888 
-0.693 25.888 
-0.693 25.888 
-0.751 29.763 
-0.693 25.888 
-0.751 29.763 
-0.693 25.888 
-0.693 25.888 
-0.751 29.763 
-0.751 29.763 
-0.693 25.888 
-0.854 45.963 
-0.751 29.763 
-0.693 25.888 
-0.854 45.963 
-0.693 25.888 
-0.693 25.888 
-0.672 24.932 
-0.854 45.963 
-0.693 25.888 
-0.691 25.345 
-0.693 25.888 
-0.691 25.345 
-0.854 45.963 
-0.693 25.888 
-0.672 24.932 
-0.693 25.888 
-0.854 45.963 
-0.691 25.345 
-0.693 25.888 
-0.751 29.763 
-0.751 29.763 
-0.672 24.932 
-0.693 25.888 
-0.693 25.888 
-0.751 29.763 
-0.751 29.763 
-0.693 25.888 
-0.693 25.888 
-0.854 45.963 
-0.854 45.963 
