-0.746 26.694 
-0.917 53.384 
-0.746 26.694 
-0.881 37.756 
-0.907 48.605 
-0.808 27.602 
-0.898 43.513 
-0.853 35.414 
-0.886 41.488 
-0.839 30.685 
-0.905 47.669 
-0.804 27.078 
-0.778 26.895 
-0.818 30.593 
-0.848 32.206 
-0.856 36.358 
-0.767 26.736 
-0.875 36.454 
-0.816 30.505 
-0.907 48.605 
-0.891 42.356 
-0.898 43.513 
-0.905 47.669 
-0.778 26.895 
-0.844 31.024 
-0.768 26.832 
-0.886 41.488 
-0.895 42.524 
-0.848 32.206 
-0.816 30.505 
-0.846 31.54 
-0.877 36.95 
-0.877 36.95 
-0.845 31.442 
-0.854 35.826 
-0.806 27.192 
-0.854 35.826 
-0.895 42.524 
-0.876 36.552 
-0.804 27.078 
-0.806 27.192 
-0.856 36.358 
-0.876 36.552 
-0.768 26.832 
-0.767 26.736 
-0.746 26.694 
-0.907 48.605 
-0.886 41.488 
-0.778 26.895 
-0.806 27.192 
-0.816 30.505 
-0.895 42.524 
-0.848 32.206 
-0.877 36.95 
-0.854 35.826 
-0.804 27.078 
-0.856 36.358 
-0.876 36.552 
-0.746 26.694 
-0.816 30.505 
-0.806 27.192 
-0.886 41.488 
-0.848 32.206 
-0.907 48.605 
-0.877 36.95 
-0.856 36.358 
-0.876 36.552 
-0.746 26.694 
-0.886 41.488 
-0.816 30.505 
-0.877 36.95 
-0.907 48.605 
-0.856 36.358 
-0.746 26.694 
-0.886 41.488 
-0.816 30.505 
-0.907 48.605 
-0.856 36.358 
-0.746 26.694 
-0.856 36.358 
-0.746 26.694 
-0.746 26.694 
-0.746 26.694 
-0.746 26.694 
-0.856 36.358 
-0.746 26.694 
-0.856 36.358 
-0.856 36.358 
-0.746 26.694 
-0.746 26.694 
-0.856 36.358 
-0.816 30.505 
-0.746 26.694 
-0.856 36.358 
-0.886 41.488 
-0.746 26.694 
-0.746 26.694 
-0.816 30.505 
-0.856 36.358 
-0.746 26.694 
