P=? [ F (x=9&y=9&crashed=0) ]	R{"cost"}=? [ C<=100 ]
-0.0	0.0
0.947	94.134
-0.0	0.0
0.947	94.134
0.626	19.749
0.626	19.749
0.946	89.269
0.937	79.307
0.709	23.317
0.881	47.607
0.888	51.888
0.896	57.089
0.891	52.655
0.924	73.071
0.918	68.65
0.9	58.012
0.934	78.48
0.927	74.165
0.906	62.228
0.709	23.317
0.914	67.642
0.909	63.963
0.723	27.111
0.858	42.609
0.718	24.15
0.742	29.416
0.861	45.587
0.813	34.685
0.809	32.028
0.836	40.099
0.833	37.926
0.832	36.445
0.878	46.855
0.769	29.542
0.907	62.367
0.833	37.926
0.855	41.474
0.908	63.823
0.739	28.065
0.756	29.483
0.927	74.165
0.756	29.483
0.839	40.264
0.851	40.763
0.898	57.66
0.815	34.993
0.825	35.107
0.771	29.944
0.78	30.226
0.918	68.65
0.78	30.226
0.857	42.477
0.79	30.505
0.808	31.833
0.805	31.356
0.896	57.089
0.924	73.071
0.865	46.326
0.735	27.431
0.871	46.589
0.9	58.012
0.935	78.623
0.729	27.425
0.936	79.224
0.926	73.485
0.853	41.24
0.715	23.652
0.871	46.589
0.829	35.937
0.934	78.48
0.891	52.655
0.723	27.111
0.831	36.106
0.839	40.264
0.8	30.97
0.8	30.97
0.794	30.592
0.906	62.228
0.718	24.15
0.828	35.542
0.813	34.685
0.794	30.592
0.917	68.066
0.79	30.505
0.852	40.895
0.909	63.963
0.914	67.642
0.889	52.322
0.737	28.001
0.862	45.916
0.861	45.587
0.729	27.425
0.851	40.763
0.804	31.161
0.809	32.028
0.865	46.326
0.926	73.485
0.862	45.916
0.915	67.782
0.771	29.944
