-0.745 29.76 
-0.909 65.244 
-0.745 29.76 
-0.909 65.244 
-0.9 54.641 
-0.903 64.371 
-0.808 37.138 
-0.768 34.069 
-0.828 37.282 
-0.883 52.967 
-0.882 49.112 
-0.847 41.917 
-0.84 38.591 
-0.864 44.234 
-0.763 30.855 
-0.865 47.194 
-0.784 35.533 
-0.796 36.493 
-0.796 36.493 
-0.84 38.591 
-0.892 53.464 
-0.847 41.917 
-0.887 53.364 
-0.907 64.876 
-0.852 42.254 
-0.763 30.855 
-0.777 34.783 
-0.885 53.363 
-0.898 54.367 
-0.833 37.53 
-0.857 43.104 
-0.878 48.339 
-0.784 35.533 
-0.758 30.286 
-0.746 29.763 
-0.75 29.833 
-0.801 36.541 
-0.904 64.74 
-0.903 64.371 
-0.807 36.921 
-0.897 54.042 
-0.754 30.081 
-0.75 29.833 
-0.835 37.671 
-0.782 35.191 
-0.868 47.561 
-0.837 38.015 
-0.831 37.296 
-0.78 35.068 
-0.871 47.805 
-0.88 48.714 
-0.859 43.503 
-0.881 48.785 
-0.828 37.282 
-0.838 38.243 
-0.856 42.935 
-0.863 44.13 
-0.893 53.788 
-0.836 37.79 
-0.783 35.312 
-0.762 30.637 
-0.774 34.506 
-0.848 42.037 
-0.756 30.203 
-0.875 48.024 
-0.774 34.506 
-0.871 47.805 
-0.868 47.561 
-0.894 53.814 
-0.854 42.513 
-0.875 48.024 
-0.805 36.785 
-0.803 36.551 
-0.861 43.648 
-0.85 42.038 
-0.873 48.004 
-0.771 34.295 
-0.883 52.967 
-0.859 43.503 
-0.805 36.785 
-0.779 34.971 
-0.879 48.37 
-0.866 47.32 
-0.755 30.177 
-0.882 49.112 
-0.77 34.188 
-0.772 34.384 
-0.801 36.541 
-0.854 42.513 
-0.862 43.88 
-0.754 30.081 
-0.866 47.32 
-0.855 42.75 
-0.873 48.004 
-0.862 43.88 
-0.831 37.296 
-0.897 54.042 
-0.894 53.814 
-0.803 36.551 
-0.76 30.509 
