-0.696 31.975 
-0.89 69.303 
-0.696 31.975 
-0.887 58.43 
-0.756 33.352 
-0.812 42.011 
-0.761 37.256 
-0.723 33.122 
-0.857 53.215 
-0.725 33.258 
-0.846 43.114 
-0.875 54.681 
-0.888 64.142 
-0.855 48.328 
-0.889 69.211 
-0.888 64.142 
-0.81 38.056 
-0.832 42.442 
-0.852 47.262 
-0.809 37.765 
-0.875 54.681 
-0.791 37.446 
-0.777 37.39 
-0.791 37.446 
-0.777 37.39 
-0.863 53.415 
-0.863 53.415 
-0.842 42.654 
-0.836 42.623 
-0.853 47.436 
-0.852 47.262 
-0.855 48.328 
-0.761 37.256 
-0.812 42.011 
-0.833 42.528 
-0.833 42.528 
-0.889 69.211 
-0.696 31.975 
-0.889 69.211 
-0.791 37.446 
-0.777 37.39 
-0.761 37.256 
-0.852 47.262 
-0.833 42.528 
-0.833 42.528 
-0.833 42.528 
-0.889 69.211 
-0.777 37.39 
-0.852 47.262 
-0.761 37.256 
-0.761 37.256 
-0.777 37.39 
-0.761 37.256 
-0.761 37.256 
-0.761 37.256 
-0.852 47.262 
-0.777 37.39 
-0.761 37.256 
-0.777 37.39 
-0.761 37.256 
-0.761 37.256 
-0.761 37.256 
-0.761 37.256 
-0.777 37.39 
-0.777 37.39 
-0.761 37.256 
-0.761 37.256 
-0.777 37.39 
-0.761 37.256 
-0.761 37.256 
-0.889 69.211 
-0.777 37.39 
-0.777 37.39 
-0.889 69.211 
-0.761 37.256 
-0.777 37.39 
-0.761 37.256 
-0.761 37.256 
-0.777 37.39 
-0.761 37.256 
-0.761 37.256 
-0.761 37.256 
-0.761 37.256 
-0.777 37.39 
-0.761 37.256 
-0.833 42.528 
-0.777 37.39 
-0.833 42.528 
-0.761 37.256 
-0.777 37.39 
-0.833 42.528 
-0.761 37.256 
-0.761 37.256 
-0.889 69.211 
-0.761 37.256 
-0.696 31.975 
-0.777 37.39 
-0.761 37.256 
-0.777 37.39 
-0.833 42.528 
