-0.881 51.317 
-0.686 23.496 
-0.686 23.496 
-0.78 29.018 
-0.716 25.396 
-0.878 50.957 
-0.797 33.339 
-0.864 46.167 
-0.716 25.396 
-0.857 45.216 
-0.848 41.773 
-0.839 40.051 
-0.83 36.73 
-0.788 30.054 
-0.715 25.317 
-0.864 46.167 
-0.7 24.951 
-0.848 41.773 
-0.699 24.946 
-0.699 24.946 
-0.857 45.216 
-0.83 36.73 
-0.788 30.054 
-0.846 41.017 
-0.839 40.051 
-0.808 34.225 
-0.814 35.265 
-0.803 34.131 
-0.82 35.459 
-0.802 33.925 
-0.785 29.617 
-0.842 40.363 
-0.813 34.919 
-0.844 40.609 
-0.8 33.668 
-0.782 29.259 
-0.783 29.38 
-0.799 33.559 
-0.841 40.203 
-0.824 35.826 
-0.809 34.482 
-0.829 36.536 
-0.861 45.79 
-0.812 34.727 
-0.828 36.335 
-0.786 29.809 
-0.715 25.317 
-0.7 24.951 
-0.822 35.689 
-0.826 36.01 
-0.859 45.51 
-0.823 35.706 
-0.845 40.738 
-0.88 51.181 
-0.809 34.482 
-0.812 34.727 
-0.88 51.181 
-0.86 45.567 
-0.863 45.953 
-0.859 45.51 
-0.827 36.208 
-0.82 35.459 
-0.814 35.265 
-0.787 29.867 
-0.821 35.504 
-0.826 36.01 
-0.862 45.928 
-0.845 40.738 
-0.827 36.208 
-0.803 34.131 
-0.787 29.867 
-0.86 45.567 
-0.821 35.504 
-0.863 45.953 
-0.862 45.928 
-0.864 46.167 
-0.848 41.773 
-0.699 24.946 
-0.857 45.216 
-0.83 36.73 
-0.839 40.051 
-0.812 34.727 
-0.814 35.265 
-0.827 36.208 
-0.787 29.867 
-0.86 45.567 
-0.862 45.928 
-0.864 46.167 
-0.857 45.216 
-0.699 24.946 
-0.839 40.051 
-0.812 34.727 
-0.814 35.265 
-0.827 36.208 
-0.862 45.928 
-0.86 45.567 
-0.699 24.946 
-0.864 46.167 
-0.814 35.265 
-0.827 36.208 
