-0.881 51.317 
-0.686 23.496 
-0.686 23.496 
-0.881 51.317 
-0.878 50.956 
-0.724 27.778 
-0.864 46.167 
-0.788 30.045 
-0.748 28.861 
-0.83 36.72 
-0.856 45.069 
-0.838 39.978 
-0.771 28.974 
-0.797 33.339 
-0.721 27.56 
-0.848 41.771 
-0.701 24.863 
-0.75 28.933 
-0.689 23.871 
-0.716 25.396 
-0.864 46.167 
-0.703 25.29 
-0.78 29.016 
-0.715 25.316 
-0.797 33.339 
-0.814 35.265 
-0.846 41.015 
-0.821 35.438 
-0.848 41.771 
-0.803 34.047 
-0.847 41.712 
-0.808 34.225 
-0.842 40.339 
-0.844 40.607 
-0.813 34.912 
-0.802 33.923 
-0.716 25.396 
-0.859 45.344 
-0.799 33.534 
-0.783 29.254 
-0.824 35.695 
-0.787 29.859 
-0.81 34.469 
-0.88 51.12 
-0.808 34.225 
-0.688 23.706 
-0.862 45.884 
-0.857 45.216 
-0.841 40.203 
-0.845 40.737 
-0.8 33.667 
-0.8 33.667 
-0.825 35.949 
-0.822 35.688 
-0.81 34.469 
-0.783 29.254 
-0.861 45.79 
-0.86 45.566 
-0.863 45.944 
-0.86 45.566 
-0.688 23.706 
-0.841 40.203 
-0.839 39.994 
-0.811 34.667 
-0.829 36.524 
-0.829 36.524 
-0.828 36.335 
-0.786 29.803 
-0.785 29.617 
-0.812 34.727 
-0.828 36.335 
-0.827 36.151 
-0.784 29.436 
-0.785 29.617 
-0.784 29.436 
-0.821 35.438 
-0.814 35.265 
-0.703 25.29 
-0.88 51.12 
-0.839 39.994 
-0.827 36.151 
-0.826 36.01 
-0.845 40.737 
-0.857 45.216 
-0.861 45.79 
-0.826 36.01 
-0.825 35.949 
-0.863 45.944 
-0.811 34.667 
-0.812 34.727 
-0.786 29.803 
-0.823 35.692 
-0.822 35.688 
-0.823 35.692 
-0.686 23.496 
-0.881 51.317 
-0.864 46.167 
-0.797 33.339 
-0.716 25.396 
-0.808 34.225 
