-0.881 51.255 
-0.666 23.206 
-0.881 51.255 
-0.864 46.164 
-0.877 50.895 
-0.74 28.646 
-0.701 24.839 
-0.797 33.327 
-0.856 45.067 
-0.848 41.771 
-0.788 30.045 
-0.838 39.978 
-0.83 36.713 
-0.75 28.933 
-0.725 27.955 
-0.717 27.353 
-0.689 23.707 
-0.771 28.974 
-0.684 23.347 
-0.716 25.396 
-0.877 50.895 
-0.78 29.009 
-0.797 33.327 
-0.788 30.045 
-0.722 27.552 
-0.749 28.845 
-0.83 36.713 
-0.771 28.974 
-0.856 45.067 
-0.814 35.265 
-0.848 41.771 
-0.838 39.978 
-0.715 25.316 
-0.808 34.225 
-0.709 25.315 
-0.81 34.467 
-0.847 41.711 
-0.846 41.015 
-0.803 34.047 
-0.82 35.435 
-0.842 40.339 
-0.706 25.204 
-0.706 25.204 
-0.845 40.725 
-0.825 35.897 
-0.821 35.438 
-0.839 39.994 
-0.783 29.245 
-0.861 45.789 
-0.859 45.344 
-0.827 36.149 
-0.811 34.661 
-0.812 34.717 
-0.786 29.803 
-0.813 34.911 
-0.857 45.216 
-0.824 35.686 
-0.686 23.496 
-0.808 34.225 
-0.724 27.778 
-0.78 29.009 
-0.846 41.015 
-0.686 23.496 
-0.684 23.347 
-0.863 45.893 
-0.841 40.203 
-0.88 51.12 
-0.802 33.912 
-0.709 25.315 
-0.844 40.595 
-0.844 40.595 
-0.802 33.912 
-0.8 33.657 
-0.8 33.657 
-0.799 33.533 
-0.823 35.683 
-0.783 29.245 
-0.862 45.871 
-0.724 27.778 
-0.86 45.566 
-0.86 45.566 
-0.688 23.706 
-0.841 40.203 
-0.799 33.533 
-0.749 28.845 
-0.813 34.911 
-0.785 29.611 
-0.878 50.956 
-0.829 36.522 
-0.784 29.436 
-0.787 29.857 
-0.829 36.522 
-0.828 36.335 
-0.828 36.335 
-0.826 36.075 
-0.803 34.047 
-0.785 29.611 
-0.784 29.436 
-0.82 35.435 
-0.814 35.265 
