-0.782 29.533 
-0.881 51.41 
-0.814 35.265 
-0.842 40.508 
-0.864 46.168 
-0.842 40.508 
-0.853 45.867 
-0.839 40.164 
-0.854 45.945 
-0.881 51.41 
-0.852 45.747 
-0.784 29.766 
-0.881 51.41 
-0.842 40.508 
-0.881 51.41 
-0.854 45.945 
-0.83 39.724 
-0.784 29.766 
-0.839 40.164 
-0.829 39.597 
-0.782 29.533 
-0.852 45.747 
-0.812 34.733 
-0.814 35.265 
-0.842 40.508 
-0.783 29.725 
-0.842 40.508 
-0.844 40.619 
-0.823 35.77 
-0.787 29.87 
-0.829 39.597 
-0.797 33.446 
-0.878 51.049 
-0.838 40.111 
-0.864 46.168 
-0.715 25.317 
-0.84 40.325 
-0.782 29.533 
-0.841 40.378 
-0.825 36.09 
-0.784 29.766 
-0.839 40.164 
-0.659 23.742 
-0.782 29.533 
-0.84 40.325 
-0.842 40.508 
-0.788 30.061 
-0.881 51.41 
-0.8 33.768 
-0.814 35.265 
-0.799 33.665 
-0.826 36.271 
-0.698 24.948 
-0.851 45.617 
-0.813 34.928 
-0.787 29.87 
-0.839 40.164 
-0.846 41.583 
-0.881 51.41 
-0.88 51.182 
-0.845 40.885 
-0.864 46.168 
-0.881 51.41 
-0.842 40.508 
-0.863 46.036 
-0.847 41.794 
-0.822 35.709 
-0.839 40.164 
-0.841 40.378 
-0.776 29.096 
-0.828 36.401 
-0.864 46.168 
-0.881 51.41 
