-0.821 65.045 
-0.599 30.001 
-0.821 65.045 
-0.805 59.052 
-0.775 49.784 
-0.659 32.964 
-0.789 54.514 
-0.723 41.065 
-0.79 58.05 
-0.683 33.941 
-0.706 38.107 
-0.619 32.108 
-0.766 47.613 
-0.645 32.833 
-0.782 52.822 
-0.744 44.485 
-0.745 47.485 
-0.805 59.052 
-0.751 47.526 
-0.697 34.905 
-0.701 35.403 
-0.782 52.822 
-0.618 31.544 
-0.722 39.17 
-0.736 43.192 
-0.686 34.447 
-0.736 43.192 
-0.719 38.84 
-0.606 30.581 
-0.646 32.945 
-0.606 30.581 
-0.601 30.293 
-0.706 38.107 
-0.766 47.613 
-0.742 43.899 
-0.79 58.05 
-0.618 31.544 
-0.719 38.84 
-0.737 43.338 
-0.686 34.447 
-0.645 32.833 
-0.619 32.108 
-0.742 43.899 
-0.721 38.973 
-0.701 35.403 
-0.737 43.338 
-0.7 35.391 
-0.7 35.391 
-0.745 47.485 
-0.646 32.945 
-0.805 59.052 
-0.782 52.822 
-0.706 38.107 
-0.719 38.84 
-0.79 58.05 
-0.618 31.544 
-0.742 43.899 
-0.686 34.447 
-0.645 32.833 
-0.701 35.403 
-0.737 43.338 
-0.745 47.485 
-0.686 34.447 
-0.737 43.338 
-0.686 34.447 
-0.686 34.447 
-0.737 43.338 
-0.686 34.447 
-0.805 59.052 
-0.618 31.544 
-0.618 31.544 
-0.737 43.338 
-0.686 34.447 
-0.706 38.107 
-0.701 35.403 
-0.701 35.403 
-0.686 34.447 
-0.686 34.447 
-0.805 59.052 
-0.737 43.338 
-0.701 35.403 
-0.686 34.447 
-0.737 43.338 
-0.686 34.447 
-0.686 34.447 
-0.618 31.544 
-0.686 34.447 
-0.686 34.447 
-0.686 34.447 
-0.737 43.338 
-0.686 34.447 
-0.706 38.107 
-0.737 43.338 
-0.701 35.403 
-0.706 38.107 
-0.742 43.899 
-0.686 34.447 
-0.686 34.447 
-0.686 34.447 
-0.686 34.447 
