-0.829 64.592 
-0.611 22.736 
-0.611 22.736 
-0.82 59.913 
-0.638 24.8 
-0.813 57.604 
-0.631 23.428 
-0.789 48.828 
-0.659 26.037 
-0.78 44.197 
-0.662 26.407 
-0.725 29.507 
-0.684 26.768 
-0.794 52.575 
-0.738 32.824 
-0.752 37.97 
-0.805 55.391 
-0.786 47.351 
-0.612 22.802 
-0.726 32.481 
-0.772 40.252 
-0.751 34.81 
-0.72 29.166 
-0.797 52.852 
-0.712 28.597 
-0.745 33.558 
-0.698 27.532 
-0.773 42.745 
-0.727 32.807 
-0.786 47.351 
-0.756 38.05 
-0.712 28.597 
-0.8 54.802 
-0.769 39.897 
-0.774 43.143 
-0.764 38.273 
-0.689 27.303 
-0.697 27.45 
-0.777 43.879 
-0.747 34.129 
-0.698 27.532 
-0.794 52.575 
-0.767 38.97 
-0.686 26.97 
-0.765 38.615 
-0.749 34.489 
-0.688 27.089 
-0.804 55.369 
-0.8 54.802 
-0.612 22.802 
-0.684 26.768 
-0.662 26.407 
-0.766 38.867 
-0.802 55.061 
-0.802 55.061 
-0.773 42.745 
-0.748 34.462 
-0.751 34.81 
-0.767 38.97 
-0.66 26.135 
-0.778 43.912 
-0.66 26.135 
-0.778 43.912 
-0.764 38.273 
-0.697 27.45 
-0.689 27.303 
-0.748 34.462 
-0.794 52.575 
-0.612 22.802 
-0.662 26.407 
-0.802 55.061 
-0.751 34.81 
-0.66 26.135 
-0.748 34.462 
-0.612 22.802 
-0.612 22.802 
-0.612 22.802 
-0.612 22.802 
-0.748 34.462 
-0.748 34.462 
-0.612 22.802 
-0.802 55.061 
-0.748 34.462 
-0.66 26.135 
-0.612 22.802 
-0.66 26.135 
-0.66 26.135 
-0.612 22.802 
-0.612 22.802 
-0.612 22.802 
-0.662 26.407 
-0.612 22.802 
-0.66 26.135 
-0.612 22.802 
-0.612 22.802 
-0.802 55.061 
-0.751 34.81 
-0.66 26.135 
-0.612 22.802 
-0.66 26.135 
