P=? [ F (x=9&y=9&crashed=0) ]	R{"cost"}=? [ C<=100 ]
-0.0	0.0
0.829	92.742
-0.0	0.0
0.829	92.742
0.591	18.685
0.591	18.685
0.812	68.405
0.821	82.407
0.821	82.407
0.795	56.884
0.796	63.36
0.623	22.074
0.812	68.405
0.788	56.628
0.797	63.409
0.781	52.204
0.773	50.589
0.592	18.831
0.623	22.074
0.652	22.148
0.592	18.831
0.711	30.946
0.7	27.764
0.766	47.646
0.741	39.968
0.736	37.168
0.671	25.868
0.667	23.455
0.766	47.646
0.75	41.502
0.751	43.055
0.779	50.776
0.726	35.208
0.721	33.349
0.765	46.052
0.797	63.409
0.756	44.662
0.751	43.055
0.758	45.811
0.711	30.946
0.78	52.155
0.7	27.764
0.663	23.026
0.654	22.422
0.788	56.628
0.764	45.934
0.773	50.589
0.663	23.026
0.679	26.57
0.694	27.188
0.686	27.076
0.757	45.009
0.756	44.662
0.729	36.011
0.733	36.624
0.748	41.026
0.743	40.303
0.781	52.204
0.654	22.422
0.736	37.168
0.721	33.349
0.726	35.208
0.741	39.968
0.715	32.186
0.713	31.256
0.718	32.693
0.718	32.693
0.733	36.624
0.729	36.011
0.749	41.084
0.743	40.303
0.671	25.868
0.685	27.057
0.68	26.942
0.674	26.167
0.714	31.771
0.715	32.186
0.748	41.026
0.742	40.174
0.699	27.583
0.712	31.248
0.728	35.59
0.714	31.771
0.679	26.57
0.674	26.167
0.72	33.092
0.666	23.409
0.681	26.989
0.667	23.455
0.735	36.907
0.72	33.092
0.757	45.009
0.696	27.209
0.735	36.907
0.666	23.409
0.698	27.434
0.795	56.884
0.727	35.456
0.698	27.434
0.694	27.188
