-0.628 23.0 
-0.818 60.023 
-0.666 25.772 
-0.805 53.718 
-0.813 59.377 
-0.81 54.801 
-0.802 49.36 
-0.739 32.914 
-0.64 23.584 
-0.79 48.905 
-0.789 45.015 
-0.777 42.795 
-0.715 29.052 
-0.706 27.732 
-0.73 29.869 
-0.755 37.62 
-0.751 34.687 
-0.672 26.315 
-0.683 26.593 
-0.772 40.424 
-0.64 23.584 
-0.726 29.298 
-0.781 43.201 
-0.693 26.853 
-0.73 29.869 
-0.639 23.433 
-0.784 44.21 
-0.715 29.052 
-0.632 23.081 
-0.801 49.134 
-0.678 26.325 
-0.793 49.014 
-0.81 54.801 
-0.77 40.224 
-0.767 39.765 
-0.762 38.11 
-0.766 38.827 
-0.7 27.218 
-0.68 26.495 
-0.813 59.377 
-0.772 40.424 
-0.785 44.429 
-0.748 33.803 
-0.749 34.141 
-0.74 33.212 
-0.693 26.853 
-0.751 34.687 
-0.759 38.016 
-0.75 34.488 
-0.705 27.589 
-0.746 33.61 
-0.779 43.0 
-0.755 37.62 
-0.742 33.384 
-0.728 29.487 
-0.697 27.033 
-0.729 29.517 
-0.703 27.406 
-0.765 38.794 
-0.764 38.457 
-0.793 49.014 
-0.743 33.456 
-0.767 39.765 
-0.726 29.298 
-0.788 44.938 
-0.631 23.057 
-0.778 42.909 
-0.703 27.406 
-0.787 44.772 
-0.764 38.457 
-0.787 44.772 
-0.745 33.489 
-0.756 37.705 
-0.758 37.937 
-0.758 37.937 
-0.756 37.705 
-0.698 27.037 
-0.698 27.037 
-0.697 27.033 
-0.801 49.134 
-0.79 48.905 
-0.631 23.057 
-0.745 33.489 
-0.64 23.584 
-0.81 54.801 
-0.693 26.853 
-0.751 34.687 
-0.755 37.62 
-0.787 44.772 
-0.764 38.457 
-0.756 37.705 
-0.698 27.037 
-0.697 27.033 
-0.801 49.134 
-0.631 23.057 
-0.81 54.801 
-0.751 34.687 
-0.801 49.134 
-0.693 26.853 
-0.764 38.457 
