-0.82 60.234 
-0.664 22.837 
-0.813 53.941 
-0.804 49.306 
-0.818 60.023 
-0.739 32.824 
-0.73 29.817 
-0.794 48.379 
-0.812 53.711 
-0.752 34.809 
-0.789 45.015 
-0.802 48.898 
-0.755 37.262 
-0.696 26.817 
-0.666 25.431 
-0.685 26.628 
-0.777 42.795 
-0.774 40.799 
-0.721 29.175 
-0.812 53.711 
-0.672 26.315 
-0.784 44.139 
-0.709 28.598 
-0.794 48.379 
-0.726 29.18 
-0.765 38.424 
-0.789 45.015 
-0.717 29.103 
-0.678 26.325 
-0.667 25.725 
-0.682 26.43 
-0.818 60.023 
-0.758 37.687 
-0.672 26.315 
-0.781 43.199 
-0.706 27.731 
-0.745 33.488 
-0.741 33.004 
-0.743 33.456 
-0.747 33.593 
-0.709 28.598 
-0.678 26.325 
-0.749 34.136 
-0.713 28.867 
-0.715 29.052 
-0.781 43.199 
-0.7 27.216 
-0.75 34.29 
-0.763 37.959 
-0.774 40.799 
-0.703 27.405 
-0.742 33.166 
-0.683 26.593 
-0.761 37.764 
-0.755 37.262 
-0.702 27.371 
-0.803 49.178 
-0.706 27.731 
-0.768 39.765 
-0.767 39.146 
-0.78 42.969 
-0.667 25.725 
-0.666 25.431 
-0.769 40.023 
-0.777 42.795 
-0.757 37.456 
-0.697 27.033 
-0.763 37.959 
-0.685 26.628 
-0.714 28.872 
-0.699 27.144 
-0.779 42.848 
-0.766 38.827 
-0.771 40.222 
-0.788 44.631 
-0.705 27.589 
-0.698 27.035 
-0.748 33.803 
-0.767 39.146 
-0.766 38.827 
-0.761 37.764 
-0.751 34.601 
-0.729 29.516 
-0.778 42.803 
-0.785 44.179 
-0.786 44.183 
-0.787 44.463 
-0.713 28.867 
-0.768 39.765 
-0.773 40.579 
-0.748 33.803 
-0.751 34.601 
-0.773 40.579 
-0.772 40.375 
-0.771 40.222 
-0.769 40.023 
-0.757 37.456 
-0.696 26.817 
-0.705 27.589 
-0.788 44.631 
