P=? [ F (x=9&y=9&crashed=0) ]	R{"cost"}=? [ C<=100 ]
0.899	68.292
0.674	27.391
0.899	68.292
0.674	27.391
0.761	31.014
0.676	27.414
0.881	53.513
0.882	62.153
0.761	31.014
0.898	67.703
0.797	35.913
0.79	31.178
0.89	62.738
0.873	52.495
0.796	32.041
0.84	42.329
0.845	46.231
0.676	27.414
0.859	50.819
0.824	37.92
0.834	40.926
0.856	48.123
0.824	37.92
0.864	51.741
0.81	35.965
0.834	40.926
0.864	51.741
0.89	62.738
0.859	50.819
0.84	42.329
0.889	62.641
0.821	36.955
0.856	48.123
0.845	46.231
0.814	36.005
0.846	46.348
0.821	36.955
0.838	41.776
0.837	41.351
0.81	35.965
0.855	47.527
0.85	46.862
0.838	41.776
0.818	36.555
0.815	36.01
0.85	46.862
0.846	46.348
0.792	31.503
0.889	62.641
0.882	62.153
0.852	46.895
0.837	41.351
0.835	40.932
0.792	31.503
0.818	36.555
0.815	36.01
0.79	31.178
0.795	31.713
0.853	47.18
0.855	47.527
0.854	47.255
0.82	36.705
0.794	31.708
0.835	40.932
0.794	31.708
0.82	36.705
0.819	36.56
0.854	47.255
0.853	47.18
0.797	35.913
0.851	46.877
0.851	46.877
0.795	31.713
0.819	36.56
0.899	68.292
0.761	31.014
0.676	27.414
0.824	37.92
0.89	62.738
0.859	50.819
0.84	42.329
0.856	48.123
0.864	51.741
0.845	46.231
0.81	35.965
0.821	36.955
0.838	41.776
0.85	46.862
0.846	46.348
0.882	62.153
0.837	41.351
0.815	36.01
0.792	31.503
0.818	36.555
0.79	31.178
0.855	47.527
0.794	31.708
0.82	36.705
0.797	35.913
0.851	46.877
