-0.637 26.516 
-0.835 47.975 
-0.637 26.516 
-0.835 47.975 
-0.817 43.298 
-0.825 46.995 
-0.671 26.845 
-0.677 27.372 
-0.689 30.16 
-0.64 26.78 
-0.753 35.39 
-0.75 31.897 
-0.793 41.165 
-0.788 37.753 
-0.723 30.759 
-0.704 30.359 
-0.727 31.179 
-0.745 31.245 
-0.833 47.2 
-0.702 30.175 
-0.689 30.16 
-0.807 42.195 
-0.675 27.351 
-0.785 37.198 
-0.767 36.138 
-0.793 41.165 
-0.795 41.719 
-0.754 35.544 
-0.788 37.753 
-0.826 47.121 
-0.802 41.75 
-0.761 35.57 
-0.81 42.603 
-0.779 37.114 
-0.816 43.12 
-0.776 36.554 
-0.772 36.514 
-0.764 35.721 
-0.816 43.12 
-0.81 42.603 
-0.704 30.359 
-0.777 36.721 
-0.724 30.944 
-0.803 41.871 
-0.723 30.759 
-0.75 31.897 
-0.794 41.556 
-0.747 31.519 
-0.753 35.39 
-0.762 35.686 
-0.787 37.402 
-0.803 41.871 
-0.809 42.405 
-0.749 31.714 
-0.725 31.122 
-0.64 26.78 
-0.746 31.25 
-0.769 36.178 
-0.764 35.721 
-0.809 42.405 
-0.778 36.924 
-0.749 31.714 
-0.747 31.519 
-0.778 36.924 
-0.786 37.374 
-0.727 31.179 
-0.794 41.556 
-0.771 36.356 
-0.77 36.328 
-0.702 30.175 
-0.779 37.114 
-0.826 47.121 
-0.745 31.245 
-0.725 31.122 
-0.769 36.178 
-0.802 41.75 
-0.795 41.719 
-0.787 37.402 
-0.771 36.356 
-0.786 37.374 
-0.77 36.328 
-0.761 35.57 
-0.754 35.544 
-0.746 31.25 
-0.835 47.975 
-0.637 26.516 
-0.689 30.16 
-0.816 43.12 
-0.826 47.121 
-0.793 41.165 
-0.788 37.753 
-0.723 30.759 
-0.704 30.359 
-0.764 35.721 
-0.769 36.178 
-0.75 31.897 
-0.64 26.78 
-0.753 35.39 
-0.803 41.871 
-0.809 42.405 
