-0.835 47.975 
-0.637 26.515 
-0.835 47.975 
-0.637 26.515 
-0.702 30.122 
-0.793 37.53 
-0.825 46.995 
-0.704 30.359 
-0.74 30.709 
-0.794 41.341 
-0.753 32.022 
-0.671 26.845 
-0.64 26.78 
-0.819 43.495 
-0.758 35.135 
-0.681 27.652 
-0.681 27.652 
-0.817 42.93 
-0.774 36.044 
-0.795 41.719 
-0.833 47.2 
-0.761 35.556 
-0.758 35.135 
-0.832 47.075 
-0.802 41.75 
-0.787 37.314 
-0.785 37.114 
-0.779 37.096 
-0.819 43.495 
-0.767 36.023 
-0.834 47.849 
-0.825 46.995 
-0.675 27.351 
-0.811 42.436 
-0.811 42.436 
-0.809 42.403 
-0.807 42.195 
-0.776 36.548 
-0.74 30.709 
-0.704 30.359 
-0.678 27.611 
-0.742 30.907 
-0.803 41.871 
-0.807 42.195 
-0.742 30.907 
-0.818 43.328 
-0.671 26.845 
-0.763 35.581 
-0.794 41.341 
-0.765 35.966 
-0.677 27.372 
-0.675 27.351 
-0.748 31.441 
-0.745 31.245 
-0.787 37.314 
-0.803 41.871 
-0.748 31.441 
-0.64 26.78 
-0.776 36.548 
-0.75 31.672 
-0.764 35.721 
-0.75 31.672 
-0.745 31.245 
-0.746 31.247 
-0.778 36.909 
-0.777 36.721 
-0.778 36.909 
-0.777 36.721 
-0.751 31.84 
-0.818 43.328 
-0.752 31.867 
-0.764 35.721 
-0.767 36.023 
-0.785 37.114 
-0.834 47.849 
-0.746 31.247 
-0.832 47.075 
-0.765 35.966 
-0.678 27.611 
-0.802 41.75 
-0.795 41.719 
-0.752 31.867 
-0.751 31.84 
-0.677 27.372 
-0.779 37.096 
-0.637 26.515 
-0.835 47.975 
-0.681 27.652 
-0.819 43.495 
-0.825 46.995 
-0.811 42.436 
-0.752 31.867 
-0.787 37.314 
-0.704 30.359 
-0.807 42.195 
-0.671 26.845 
-0.675 27.351 
-0.803 41.871 
-0.748 31.441 
-0.64 26.78 
