-0.741 36.142 
-0.758 37.082 
-0.785 37.203 
-0.741 36.142 
-0.785 37.203 
-0.785 37.203 
-0.741 36.142 
-0.803 41.872 
-0.741 36.142 
-0.785 37.203 
-0.741 36.142 
-0.73 34.586 
-0.758 37.082 
-0.785 37.203 
-0.741 36.142 
-0.785 37.203 
-0.739 35.876 
-0.803 41.872 
-0.738 35.683 
-0.788 41.328 
-0.764 37.092 
-0.741 36.142 
-0.726 31.185 
-0.806 46.932 
-0.813 47.152 
-0.741 36.142 
-0.741 36.142 
-0.788 41.328 
-0.73 34.586 
-0.788 41.328 
-0.794 41.579 
-0.764 37.092 
-0.785 37.203 
-0.803 41.872 
-0.83 52.76 
-0.785 37.203 
-0.712 31.041 
-0.803 41.872 
-0.803 41.872 
-0.787 37.403 
-0.785 37.203 
-0.738 35.683 
-0.743 36.697 
-0.788 41.328 
-0.802 41.751 
-0.665 30.633 
