P=? [ F (x=9&y=9&crashed=0) ]	R{"cost"}=? [ C<=100 ]
0.612	20.121
0.919	82.205
0.919	82.205
0.612	20.121
0.918	81.863
0.917	57.978
0.666	21.368
0.758	24.919
0.702	24.188
0.613	20.163
0.808	26.833
0.761	25.405
0.666	21.368
0.797	25.687
0.916	57.779
0.698	23.666
0.906	52.353
0.908	52.742
0.832	30.288
0.9	47.815
0.887	46.99
0.883	43.017
0.84	31.717
0.849	35.269
0.832	30.288
0.868	40.582
0.865	37.695
0.698	23.666
0.84	31.717
0.908	52.742
0.849	35.269
0.838	31.106
0.896	47.149
0.888	47.083
0.9	47.815
0.613	20.163
0.758	24.919
0.861	36.606
0.801	26.055
0.856	36.287
0.797	25.687
0.881	42.149
0.883	43.017
0.836	30.687
0.702	24.188
0.898	47.243
0.804	26.45
0.887	46.99
0.878	41.749
0.874	41.544
0.761	25.405
0.865	37.695
0.873	41.453
0.701	23.966
0.882	42.765
0.907	52.447
0.801	26.055
0.872	41.103
0.864	37.447
0.863	36.915
0.836	30.687
0.833	30.382
0.868	40.582
0.87	40.921
0.804	26.45
0.85	35.349
0.899	47.466
0.918	81.863
0.855	36.197
0.854	35.857
0.861	36.606
0.856	36.287
0.833	30.382
0.803	26.351
0.701	23.966
0.803	26.351
0.896	47.149
0.88	42.094
0.879	41.841
0.882	42.765
0.869	40.673
0.864	37.447
0.852	35.678
0.851	35.438
0.899	47.466
0.863	36.915
0.862	36.704
0.878	41.749
0.874	41.544
0.917	57.978
0.872	41.103
0.87	40.921
0.862	36.704
0.879	41.841
0.869	40.673
0.854	35.857
0.855	36.197
0.853	35.767
0.851	35.438
0.853	35.767
