-0.714 28.557 
-0.865 60.933 
-0.714 28.557 
-0.864 60.811 
-0.847 54.819 
-0.856 56.041 
-0.839 50.128 
-0.807 41.208 
-0.76 30.116 
-0.762 33.486 
-0.797 38.784 
-0.79 35.485 
-0.829 48.509 
-0.823 45.452 
-0.742 29.314 
-0.856 56.041 
-0.726 28.576 
-0.754 29.315 
-0.823 45.452 
-0.813 43.373 
-0.832 49.801 
-0.775 33.996 
-0.772 33.578 
-0.839 50.128 
-0.735 28.829 
-0.821 43.825 
-0.726 28.576 
-0.763 33.504 
-0.78 34.646 
-0.798 38.974 
-0.79 35.485 
-0.848 54.897 
-0.786 34.701 
-0.797 38.784 
-0.814 43.556 
-0.829 48.509 
-0.813 43.373 
-0.804 39.155 
-0.822 44.304 
-0.848 54.897 
-0.806 40.065 
-0.831 49.633 
-0.78 34.646 
-0.739 28.923 
-0.735 28.829 
-0.806 40.065 
-0.805 39.256 
-0.83 48.887 
-0.759 29.896 
-0.787 34.923 
-0.822 44.304 
-0.83 48.887 
-0.789 35.12 
-0.741 29.19 
-0.757 29.587 
-0.739 28.923 
-0.821 43.825 
-0.814 43.556 
-0.741 29.19 
-0.757 29.587 
-0.755 29.328 
-0.762 33.486 
-0.755 29.328 
-0.774 33.804 
-0.758 29.71 
-0.804 39.155 
-0.788 35.074 
-0.758 29.71 
-0.773 33.696 
-0.774 33.804 
-0.773 33.696 
-0.805 39.256 
-0.772 33.578 
-0.763 33.504 
-0.789 35.12 
-0.788 35.074 
-0.754 29.315 
-0.714 28.557 
-0.856 56.041 
-0.823 45.452 
-0.839 50.128 
-0.726 28.576 
-0.79 35.485 
-0.797 38.784 
-0.829 48.509 
-0.813 43.373 
-0.78 34.646 
-0.806 40.065 
-0.822 44.304 
-0.83 48.887 
-0.739 28.923 
-0.821 43.825 
-0.814 43.556 
-0.741 29.19 
-0.757 29.587 
-0.762 33.486 
-0.755 29.328 
-0.758 29.71 
-0.774 33.804 
-0.805 39.256 
