-0.802 40.076 
-0.79 39.135 
-0.831 49.847 
-0.752 33.549 
-0.815 45.191 
-0.79 39.135 
-0.79 39.135 
-0.803 40.125 
-0.716 28.916 
-0.804 40.191 
-0.752 33.549 
-0.839 51.656 
-0.77 33.634 
-0.79 39.135 
-0.78 34.696 
-0.79 39.135 
-0.832 49.857 
-0.816 45.243 
-0.798 39.265 
-0.788 35.963 
-0.848 56.184 
-0.812 44.002 
-0.752 33.549 
-0.79 39.135 
-0.832 49.857 
-0.79 39.135 
-0.832 49.857 
-0.816 45.243 
-0.738 29.254 
-0.822 45.351 
-0.823 45.459 
-0.79 39.135 
-0.782 34.977 
-0.831 49.847 
-0.802 40.076 
-0.79 39.135 
-0.79 39.135 
-0.79 39.135 
-0.692 28.763 
