-0.804 40.191 
-0.78 34.696 
-0.738 29.254 
-0.832 49.854 
-0.803 39.687 
-0.774 33.808 
-0.78 34.696 
-0.772 33.583 
-0.823 45.456 
-0.822 44.304 
-0.772 33.583 
-0.738 29.254 
-0.832 49.854 
-0.822 44.304 
-0.798 38.983 
-0.822 44.304 
-0.782 34.927 
-0.759 29.899 
-0.839 50.241 
-0.798 38.983 
-0.738 29.254 
-0.822 44.304 
-0.735 28.839 
-0.715 28.596 
-0.823 45.456 
-0.756 29.597 
-0.772 33.583 
-0.821 43.933 
-0.865 60.935 
-0.772 33.583 
-0.78 34.696 
-0.755 29.328 
-0.78 34.696 
-0.839 50.241 
-0.813 43.429 
-0.763 33.532 
-0.757 29.654 
-0.848 55.038 
-0.737 29.104 
-0.856 56.041 
-0.758 29.878 
-0.714 28.557 
-0.813 43.429 
-0.763 33.532 
-0.774 33.808 
-0.715 28.596 
-0.831 49.671 
-0.774 33.808 
-0.726 28.603 
-0.822 44.304 
-0.814 43.559 
-0.79 35.586 
-0.814 43.559 
-0.807 41.33 
-0.782 34.927 
