-0.79 46.617 
-0.696 30.968 
-0.789 46.535 
-0.744 39.487 
-0.698 35.089 
-0.759 40.257 
-0.831 57.572 
-0.822 52.287 
-0.791 47.199 
-0.79 46.617 
-0.698 35.089 
-0.671 30.9 
-0.79 46.617 
-0.774 44.365 
-0.789 46.535 
-0.699 35.162 
-0.822 52.287 
-0.785 46.247 
-0.846 63.454 
-0.79 46.617 
-0.772 42.013 
-0.792 47.25 
-0.805 50.892 
-0.805 50.892 
-0.732 35.652 
-0.671 30.9 
-0.737 38.454 
-0.823 52.372 
-0.789 46.535 
-0.814 51.817 
-0.807 51.535 
-0.759 40.257 
-0.774 44.365 
-0.783 44.944 
-0.798 50.431 
-0.79 46.617 
-0.752 40.101 
-0.671 30.9 
-0.789 46.535 
-0.768 40.789 
