-0.653 26.548 
-0.891 59.184 
-0.891 59.184 
-0.881 53.152 
-0.715 28.684 
-0.89 58.847 
-0.873 47.705 
-0.719 30.923 
-0.806 37.329 
-0.683 27.64 
-0.871 47.13 
-0.849 43.124 
-0.786 33.733 
-0.681 27.54 
-0.742 30.97 
-0.837 42.339 
-0.825 38.668 
-0.871 47.13 
-0.744 31.314 
-0.849 43.124 
-0.762 32.744 
-0.78 32.763 
-0.786 33.733 
-0.806 37.329 
-0.759 32.139 
-0.818 37.348 
-0.837 42.339 
-0.825 38.668 
-0.873 47.705 
-0.847 42.661 
-0.838 42.632 
-0.759 32.139 
-0.683 27.64 
-0.681 27.54 
-0.783 33.126 
-0.82 37.987 
-0.784 33.682 
-0.719 30.923 
-0.82 37.987 
-0.783 33.126 
-0.848 42.818 
-0.822 38.283 
-0.78 32.763 
-0.762 32.744 
-0.682 27.55 
-0.822 38.283 
-0.824 38.579 
-0.823 38.368 
-0.848 42.818 
-0.818 37.348 
-0.824 38.579 
-0.823 38.368 
-0.784 33.682 
-0.838 42.632 
-0.891 59.184 
-0.871 47.13 
-0.849 43.124 
-0.786 33.733 
-0.806 37.329 
-0.837 42.339 
-0.825 38.668 
-0.683 27.64 
-0.681 27.54 
-0.719 30.923 
-0.873 47.705 
-0.82 37.987 
-0.783 33.126 
-0.78 32.763 
-0.762 32.744 
-0.822 38.283 
-0.818 37.348 
-0.824 38.579 
-0.838 42.632 
-0.823 38.368 
-0.848 42.818 
-0.784 33.682 
-0.891 59.184 
-0.871 47.13 
-0.849 43.124 
-0.806 37.329 
-0.837 42.339 
-0.825 38.668 
-0.683 27.64 
-0.681 27.54 
-0.719 30.923 
-0.82 37.987 
-0.783 33.126 
-0.78 32.763 
-0.822 38.283 
-0.818 37.348 
-0.824 38.579 
-0.838 42.632 
-0.823 38.368 
-0.784 33.682 
-0.849 43.124 
-0.806 37.329 
-0.837 42.339 
-0.825 38.668 
-0.683 27.64 
-0.681 27.54 
