-0.681 24.628 
-0.681 24.628 
-0.863 61.165 
-0.828 44.957 
-0.855 55.247 
-0.683 24.775 
-0.712 28.328 
-0.836 49.325 
-0.745 31.681 
-0.853 54.744 
-0.847 50.629 
-0.761 34.936 
-0.741 31.033 
-0.712 28.328 
-0.683 24.775 
-0.815 41.37 
-0.794 39.196 
-0.783 35.792 
-0.778 34.974 
-0.831 46.184 
-0.815 41.37 
-0.812 40.531 
-0.756 33.69 
-0.783 35.792 
-0.794 39.196 
-0.73 29.608 
-0.756 33.69 
-0.803 40.443 
-0.855 55.247 
-0.845 50.135 
-0.719 28.372 
-0.73 29.608 
-0.831 46.184 
-0.838 49.82 
-0.853 54.744 
-0.847 50.629 
-0.722 28.916 
-0.799 40.222 
-0.727 29.294 
-0.714 28.371 
-0.76 34.146 
-0.798 39.892 
-0.744 31.507 
-0.83 45.572 
-0.743 31.195 
-0.829 45.444 
-0.721 28.647 
-0.796 39.664 
-0.795 39.251 
-0.727 29.294 
-0.722 28.916 
-0.846 50.499 
-0.837 49.685 
-0.813 40.888 
-0.801 40.372 
-0.814 41.226 
-0.813 40.888 
-0.76 34.146 
-0.759 33.812 
-0.781 35.462 
-0.78 35.129 
-0.758 33.693 
-0.845 50.135 
-0.838 49.82 
-0.854 55.057 
-0.803 40.443 
-0.721 28.647 
-0.801 40.372 
-0.729 29.556 
-0.728 29.345 
-0.714 28.371 
-0.854 55.057 
-0.797 39.706 
-0.782 35.627 
-0.782 35.627 
-0.781 35.462 
-0.743 31.195 
-0.779 35.121 
-0.814 41.226 
-0.837 49.685 
-0.846 50.499 
-0.83 45.572 
-0.829 45.444 
-0.759 33.812 
-0.795 39.251 
-0.729 29.556 
-0.728 29.345 
-0.797 39.706 
-0.796 39.664 
-0.778 34.974 
-0.761 34.936 
-0.78 35.129 
-0.779 35.121 
-0.758 33.693 
-0.681 24.628 
-0.712 28.328 
-0.815 41.37 
-0.783 35.792 
-0.794 39.196 
-0.756 33.69 
