-0.637 32.294 
-0.637 32.294 
-0.828 74.537 
-0.82 73.681 
-0.817 58.469 
-0.782 49.507 
-0.759 43.803 
-0.798 57.851 
-0.664 33.243 
-0.643 32.556 
-0.763 47.503 
-0.797 53.958 
-0.741 42.914 
-0.712 37.805 
-0.793 52.406 
-0.664 33.243 
-0.738 39.906 
-0.708 35.294 
-0.793 52.406 
-0.691 34.147 
-0.677 33.264 
-0.803 58.045 
-0.679 33.495 
-0.815 58.325 
-0.749 43.536 
-0.725 38.689 
-0.703 34.5 
-0.78 48.468 
-0.766 48.064 
-0.695 34.434 
-0.774 48.211 
-0.729 39.044 
-0.717 38.111 
-0.737 39.87 
-0.796 52.993 
-0.643 32.556 
-0.691 34.147 
-0.822 74.077 
-0.746 43.029 
-0.774 48.211 
-0.803 58.045 
-0.827 74.293 
-0.763 47.503 
-0.705 35.139 
-0.729 39.044 
-0.797 53.958 
-0.747 43.069 
-0.759 43.803 
-0.639 32.553 
-0.82 73.681 
-0.737 39.87 
-0.708 35.294 
-0.695 34.434 
-0.727 38.875 
-0.713 37.917 
-0.679 33.495 
-0.796 52.993 
-0.817 58.469 
-0.717 38.111 
-0.741 42.914 
-0.815 58.325 
-0.749 43.536 
-0.738 39.906 
-0.78 48.468 
-0.822 74.077 
-0.765 47.94 
-0.726 38.769 
-0.705 35.139 
-0.765 47.94 
-0.716 38.068 
-0.703 34.5 
-0.715 38.044 
-0.638 32.32 
-0.827 74.293 
-0.678 33.325 
-0.715 38.044 
-0.678 33.325 
-0.638 32.32 
-0.677 33.264 
-0.639 32.553 
-0.827 74.293 
-0.664 33.243 
-0.793 52.406 
-0.803 58.045 
-0.729 39.044 
-0.797 53.958 
-0.759 43.803 
-0.82 73.681 
-0.737 39.87 
-0.695 34.434 
-0.679 33.495 
-0.796 52.993 
-0.741 42.914 
-0.817 58.469 
-0.822 74.077 
-0.705 35.139 
-0.715 38.044 
-0.678 33.325 
-0.638 32.32 
-0.677 33.264 
