-0.822 74.18 
-0.61 33.432 
-0.61 33.432 
-0.822 74.18 
-0.817 58.525 
-0.663 33.943 
-0.715 38.044 
-0.784 52.668 
-0.798 57.9 
-0.758 44.473 
-0.736 40.519 
-0.773 49.9 
-0.695 34.434 
-0.67 34.257 
-0.795 53.368 
-0.748 44.252 
-0.741 43.144 
-0.696 34.607 
-0.762 48.033 
-0.696 34.607 
-0.728 39.77 
-0.803 58.413 
-0.793 53.015 
-0.741 43.144 
-0.716 38.217 
-0.772 49.543 
-0.765 48.643 
-0.721 39.186 
-0.67 34.257 
-0.664 34.109 
-0.725 39.241 
-0.719 39.05 
-0.772 49.543 
-0.765 48.643 
-0.817 58.525 
-0.803 58.413 
-0.795 53.368 
-0.762 48.033 
-0.793 53.015 
-0.719 39.05 
-0.663 33.943 
-0.725 39.241 
-0.764 48.356 
-0.764 48.356 
-0.763 48.1 
-0.695 34.434 
-0.664 34.109 
-0.763 48.1 
-0.822 74.18 
-0.696 34.607 
-0.795 53.368 
-0.762 48.033 
-0.67 34.257 
-0.772 49.543 
-0.765 48.643 
-0.817 58.525 
-0.719 39.05 
-0.663 33.943 
-0.764 48.356 
-0.695 34.434 
-0.67 34.257 
-0.695 34.434 
-0.67 34.257 
-0.822 74.18 
-0.822 74.18 
-0.67 34.257 
-0.67 34.257 
-0.663 33.943 
-0.822 74.18 
-0.67 34.257 
-0.762 48.033 
-0.765 48.643 
-0.67 34.257 
-0.719 39.05 
-0.765 48.643 
-0.762 48.033 
-0.822 74.18 
-0.817 58.525 
-0.695 34.434 
-0.67 34.257 
-0.695 34.434 
-0.822 74.18 
-0.695 34.434 
-0.822 74.18 
-0.67 34.257 
-0.765 48.643 
-0.765 48.643 
-0.822 74.18 
-0.822 74.18 
-0.764 48.356 
-0.822 74.18 
-0.817 58.525 
-0.695 34.434 
-0.696 34.607 
-0.817 58.525 
-0.663 33.943 
-0.817 58.525 
-0.817 58.525 
-0.67 34.257 
-0.822 74.18 
