-0.909 63.5 
-0.72 25.923 
-0.909 63.5 
-0.905 52.569 
-0.908 63.403 
-0.75 26.329 
-0.904 52.228 
-0.879 46.343 
-0.894 47.049 
-0.747 25.979 
-0.777 29.88 
-0.789 31.941 
-0.866 41.915 
-0.855 41.198 
-0.808 34.514 
-0.777 29.88 
-0.789 31.941 
-0.833 40.159 
-0.841 40.758 
-0.808 34.514 
-0.824 36.25 
-0.832 37.576 
-0.866 41.915 
-0.83 37.042 
-0.783 30.475 
-0.888 46.557 
-0.894 47.049 
-0.819 35.817 
-0.783 30.475 
-0.889 46.852 
-0.88 46.385 
-0.838 40.184 
-0.814 35.163 
-0.864 41.415 
-0.811 34.737 
-0.859 41.269 
-0.814 35.163 
-0.841 40.758 
-0.779 29.914 
-0.859 41.269 
-0.865 41.591 
-0.82 35.909 
-0.779 29.914 
-0.831 37.567 
-0.747 25.979 
-0.838 40.184 
-0.82 35.909 
-0.812 34.825 
-0.812 34.825 
-0.88 46.385 
-0.864 41.415 
-0.833 40.159 
-0.831 37.567 
-0.88 46.385 
-0.833 40.159 
-0.833 40.159 
-0.88 46.385 
-0.88 46.385 
-0.88 46.385 
-0.833 40.159 
-0.833 40.159 
-0.779 29.914 
-0.833 40.159 
-0.808 34.514 
-0.866 41.915 
-0.814 35.163 
-0.88 46.385 
-0.88 46.385 
-0.894 47.049 
-0.812 34.825 
-0.833 40.159 
-0.88 46.385 
-0.909 63.5 
-0.814 35.163 
-0.833 40.159 
-0.779 29.914 
-0.88 46.385 
-0.777 29.88 
-0.783 30.475 
-0.88 46.385 
-0.88 46.385 
-0.909 63.5 
-0.808 34.514 
-0.88 46.385 
-0.814 35.163 
-0.783 30.475 
-0.779 29.914 
-0.814 35.163 
-0.88 46.385 
-0.833 40.159 
-0.909 63.5 
-0.814 35.163 
-0.808 34.514 
-0.783 30.475 
-0.814 35.163 
-0.909 63.5 
-0.833 40.159 
-0.779 29.914 
-0.841 40.758 
-0.833 40.159 
