-0.916 63.453 
-0.719 25.774 
-0.719 25.774 
-0.916 63.453 
-0.915 58.37 
-0.751 26.105 
-0.852 40.387 
-0.913 52.925 
-0.894 47.049 
-0.778 29.605 
-0.72 25.923 
-0.903 52.134 
-0.84 36.284 
-0.747 25.979 
-0.875 41.531 
-0.886 46.223 
-0.787 31.578 
-0.801 31.777 
-0.778 29.605 
-0.809 34.197 
-0.804 32.23 
-0.834 36.24 
-0.84 36.284 
-0.886 46.223 
-0.875 41.531 
-0.869 41.099 
-0.894 47.049 
-0.903 52.134 
-0.861 40.987 
-0.912 52.58 
-0.905 52.569 
-0.873 41.527 
-0.814 34.952 
-0.861 40.987 
-0.821 35.811 
-0.804 32.23 
-0.854 40.756 
-0.784 30.494 
-0.889 46.852 
-0.828 36.077 
-0.821 35.811 
-0.814 34.952 
-0.749 26.035 
-0.782 30.158 
-0.779 29.914 
-0.869 41.099 
-0.822 35.895 
-0.813 34.767 
-0.826 36.043 
-0.887 46.236 
-0.812 34.526 
-0.784 30.494 
-0.828 36.077 
-0.853 40.736 
-0.904 52.228 
-0.826 36.043 
-0.888 46.556 
-0.783 30.475 
-0.888 46.556 
-0.811 34.442 
-0.747 25.979 
-0.811 34.442 
-0.782 30.158 
-0.779 29.914 
-0.854 40.756 
-0.889 46.852 
-0.822 35.895 
-0.904 52.228 
-0.72 25.923 
-0.853 40.736 
-0.783 30.475 
-0.912 52.58 
-0.905 52.569 
-0.916 63.453 
-0.778 29.605 
-0.84 36.284 
-0.886 46.223 
-0.875 41.531 
-0.894 47.049 
-0.903 52.134 
-0.861 40.987 
-0.821 35.811 
-0.912 52.58 
-0.828 36.077 
-0.888 46.556 
-0.811 34.442 
-0.779 29.914 
-0.854 40.756 
-0.889 46.852 
-0.822 35.895 
-0.904 52.228 
-0.747 25.979 
-0.72 25.923 
-0.853 40.736 
-0.783 30.475 
-0.905 52.569 
-0.916 63.453 
-0.72 25.923 
-0.778 29.605 
-0.811 34.442 
