-0.746 25.685 
-0.916 58.466 
-0.746 25.685 
-0.916 58.466 
-0.878 46.082 
-0.915 58.37 
-0.913 52.83 
-0.875 41.527 
-0.778 29.605 
-0.903 52.133 
-0.895 47.306 
-0.753 26.41 
-0.843 36.69 
-0.852 40.387 
-0.787 31.578 
-0.778 29.605 
-0.753 26.41 
-0.809 32.244 
-0.801 31.777 
-0.82 35.523 
-0.811 34.442 
-0.852 40.387 
-0.912 52.485 
-0.843 36.69 
-0.895 47.306 
-0.815 35.273 
-0.904 52.228 
-0.903 52.133 
-0.858 40.901 
-0.886 46.223 
-0.862 41.084 
-0.869 41.086 
-0.832 35.832 
-0.784 30.494 
-0.804 32.23 
-0.888 46.556 
-0.827 35.819 
-0.825 35.785 
-0.841 36.544 
-0.782 30.134 
-0.861 40.985 
-0.873 41.261 
-0.87 41.184 
-0.748 25.726 
-0.838 36.25 
-0.892 46.714 
-0.784 30.494 
-0.813 34.766 
-0.854 40.756 
-0.787 31.578 
-0.913 52.83 
-0.893 46.806 
-0.878 46.082 
-0.78 29.818 
-0.749 26.035 
-0.751 26.054 
-0.836 36.131 
-0.874 41.36 
-0.834 35.865 
-0.825 35.785 
-0.84 36.284 
-0.78 29.818 
-0.801 31.777 
-0.853 40.735 
-0.803 32.089 
-0.814 34.952 
-0.887 46.236 
-0.803 32.089 
-0.836 36.131 
-0.752 26.362 
-0.915 58.37 
-0.811 34.442 
-0.783 30.218 
-0.912 52.485 
-0.894 47.049 
-0.904 52.228 
-0.894 47.049 
-0.812 34.526 
-0.834 35.865 
-0.809 32.244 
-0.827 35.819 
-0.814 34.952 
-0.892 46.714 
-0.888 46.556 
-0.854 40.756 
-0.886 46.223 
-0.783 30.218 
-0.812 34.526 
-0.752 26.362 
-0.84 36.284 
-0.853 40.735 
-0.751 26.054 
-0.749 26.035 
-0.804 32.23 
-0.887 46.236 
-0.869 41.086 
-0.862 41.084 
-0.746 25.685 
-0.778 29.605 
-0.852 40.387 
