-0.9 62.846 
-0.783 30.67 
-0.693 26.028 
-0.888 52.206 
-0.831 37.67 
-0.818 36.702 
-0.899 62.813 
-0.699 26.46 
-0.871 47.416 
-0.88 51.979 
-0.693 26.028 
-0.693 26.028 
-0.891 57.857 
-0.888 52.206 
-0.809 36.144 
-0.783 30.67 
-0.888 52.206 
-0.831 37.67 
-0.831 37.67 
-0.809 36.144 
-0.733 29.677 
-0.899 62.813 
-0.866 46.713 
-0.851 42.126 
-0.832 40.789 
-0.871 47.416 
-0.719 29.609 
-0.823 37.116 
-0.832 40.789 
-0.844 41.389 
-0.719 29.609 
-0.866 46.713 
-0.88 51.979 
-0.865 42.178 
-0.899 62.813 
-0.831 37.67 
-0.733 29.677 
-0.832 40.789 
-0.846 41.622 
-0.831 37.67 
-0.693 26.028 
-0.899 62.813 
-0.777 29.887 
-0.889 52.648 
-0.899 62.813 
