-0.87 69.009 
-0.658 31.383 
-0.87 69.009 
-0.658 31.383 
-0.853 62.537 
-0.837 52.557 
-0.741 32.06 
-0.829 49.593 
-0.78 34.286 
-0.841 57.134 
-0.713 31.896 
-0.676 31.81 
-0.844 58.67 
-0.7 31.835 
-0.804 38.453 
-0.77 32.772 
-0.75 32.59 
-0.806 42.09 
-0.837 52.557 
-0.675 31.462 
-0.818 42.464 
-0.844 58.67 
-0.792 37.053 
-0.826 46.997 
-0.82 44.329 
-0.826 46.997 
-0.713 31.896 
-0.7 31.835 
-0.841 57.134 
-0.794 37.059 
-0.792 37.053 
-0.81 42.459 
-0.819 44.229 
-0.827 48.643 
-0.75 32.59 
-0.741 32.06 
-0.828 48.829 
-0.773 33.362 
-0.8 37.854 
-0.82 44.329 
-0.8 37.854 
-0.777 33.721 
-0.773 33.362 
-0.802 38.06 
-0.779 34.208 
-0.77 32.772 
-0.808 42.278 
-0.806 42.09 
-0.777 33.721 
-0.808 42.278 
-0.803 38.354 
-0.778 33.921 
-0.778 33.921 
-0.827 48.643 
-0.801 37.977 
-0.819 44.229 
-0.803 38.354 
-0.801 37.977 
-0.675 31.462 
-0.818 42.464 
-0.87 69.009 
-0.837 52.557 
-0.675 31.462 
-0.792 37.053 
-0.826 46.997 
-0.778 33.921 
-0.7 31.835 
-0.841 57.134 
-0.75 32.59 
-0.844 58.67 
-0.8 37.854 
-0.773 33.362 
-0.77 32.772 
-0.808 42.278 
-0.827 48.643 
-0.819 44.229 
-0.803 38.354 
-0.801 37.977 
-0.818 42.464 
-0.87 69.009 
-0.675 31.462 
-0.792 37.053 
-0.826 46.997 
-0.778 33.921 
-0.75 32.59 
-0.844 58.67 
-0.8 37.854 
-0.803 38.354 
-0.77 32.772 
-0.7 31.835 
-0.819 44.229 
-0.801 37.977 
-0.818 42.464 
-0.844 58.67 
-0.675 31.462 
-0.792 37.053 
-0.826 46.997 
-0.778 33.921 
-0.75 32.59 
-0.8 37.854 
