-0.645 23.764 
-0.78 53.238 
-0.671 27.182 
-0.758 44.483 
-0.774 49.416 
-0.646 23.947 
-0.72 34.149 
-0.727 36.978 
-0.704 32.323 
-0.764 48.497 
-0.751 42.94 
-0.699 29.018 
-0.646 23.947 
-0.751 42.94 
-0.741 40.027 
-0.743 40.408 
-0.772 49.026 
-0.683 28.4 
-0.735 38.298 
-0.743 40.408 
-0.69 28.63 
-0.673 27.363 
-0.706 32.802 
-0.766 48.679 
-0.736 38.378 
-0.698 28.966 
-0.689 28.418 
-0.68 27.953 
-0.719 33.86 
-0.729 37.526 
-0.678 27.594 
-0.715 33.607 
-0.712 32.927 
-0.764 48.497 
-0.736 38.378 
-0.699 29.018 
-0.729 37.526 
-0.728 37.249 
-0.714 33.409 
-0.713 33.066 
-0.742 40.175 
-0.679 27.609 
-0.698 28.966 
-0.69 28.63 
-0.705 32.52 
-0.705 32.52 
-0.712 32.927 
-0.765 48.621 
-0.765 48.621 
-0.765 48.621 
-0.765 48.621 
-0.765 48.621 
-0.705 32.52 
-0.729 37.526 
-0.705 32.52 
-0.765 48.621 
-0.765 48.621 
-0.705 32.52 
-0.765 48.621 
-0.765 48.621 
-0.729 37.526 
-0.765 48.621 
-0.765 48.621 
-0.729 37.526 
-0.705 32.52 
-0.736 38.378 
-0.765 48.621 
-0.729 37.526 
-0.705 32.52 
-0.765 48.621 
-0.765 48.621 
-0.765 48.621 
-0.765 48.621 
-0.705 32.52 
-0.765 48.621 
-0.765 48.621 
-0.765 48.621 
-0.765 48.621 
-0.729 37.526 
-0.705 32.52 
-0.764 48.497 
-0.765 48.621 
-0.705 32.52 
-0.699 29.018 
-0.646 23.947 
-0.764 48.497 
-0.765 48.621 
-0.765 48.621 
-0.765 48.621 
-0.705 32.52 
-0.765 48.621 
-0.765 48.621 
-0.699 29.018 
-0.765 48.621 
-0.729 37.526 
-0.765 48.621 
-0.765 48.621 
-0.765 48.621 
-0.705 32.52 
-0.712 32.927 
