-0.645 23.764 
-0.78 53.238 
-0.78 53.238 
-0.645 23.764 
-0.671 27.182 
-0.774 49.415 
-0.758 44.483 
-0.743 40.282 
-0.653 24.665 
-0.721 34.3 
-0.764 48.497 
-0.653 24.665 
-0.726 36.921 
-0.751 42.94 
-0.704 32.323 
-0.699 29.015 
-0.751 42.94 
-0.757 44.404 
-0.74 39.973 
-0.646 23.944 
-0.683 28.4 
-0.691 28.653 
-0.706 32.802 
-0.715 33.607 
-0.736 38.378 
-0.68 27.95 
-0.698 28.915 
-0.735 38.082 
-0.729 37.526 
-0.689 28.418 
-0.712 32.924 
-0.719 33.857 
-0.764 48.497 
-0.771 48.759 
-0.772 49.026 
-0.704 32.323 
-0.699 29.015 
-0.766 48.679 
-0.736 38.378 
-0.673 27.363 
-0.678 27.594 
-0.728 37.249 
-0.714 33.121 
-0.72 33.956 
-0.735 38.082 
-0.729 37.526 
-0.742 40.127 
-0.672 27.3 
-0.741 40.025 
-0.679 27.609 
-0.705 32.52 
-0.727 36.978 
-0.698 28.915 
-0.678 27.594 
-0.673 27.363 
-0.705 32.52 
-0.69 28.58 
-0.713 33.066 
-0.712 32.924 
-0.765 48.6 
-0.771 48.759 
-0.766 48.679 
-0.765 48.6 
-0.69 28.58 
-0.727 36.978 
-0.713 33.066 
-0.689 28.418 
-0.679 27.609 
-0.645 23.764 
-0.751 42.94 
-0.764 48.497 
-0.736 38.378 
-0.729 37.526 
-0.678 27.594 
-0.705 32.52 
-0.712 32.924 
-0.771 48.759 
-0.766 48.679 
-0.689 28.418 
-0.679 27.609 
-0.764 48.497 
-0.736 38.378 
-0.729 37.526 
-0.705 32.52 
-0.705 32.52 
-0.729 37.526 
-0.705 32.52 
-0.705 32.52 
-0.729 37.526 
-0.729 37.526 
-0.705 32.52 
-0.736 38.378 
-0.729 37.526 
-0.705 32.52 
-0.705 32.52 
-0.729 37.526 
-0.705 32.52 
-0.764 48.497 
-0.705 32.52 
-0.705 32.52 
