-0.788 53.817 
-0.645 23.715 
-0.788 53.817 
-0.78 53.157 
-0.653 24.559 
-0.774 49.318 
-0.671 27.179 
-0.653 24.559 
-0.703 32.235 
-0.699 28.981 
-0.743 40.253 
-0.68 27.95 
-0.723 36.553 
-0.694 28.388 
-0.771 48.534 
-0.764 47.16 
-0.758 44.483 
-0.671 27.179 
-0.721 34.084 
-0.756 43.979 
-0.748 42.114 
-0.78 53.157 
-0.648 23.981 
-0.705 32.456 
-0.74 39.824 
-0.736 38.378 
-0.711 32.547 
-0.758 44.483 
-0.774 49.318 
-0.765 47.345 
-0.764 47.16 
-0.748 42.114 
-0.765 47.345 
-0.751 42.875 
-0.736 38.378 
-0.751 42.875 
-0.715 33.607 
-0.729 37.526 
-0.673 27.363 
-0.714 33.032 
-0.678 27.591 
-0.733 37.693 
-0.718 33.663 
-0.74 39.824 
-0.757 44.277 
-0.735 37.983 
-0.699 28.981 
-0.647 23.933 
-0.703 32.235 
-0.694 28.388 
-0.773 49.13 
-0.72 33.897 
-0.741 39.923 
-0.68 27.95 
-0.704 32.267 
-0.721 34.084 
-0.713 32.927 
-0.772 48.904 
-0.749 42.469 
-0.728 37.175 
-0.696 28.55 
-0.679 27.604 
-0.712 32.85 
-0.678 27.591 
-0.673 27.363 
-0.698 28.915 
-0.772 48.904 
-0.697 28.689 
-0.75 42.694 
-0.749 42.469 
-0.734 37.89 
-0.728 37.175 
-0.727 36.978 
-0.726 36.915 
-0.725 36.727 
-0.75 42.694 
-0.742 40.081 
-0.733 37.693 
-0.729 37.526 
-0.696 28.55 
-0.742 40.081 
-0.697 28.689 
-0.719 33.761 
-0.672 27.294 
-0.719 33.761 
-0.734 37.89 
-0.711 32.547 
-0.724 36.641 
-0.725 36.727 
-0.724 36.641 
-0.712 32.85 
-0.672 27.294 
-0.698 28.915 
-0.727 36.978 
-0.726 36.915 
-0.715 33.607 
-0.679 27.604 
-0.653 24.559 
-0.78 53.157 
-0.748 42.114 
