-0.901 53.177 
-0.863 40.805 
-0.815 31.928 
-0.901 53.177 
-0.89 47.327 
-0.901 53.177 
-0.752 27.693 
-0.901 53.177 
-0.85 37.84 
-0.891 47.419 
-0.806 31.184 
-0.891 47.419 
-0.901 53.177 
-0.852 38.389 
-0.899 52.597 
-0.882 42.765 
-0.781 30.51 
-0.863 40.805 
-0.881 42.296 
-0.727 26.728 
-0.899 52.597 
-0.754 27.814 
-0.86 40.785 
-0.891 47.419 
-0.89 47.327 
-0.845 35.8 
-0.752 27.693 
-0.901 53.177 
-0.901 53.177 
-0.81 31.912 
-0.85 37.84 
-0.891 47.419 
-0.826 35.467 
-0.899 52.597 
-0.899 52.597 
-0.881 42.296 
-0.817 32.133 
-0.779 30.166 
-0.746 26.842 
-0.899 52.597 
-0.805 30.903 
-0.86 40.785 
-0.819 32.381 
-0.899 52.597 
-0.899 52.597 
-0.9 53.039 
-0.801 30.626 
-0.845 35.8 
-0.849 36.645 
-0.851 37.969 
-0.807 31.306 
-0.9 53.039 
-0.841 35.706 
-0.898 52.459 
-0.851 37.969 
-0.818 32.245 
-0.901 53.177 
-0.901 53.177 
-0.901 53.177 
-0.891 47.419 
-0.901 53.177 
-0.901 53.177 
-0.85 37.84 
-0.865 41.313 
-0.899 52.597 
-0.817 32.133 
-0.901 53.177 
-0.723 26.302 
-0.846 36.343 
-0.86 40.785 
-0.9 53.039 
-0.899 52.597 
-0.781 30.51 
