-0.901 53.177 
-0.718 25.834 
-0.901 53.177 
-0.899 47.562 
-0.826 35.467 
-0.775 29.81 
-0.884 43.248 
-0.9 53.039 
-0.89 47.326 
-0.86 40.614 
-0.746 26.84 
-0.801 30.623 
-0.727 26.728 
-0.754 27.814 
-0.819 32.374 
-0.866 42.051 
-0.781 30.509 
-0.852 38.388 
-0.841 35.701 
-0.754 27.814 
-0.723 26.302 
-0.88 42.208 
-0.849 36.642 
-0.748 27.296 
-0.852 38.388 
-0.779 30.165 
-0.85 37.84 
-0.891 47.419 
-0.819 32.374 
-0.845 35.8 
-0.865 41.313 
-0.81 31.653 
-0.89 47.326 
-0.863 40.805 
-0.805 30.903 
-0.883 42.705 
-0.841 35.701 
-0.814 31.729 
-0.847 36.433 
-0.752 27.693 
-0.801 30.623 
-0.727 26.728 
-0.806 31.182 
-0.752 27.693 
-0.846 36.343 
-0.811 31.718 
-0.865 41.313 
-0.815 31.925 
-0.851 37.969 
-0.807 31.302 
-0.883 42.705 
-0.881 42.296 
-0.817 32.131 
-0.807 31.302 
-0.863 40.805 
-0.78 30.477 
-0.805 30.903 
-0.881 42.296 
-0.88 42.208 
-0.891 47.419 
-0.9 53.039 
-0.818 32.245 
-0.851 37.969 
-0.85 37.84 
-0.781 30.509 
-0.816 32.039 
-0.818 32.245 
-0.845 35.8 
-0.816 32.039 
-0.846 36.343 
-0.78 30.477 
-0.901 53.177 
-0.727 26.728 
-0.752 27.693 
-0.807 31.302 
-0.883 42.705 
-0.863 40.805 
-0.881 42.296 
-0.891 47.419 
-0.88 42.208 
-0.9 53.039 
-0.851 37.969 
-0.85 37.84 
-0.818 32.245 
-0.846 36.343 
-0.845 35.8 
-0.816 32.039 
-0.901 53.177 
-0.752 27.693 
-0.883 42.705 
-0.891 47.419 
-0.881 42.296 
-0.9 53.039 
-0.851 37.969 
-0.85 37.84 
-0.818 32.245 
-0.846 36.343 
-0.845 35.8 
-0.901 53.177 
-0.891 47.419 
