-0.901 53.177 
-0.717 25.722 
-0.901 53.177 
-0.788 29.626 
-0.899 47.561 
-0.9 52.941 
-0.754 27.801 
-0.889 47.24 
-0.885 43.263 
-0.824 34.759 
-0.861 40.516 
-0.845 35.701 
-0.826 35.454 
-0.866 41.611 
-0.734 25.871 
-0.852 38.388 
-0.819 32.366 
-0.718 25.744 
-0.852 38.388 
-0.88 42.189 
-0.754 27.801 
-0.851 37.068 
-0.742 26.435 
-0.898 47.467 
-0.801 30.619 
-0.734 25.871 
-0.819 32.366 
-0.794 30.264 
-0.742 26.435 
-0.891 47.419 
-0.818 31.877 
-0.801 30.619 
-0.746 26.834 
-0.791 29.794 
-0.805 30.898 
-0.885 43.263 
-0.81 31.594 
-0.808 31.341 
-0.864 41.132 
-0.849 36.612 
-0.848 36.44 
-0.825 35.365 
-0.85 36.93 
-0.815 31.851 
-0.88 42.189 
-0.881 42.284 
-0.746 26.834 
-0.889 47.24 
-0.847 36.153 
-0.792 29.913 
-0.793 30.145 
-0.806 31.149 
-0.753 27.664 
-0.814 31.726 
-0.811 31.718 
-0.846 36.063 
-0.794 30.264 
-0.753 27.664 
-0.75 27.312 
-0.807 31.218 
-0.863 40.793 
-0.884 43.033 
-0.883 42.704 
-0.882 42.612 
-0.75 27.312 
-0.748 27.139 
-0.865 41.309 
-0.748 27.139 
-0.805 30.898 
-0.9 52.941 
-0.884 43.033 
-0.863 40.793 
-0.862 40.613 
-0.865 41.309 
-0.749 27.284 
-0.718 25.744 
-0.862 40.613 
-0.89 47.325 
-0.883 42.704 
-0.882 42.612 
-0.846 36.063 
-0.825 35.365 
-0.89 47.325 
-0.891 47.419 
-0.749 27.284 
-0.814 31.726 
-0.811 31.718 
-0.901 53.177 
-0.852 38.388 
-0.754 27.801 
-0.819 32.366 
-0.734 25.871 
-0.801 30.619 
-0.885 43.263 
-0.889 47.24 
-0.88 42.189 
-0.748 27.139 
-0.805 30.898 
-0.9 52.941 
-0.882 42.612 
