-0.727 26.822 
-0.875 43.309 
-0.813 36.187 
-0.875 43.309 
-0.873 42.459 
-0.874 42.47 
-0.875 43.309 
-0.875 43.309 
-0.727 26.822 
-0.899 52.599 
-0.762 30.539 
-0.875 43.309 
-0.849 37.948 
-0.765 30.952 
-0.752 27.695 
-0.786 31.219 
-0.898 52.461 
-0.865 41.315 
-0.811 35.708 
-0.875 43.309 
-0.828 36.634 
-0.752 27.695 
-0.827 36.195 
-0.891 47.421 
-0.875 43.309 
-0.879 46.954 
-0.873 42.459 
-0.875 43.309 
-0.81 35.566 
-0.848 36.986 
-0.901 53.177 
-0.811 35.708 
-0.874 42.47 
-0.828 36.634 
-0.876 43.441 
-0.767 31.213 
-0.839 36.676 
-0.807 31.618 
-0.84 36.815 
-0.812 35.832 
-0.875 43.309 
