-0.792 26.208 
-0.953 49.514 
-0.792 26.208 
-0.847 27.372 
-0.834 26.276 
-0.923 39.095 
-0.861 31.148 
-0.95 48.799 
-0.941 44.125 
-0.894 36.696 
-0.886 32.101 
-0.93 43.034 
-0.913 37.401 
-0.895 36.759 
-0.876 31.245 
-0.861 31.148 
-0.95 48.799 
-0.834 26.276 
-0.918 37.433 
-0.941 44.125 
-0.933 43.577 
-0.94 43.742 
-0.93 43.034 
-0.92 38.084 
-0.883 31.711 
-0.886 32.101 
-0.894 36.696 
-0.876 31.245 
-0.92 38.084 
-0.895 36.759 
-0.883 31.711 
-0.931 43.369 
-0.885 31.997 
-0.885 31.997 
-0.931 43.369 
-0.94 43.742 
-0.792 26.208 
-0.861 31.148 
-0.95 48.799 
-0.834 26.276 
-0.941 44.125 
-0.93 43.034 
-0.886 32.101 
-0.894 36.696 
-0.876 31.245 
-0.895 36.759 
-0.883 31.711 
-0.931 43.369 
-0.885 31.997 
-0.94 43.742 
-0.95 48.799 
-0.861 31.148 
-0.834 26.276 
-0.941 44.125 
-0.93 43.034 
-0.886 32.101 
-0.894 36.696 
-0.876 31.245 
-0.895 36.759 
-0.883 31.711 
-0.931 43.369 
-0.94 43.742 
-0.95 48.799 
-0.861 31.148 
-0.834 26.276 
-0.886 32.101 
-0.93 43.034 
-0.883 31.711 
-0.895 36.759 
-0.931 43.369 
-0.94 43.742 
-0.861 31.148 
-0.834 26.276 
-0.895 36.759 
-0.93 43.034 
-0.886 32.101 
-0.931 43.369 
-0.861 31.148 
-0.834 26.276 
-0.895 36.759 
-0.93 43.034 
-0.886 32.101 
-0.861 31.148 
-0.895 36.759 
-0.93 43.034 
-0.886 32.101 
-0.861 31.148 
-0.895 36.759 
-0.93 43.034 
-0.886 32.101 
-0.895 36.759 
-0.93 43.034 
-0.861 31.148 
-0.93 43.034 
-0.861 31.148 
-0.895 36.759 
-0.861 31.148 
-0.861 31.148 
-0.93 43.034 
-0.895 36.759 
