-0.851 60.611 
-0.559 25.747 
-0.851 60.611 
-0.559 25.747 
-0.846 60.055 
-0.842 50.79 
-0.719 33.055 
-0.66 32.935 
-0.585 29.276 
-0.633 31.181 
-0.825 45.364 
-0.586 29.278 
-0.826 49.708 
-0.804 44.126 
-0.802 40.52 
-0.778 35.712 
-0.779 39.003 
-0.73 33.806 
-0.773 35.099 
-0.756 34.68 
-0.748 33.973 
-0.816 45.273 
-0.65 32.451 
-0.633 31.181 
-0.586 29.278 
-0.635 31.522 
-0.65 32.451 
-0.73 33.806 
-0.719 33.055 
-0.796 39.924 
-0.798 40.242 
-0.787 39.637 
-0.834 49.928 
-0.635 31.522 
-0.846 60.055 
-0.773 35.099 
-0.756 34.68 
-0.751 34.13 
-0.656 32.757 
-0.656 32.757 
-0.751 34.13 
-0.778 35.712 
-0.842 50.79 
-0.787 39.637 
-0.811 44.753 
-0.811 44.753 
-0.784 39.517 
-0.66 32.935 
-0.796 39.924 
-0.748 33.973 
-0.802 40.52 
-0.837 50.24 
-0.837 50.24 
-0.806 44.336 
-0.782 39.194 
-0.808 44.456 
-0.634 31.498 
-0.783 39.274 
-0.806 44.336 
-0.839 50.476 
-0.834 49.928 
-0.826 49.708 
-0.84 50.572 
-0.835 50.024 
-0.84 50.572 
-0.835 50.024 
-0.839 50.476 
-0.809 44.654 
-0.782 39.194 
-0.779 39.003 
-0.808 44.456 
-0.784 39.517 
-0.81 44.741 
-0.809 44.654 
-0.783 39.274 
-0.634 31.498 
-0.81 44.741 
-0.851 60.611 
-0.633 31.181 
-0.586 29.278 
-0.65 32.451 
-0.73 33.806 
-0.635 31.522 
-0.773 35.099 
-0.756 34.68 
-0.796 39.924 
-0.802 40.52 
-0.656 32.757 
-0.778 35.712 
-0.842 50.79 
-0.787 39.637 
-0.811 44.753 
-0.66 32.935 
-0.826 49.708 
-0.748 33.973 
-0.837 50.24 
-0.806 44.336 
-0.84 50.572 
-0.835 50.024 
-0.839 50.476 
