-0.845 74.59 
-0.706 32.466 
-0.845 74.59 
-0.835 59.34 
-0.828 45.339 
-0.844 64.558 
-0.745 33.085 
-0.835 59.34 
-0.728 32.778 
-0.844 64.558 
-0.728 32.778 
-0.776 42.456 
-0.795 44.201 
-0.809 44.239 
-0.753 37.018 
-0.775 38.697 
-0.809 44.239 
-0.822 44.727 
-0.794 43.712 
-0.781 43.163 
-0.784 43.521 
-0.759 37.843 
-0.769 38.051 
-0.753 37.018 
-0.745 33.085 
-0.828 45.339 
-0.758 37.511 
-0.754 37.348 
-0.823 44.735 
-0.784 43.521 
-0.77 38.194 
-0.776 42.456 
-0.773 38.428 
-0.823 44.735 
-0.822 44.727 
-0.773 38.428 
-0.77 38.194 
-0.775 38.697 
-0.774 38.465 
-0.769 38.051 
-0.759 37.843 
-0.794 43.712 
-0.758 37.511 
-0.754 37.348 
-0.795 44.201 
-0.774 38.465 
-0.845 74.59 
-0.728 32.778 
-0.835 59.34 
-0.753 37.018 
-0.745 33.085 
-0.784 43.521 
-0.823 44.735 
-0.77 38.194 
-0.775 38.697 
-0.769 38.051 
-0.759 37.843 
-0.794 43.712 
-0.758 37.511 
-0.845 74.59 
-0.728 32.778 
-0.835 59.34 
-0.823 44.735 
-0.775 38.697 
-0.784 43.521 
-0.753 37.018 
-0.745 33.085 
-0.77 38.194 
-0.758 37.511 
-0.769 38.051 
-0.759 37.843 
-0.794 43.712 
-0.728 32.778 
-0.845 74.59 
-0.835 59.34 
-0.775 38.697 
-0.784 43.521 
-0.77 38.194 
-0.794 43.712 
-0.753 37.018 
-0.728 32.778 
-0.775 38.697 
-0.784 43.521 
-0.77 38.194 
-0.794 43.712 
-0.753 37.018 
-0.728 32.778 
-0.775 38.697 
-0.784 43.521 
-0.753 37.018 
-0.77 38.194 
-0.794 43.712 
-0.784 43.521 
-0.728 32.778 
-0.753 37.018 
-0.784 43.521 
-0.784 43.521 
-0.794 43.712 
-0.759 37.843 
-0.794 43.712 
