-0.845 74.59 
-0.706 32.466 
-0.706 32.466 
-0.845 74.59 
-0.835 59.34 
-0.828 45.339 
-0.844 64.558 
-0.794 39.178 
-0.835 59.34 
-0.728 32.778 
-0.745 33.085 
-0.844 64.558 
-0.728 32.778 
-0.808 44.101 
-0.75 33.636 
-0.808 44.101 
-0.783 38.575 
-0.809 44.119 
-0.822 44.727 
-0.789 38.591 
-0.768 37.763 
-0.753 37.018 
-0.776 38.303 
-0.758 37.511 
-0.828 45.339 
-0.745 33.085 
-0.754 37.348 
-0.823 44.735 
-0.758 37.511 
-0.75 33.636 
-0.753 37.018 
-0.77 38.194 
-0.773 38.267 
-0.773 38.267 
-0.822 44.727 
-0.809 44.119 
-0.823 44.735 
-0.769 37.96 
-0.769 37.96 
-0.754 37.348 
-0.77 38.194 
-0.706 32.466 
-0.845 74.59 
-0.835 59.34 
-0.844 64.558 
-0.728 32.778 
-0.828 45.339 
-0.745 33.085 
-0.758 37.511 
-0.75 33.636 
-0.753 37.018 
-0.822 44.727 
-0.823 44.735 
-0.769 37.96 
-0.754 37.348 
-0.773 38.267 
-0.77 38.194 
-0.845 74.59 
-0.835 59.34 
-0.844 64.558 
-0.728 32.778 
-0.828 45.339 
-0.745 33.085 
-0.758 37.511 
-0.75 33.636 
-0.753 37.018 
-0.822 44.727 
-0.823 44.735 
-0.754 37.348 
-0.773 38.267 
-0.77 38.194 
-0.845 74.59 
-0.835 59.34 
-0.844 64.558 
-0.728 32.778 
-0.828 45.339 
-0.745 33.085 
-0.75 33.636 
-0.753 37.018 
-0.822 44.727 
-0.823 44.735 
-0.758 37.511 
-0.754 37.348 
-0.773 38.267 
-0.77 38.194 
-0.845 74.59 
-0.835 59.34 
-0.844 64.558 
-0.728 32.778 
-0.828 45.339 
-0.745 33.085 
-0.753 37.018 
-0.822 44.727 
-0.823 44.735 
-0.758 37.511 
-0.754 37.348 
-0.77 38.194 
-0.845 74.59 
-0.835 59.34 
-0.844 64.558 
