-0.845 74.59 
-0.706 32.466 
-0.845 74.59 
-0.706 32.466 
-0.835 55.18 
-0.844 64.558 
-0.829 49.337 
-0.794 39.178 
-0.844 64.558 
-0.728 32.778 
-0.828 45.339 
-0.728 32.778 
-0.808 44.101 
-0.745 33.085 
-0.75 33.636 
-0.808 44.101 
-0.753 37.018 
-0.813 44.631 
-0.761 37.719 
-0.822 44.727 
-0.789 38.591 
-0.78 38.499 
-0.768 37.763 
-0.746 33.11 
-0.754 37.024 
-0.783 38.575 
-0.789 38.591 
-0.823 44.735 
-0.75 33.636 
-0.813 44.631 
-0.758 37.511 
-0.776 38.303 
-0.809 44.119 
-0.77 38.194 
-0.759 37.604 
-0.776 38.303 
-0.773 38.267 
-0.773 38.267 
-0.783 38.575 
-0.753 37.018 
-0.828 45.339 
-0.823 44.735 
-0.809 44.119 
-0.758 37.511 
-0.745 33.085 
-0.769 37.96 
-0.769 37.96 
-0.822 44.727 
-0.77 38.194 
-0.768 37.763 
-0.706 32.466 
-0.845 74.59 
-0.844 64.558 
-0.728 32.778 
-0.808 44.101 
-0.828 45.339 
-0.783 38.575 
-0.745 33.085 
-0.789 38.591 
-0.75 33.636 
-0.813 44.631 
-0.776 38.303 
-0.753 37.018 
-0.773 38.267 
-0.823 44.735 
-0.809 44.119 
-0.758 37.511 
-0.769 37.96 
-0.822 44.727 
-0.77 38.194 
-0.768 37.763 
-0.706 32.466 
-0.845 74.59 
-0.844 64.558 
-0.728 32.778 
-0.828 45.339 
-0.745 33.085 
-0.758 37.511 
-0.75 33.636 
-0.753 37.018 
-0.773 38.267 
-0.822 44.727 
-0.823 44.735 
-0.769 37.96 
-0.77 38.194 
-0.706 32.466 
-0.845 74.59 
-0.844 64.558 
-0.728 32.778 
-0.828 45.339 
-0.745 33.085 
-0.758 37.511 
-0.75 33.636 
-0.753 37.018 
-0.822 44.727 
-0.823 44.735 
-0.769 37.96 
-0.773 38.267 
-0.77 38.194 
-0.845 74.59 
