-0.822 55.33 
-0.822 55.33 
-0.643 23.259 
-0.697 26.93 
-0.649 24.102 
-0.732 28.562 
-0.813 49.78 
-0.818 54.915 
-0.797 45.177 
-0.747 32.398 
-0.798 47.852 
-0.781 39.147 
-0.784 41.95 
-0.723 28.116 
-0.762 36.762 
-0.759 33.93 
-0.649 24.102 
-0.747 32.398 
-0.81 49.373 
-0.796 43.641 
-0.802 48.375 
-0.773 37.93 
-0.71 27.363 
-0.777 38.774 
-0.788 43.067 
-0.648 23.84 
-0.769 37.26 
-0.784 41.95 
-0.699 27.158 
-0.644 23.327 
-0.772 37.494 
-0.818 54.915 
-0.794 43.41 
-0.805 48.781 
-0.787 42.992 
-0.765 37.103 
-0.717 28.025 
-0.758 33.637 
-0.805 48.781 
-0.704 27.175 
-0.704 27.175 
-0.756 32.996 
-0.759 33.93 
-0.78 39.012 
-0.754 32.764 
-0.715 27.916 
-0.762 36.762 
-0.794 43.41 
-0.757 33.147 
-0.714 27.807 
-0.787 42.992 
-0.751 32.73 
-0.713 27.638 
-0.778 38.909 
-0.75 32.725 
-0.749 32.626 
-0.717 28.025 
-0.712 27.625 
-0.749 32.626 
-0.754 32.764 
-0.712 27.625 
-0.763 36.949 
-0.764 36.95 
-0.757 33.147 
-0.778 38.909 
-0.751 32.73 
-0.764 36.95 
-0.763 36.949 
-0.822 55.33 
-0.649 24.102 
-0.759 33.93 
-0.762 36.762 
-0.749 32.626 
-0.778 38.909 
-0.747 32.398 
-0.751 32.73 
-0.757 33.147 
-0.763 36.949 
-0.747 32.398 
-0.747 32.398 
-0.778 38.909 
-0.757 33.147 
-0.747 32.398 
-0.749 32.626 
-0.757 33.147 
-0.747 32.398 
-0.757 33.147 
-0.747 32.398 
-0.747 32.398 
-0.757 33.147 
-0.763 36.949 
-0.763 36.949 
-0.747 32.398 
-0.757 33.147 
-0.762 36.762 
-0.747 32.398 
-0.794 43.41 
-0.757 33.147 
-0.747 32.398 
-0.794 43.41 
