-0.789 48.54 
-0.731 32.363 
-0.698 27.602 
-0.771 38.142 
-0.814 58.719 
-0.717 28.169 
-0.707 27.776 
-0.758 33.848 
-0.755 33.402 
-0.731 32.363 
-0.63 24.572 
-0.731 32.363 
-0.761 37.584 
-0.81 54.193 
-0.771 38.142 
-0.747 32.398 
-0.772 38.466 
-0.8 48.613 
-0.731 32.363 
-0.731 32.363 
-0.731 32.363 
-0.716 28.151 
-0.731 32.363 
-0.751 32.731 
-0.785 43.828 
-0.764 37.973 
-0.761 37.584 
-0.805 50.752 
-0.717 28.169 
-0.755 33.402 
-0.727 28.579 
-0.731 32.363 
-0.788 44.468 
-0.758 33.848 
-0.747 32.398 
-0.76 37.259 
-0.754 32.958 
-0.731 32.363 
-0.731 32.363 
-0.731 32.363 
-0.731 32.363 
-0.802 49.177 
-0.731 32.363 
-0.747 32.398 
-0.778 38.909 
