-0.871 59.096 
-0.727 30.955 
-0.871 59.096 
-0.862 57.737 
-0.79 40.9 
-0.814 46.146 
-0.729 35.663 
-0.808 41.943 
-0.728 31.055 
-0.824 46.79 
-0.735 35.728 
-0.777 37.066 
-0.855 54.283 
-0.813 42.615 
-0.84 51.675 
-0.839 49.054 
-0.789 37.971 
-0.842 52.51 
-0.752 35.771 
-0.83 47.722 
-0.785 37.327 
-0.766 36.046 
-0.851 53.143 
-0.752 35.771 
-0.855 54.283 
-0.768 36.301 
-0.837 48.495 
-0.851 53.143 
-0.835 48.138 
-0.79 40.9 
-0.768 36.301 
-0.81 42.401 
-0.789 37.971 
-0.835 48.138 
-0.766 36.046 
-0.81 42.401 
-0.813 42.615 
-0.729 35.663 
-0.729 35.663 
-0.729 35.663 
-0.729 35.663 
-0.729 35.663 
-0.729 35.663 
-0.729 35.663 
-0.729 35.663 
-0.813 42.615 
-0.813 42.615 
-0.729 35.663 
-0.729 35.663 
-0.729 35.663 
-0.813 42.615 
-0.813 42.615 
-0.729 35.663 
-0.729 35.663 
-0.855 54.283 
-0.855 54.283 
-0.871 59.096 
-0.813 42.615 
-0.729 35.663 
-0.855 54.283 
-0.813 42.615 
-0.855 54.283 
-0.813 42.615 
-0.835 48.138 
-0.729 35.663 
-0.813 42.615 
-0.871 59.096 
-0.729 35.663 
-0.813 42.615 
-0.855 54.283 
-0.729 35.663 
-0.871 59.096 
-0.729 35.663 
-0.855 54.283 
-0.855 54.283 
-0.729 35.663 
-0.871 59.096 
-0.813 42.615 
-0.835 48.138 
-0.729 35.663 
-0.851 53.143 
-0.729 35.663 
-0.813 42.615 
-0.81 42.401 
-0.813 42.615 
-0.855 54.283 
-0.855 54.283 
-0.851 53.143 
-0.813 42.615 
-0.729 35.663 
-0.813 42.615 
-0.813 42.615 
-0.871 59.096 
-0.729 35.663 
-0.855 54.283 
-0.729 35.663 
-0.729 35.663 
-0.855 54.283 
-0.813 42.615 
-0.813 42.615 
