-0.809 30.681 
-0.956 65.437 
-0.809 30.681 
-0.953 54.581 
-0.817 31.684 
-0.853 31.871 
-0.951 54.125 
-0.942 48.685 
-0.895 37.104 
-0.941 48.255 
-0.876 36.228 
-0.917 39.068 
-0.885 36.496 
-0.912 37.879 
-0.935 44.463 
-0.868 31.914 
-0.922 42.535 
-0.854 31.874 
-0.875 33.193 
-0.815 31.104 
-0.922 42.535 
-0.923 43.173 
-0.928 43.375 
-0.935 44.463 
-0.953 54.581 
-0.932 44.154 
-0.815 31.104 
-0.916 38.437 
-0.871 32.392 
-0.869 32.295 
-0.931 43.943 
-0.93 43.513 
-0.817 31.684 
-0.875 33.193 
-0.874 32.797 
-0.873 32.781 
-0.871 32.392 
-0.932 44.154 
-0.913 38.15 
-0.873 32.781 
-0.914 38.389 
-0.913 38.15 
-0.931 43.943 
-0.923 43.173 
-0.853 31.871 
-0.929 43.51 
-0.869 32.295 
-0.854 31.874 
-0.915 38.426 
-0.914 38.389 
-0.874 32.797 
-0.915 38.426 
-0.916 38.437 
-0.93 43.513 
-0.929 43.51 
-0.809 30.681 
-0.915 38.426 
-0.953 54.581 
-0.815 31.104 
-0.817 31.684 
-0.875 33.193 
-0.871 32.392 
-0.932 44.154 
-0.873 32.781 
-0.931 43.943 
-0.913 38.15 
-0.869 32.295 
-0.854 31.874 
-0.874 32.797 
-0.93 43.513 
-0.929 43.51 
-0.953 54.581 
-0.815 31.104 
-0.817 31.684 
-0.875 33.193 
-0.929 43.51 
-0.871 32.392 
-0.932 44.154 
-0.873 32.781 
-0.931 43.943 
-0.913 38.15 
-0.869 32.295 
-0.874 32.797 
-0.953 54.581 
-0.875 33.193 
-0.815 31.104 
-0.817 31.684 
-0.929 43.51 
-0.871 32.392 
-0.932 44.154 
-0.873 32.781 
-0.931 43.943 
-0.869 32.295 
-0.929 43.51 
-0.929 43.51 
-0.929 43.51 
-0.871 32.392 
-0.929 43.51 
-0.929 43.51 
-0.929 43.51 
