-0.834 62.197 
-0.651 25.93 
-0.834 62.197 
-0.83 56.504 
-0.679 26.729 
-0.822 51.915 
-0.693 30.164 
-0.806 47.651 
-0.818 51.096 
-0.679 26.729 
-0.784 44.904 
-0.783 42.192 
-0.765 40.057 
-0.752 37.198 
-0.806 47.651 
-0.693 30.164 
-0.722 33.145 
-0.752 37.198 
-0.765 40.057 
-0.706 30.246 
-0.818 51.096 
-0.708 31.934 
-0.707 30.259 
-0.735 34.745 
-0.728 34.685 
-0.727 34.534 
-0.737 35.787 
-0.767 40.493 
-0.771 40.663 
-0.749 36.683 
-0.716 32.678 
-0.721 32.945 
-0.727 34.534 
-0.709 32.282 
-0.792 45.908 
-0.776 41.469 
-0.736 34.914 
-0.821 51.595 
-0.796 45.921 
-0.713 32.301 
-0.78 41.626 
-0.745 36.543 
-0.788 45.145 
-0.766 40.213 
-0.804 47.03 
-0.775 41.138 
-0.799 46.501 
-0.798 46.139 
-0.79 45.236 
-0.772 40.824 
-0.742 35.921 
-0.788 45.145 
-0.74 35.893 
-0.715 32.476 
-0.804 47.03 
-0.708 31.934 
-0.791 45.571 
-0.791 45.571 
-0.82 51.284 
-0.74 35.893 
-0.721 32.945 
-0.716 32.678 
-0.743 36.171 
-0.784 44.904 
-0.798 46.139 
-0.713 32.301 
-0.744 36.387 
-0.743 36.171 
-0.782 42.0 
-0.781 41.788 
-0.796 45.921 
-0.751 37.037 
-0.75 36.831 
-0.801 46.687 
-0.782 42.0 
-0.801 46.687 
-0.799 46.501 
-0.82 51.284 
-0.819 51.103 
-0.715 32.476 
-0.803 46.856 
-0.736 34.914 
-0.803 46.856 
-0.802 46.689 
-0.781 41.788 
-0.774 41.085 
-0.773 40.924 
-0.751 37.037 
-0.78 41.626 
-0.776 41.469 
-0.744 36.387 
-0.75 36.831 
-0.745 36.543 
-0.737 35.787 
-0.773 40.924 
-0.79 45.236 
-0.706 30.246 
-0.774 41.085 
-0.742 35.921 
-0.709 32.282 
