-0.811 57.658 
-0.702 31.291 
-0.811 57.658 
-0.741 36.216 
-0.816 60.642 
-0.744 36.584 
-0.811 57.658 
-0.729 34.912 
-0.759 40.353 
-0.73 34.94 
-0.798 50.468 
-0.759 40.353 
-0.789 45.811 
-0.744 36.584 
-0.744 36.584 
-0.791 50.219 
-0.811 57.658 
-0.696 30.485 
-0.746 36.947 
-0.694 30.178 
-0.811 57.658 
-0.791 50.219 
-0.806 51.665 
-0.807 56.207 
-0.762 44.196 
-0.81 57.49 
-0.811 57.658 
-0.713 32.367 
-0.811 57.658 
-0.696 30.485 
-0.804 51.068 
-0.806 51.665 
-0.75 40.249 
-0.696 30.485 
-0.827 61.948 
-0.746 36.947 
-0.791 50.219 
-0.811 57.658 
-0.791 50.219 
-0.791 50.219 
-0.761 40.672 
-0.743 36.555 
-0.747 37.136 
-0.806 51.665 
-0.811 57.658 
-0.806 51.665 
-0.811 57.658 
-0.775 44.532 
