-0.937 66.009 
-0.69 27.036 
-0.937 66.009 
-0.69 27.036 
-0.744 28.526 
-0.698 27.511 
-0.935 60.908 
-0.927 55.63 
-0.789 32.073 
-0.936 61.003 
-0.926 55.535 
-0.918 50.535 
-0.908 49.445 
-0.907 44.765 
-0.896 43.625 
-0.89 39.06 
-0.76 31.882 
-0.839 34.046 
-0.84 34.367 
-0.75 29.074 
-0.82 33.046 
-0.82 33.046 
-0.871 37.915 
-0.847 37.086 
-0.888 38.755 
-0.755 31.556 
-0.804 32.711 
-0.806 32.993 
-0.79 32.337 
-0.917 50.211 
-0.85 37.432 
-0.864 37.511 
-0.698 27.511 
-0.744 28.526 
-0.918 50.535 
-0.927 55.63 
-0.926 55.535 
-0.935 60.908 
-0.909 49.538 
-0.75 29.074 
-0.87 37.633 
-0.9 44.542 
-0.89 39.06 
-0.847 37.086 
-0.755 31.556 
-0.906 44.633 
-0.896 43.625 
-0.864 37.511 
-0.888 38.755 
-0.871 37.915 
-0.909 49.538 
-0.757 31.865 
-0.899 44.317 
-0.897 43.755 
-0.804 32.711 
-0.76 31.882 
-0.899 44.317 
-0.79 32.337 
-0.897 43.755 
-0.806 32.993 
-0.849 37.308 
-0.848 37.098 
-0.889 38.884 
-0.757 31.865 
-0.907 44.765 
-0.889 38.884 
-0.849 37.308 
-0.87 37.633 
-0.936 61.003 
-0.908 49.445 
-0.906 44.633 
-0.9 44.542 
-0.85 37.432 
-0.848 37.098 
-0.937 66.009 
-0.69 27.036 
-0.744 28.526 
-0.82 33.046 
-0.918 50.535 
-0.927 55.63 
-0.926 55.535 
-0.935 60.908 
-0.75 29.074 
-0.889 38.884 
-0.871 37.915 
-0.755 31.556 
-0.896 43.625 
-0.864 37.511 
-0.909 49.538 
-0.76 31.882 
-0.79 32.337 
-0.847 37.086 
-0.897 43.755 
-0.806 32.993 
-0.757 31.865 
-0.907 44.765 
-0.849 37.308 
-0.87 37.633 
-0.936 61.003 
-0.908 49.445 
