-0.919 49.683 
-0.919 49.683 
-0.748 26.19 
-0.779 27.286 
-0.883 38.385 
-0.912 48.341 
-0.901 44.428 
-0.893 42.157 
-0.849 36.219 
-0.846 35.984 
-0.795 30.463 
-0.87 36.633 
-0.841 33.561 
-0.901 44.428 
-0.795 30.463 
-0.808 30.576 
-0.796 30.517 
-0.77 26.611 
-0.766 26.299 
-0.912 48.341 
-0.9 43.488 
-0.756 26.269 
-0.893 42.157 
-0.916 49.045 
-0.817 31.672 
-0.834 32.415 
-0.824 31.796 
-0.756 26.269 
-0.841 33.561 
-0.777 27.188 
-0.836 32.736 
-0.83 32.341 
-0.813 30.978 
-0.899 43.119 
-0.777 27.188 
-0.913 48.483 
-0.874 36.783 
-0.828 32.022 
-0.838 32.922 
-0.839 33.205 
-0.913 48.483 
-0.87 36.633 
-0.918 49.302 
-0.839 33.205 
-0.898 42.98 
-0.897 42.638 
-0.826 31.97 
-0.882 38.075 
-0.766 26.299 
-0.815 31.281 
-0.769 26.599 
-0.769 26.599 
-0.873 36.642 
-0.881 38.028 
-0.88 37.75 
-0.848 36.092 
-0.815 31.281 
-0.824 31.796 
-0.816 31.414 
-0.811 30.888 
-0.847 36.085 
-0.812 30.906 
-0.83 32.341 
-0.875 36.973 
-0.828 32.022 
-0.826 31.97 
-0.878 37.458 
-0.877 37.276 
-0.896 42.499 
-0.895 42.32 
-0.876 37.134 
-0.875 36.973 
-0.81 30.788 
-0.809 30.632 
-0.837 32.891 
-0.88 37.75 
-0.879 37.601 
-0.879 37.601 
-0.878 37.458 
-0.918 49.302 
-0.877 37.276 
-0.917 49.16 
-0.876 37.134 
-0.871 36.637 
-0.895 42.32 
-0.898 42.98 
-0.894 42.181 
-0.897 42.638 
-0.896 42.499 
-0.816 31.414 
-0.817 31.672 
-0.917 49.16 
-0.81 30.788 
-0.778 27.196 
-0.796 30.517 
-0.809 30.632 
-0.882 38.075 
-0.881 38.028 
-0.837 32.891 
-0.894 42.181 
