-0.796 55.744 
-0.661 30.213 
-0.796 55.744 
-0.793 49.89 
-0.785 45.623 
-0.795 55.66 
-0.793 49.89 
-0.765 40.587 
-0.716 34.366 
-0.767 43.754 
-0.701 34.234 
-0.748 39.032 
-0.743 36.034 
-0.678 30.675 
-0.7 34.094 
-0.699 31.754 
-0.674 30.486 
-0.737 35.227 
-0.727 35.056 
-0.758 39.536 
-0.688 30.898 
-0.718 34.634 
-0.726 34.864 
-0.752 39.317 
-0.783 45.241 
-0.776 44.988 
-0.772 44.742 
-0.742 35.804 
-0.765 40.587 
-0.696 31.27 
-0.743 36.034 
-0.748 39.032 
-0.761 39.758 
-0.769 43.97 
-0.676 30.535 
-0.739 35.582 
-0.761 39.758 
-0.772 44.742 
-0.674 30.486 
-0.775 44.906 
-0.698 31.492 
-0.718 34.634 
-0.739 35.582 
-0.769 43.97 
-0.693 31.242 
-0.767 43.754 
-0.737 35.227 
-0.69 31.036 
-0.751 39.186 
-0.795 55.66 
-0.749 39.109 
-0.699 31.754 
-0.784 45.362 
-0.783 45.241 
-0.776 44.988 
-0.726 34.864 
-0.688 30.898 
-0.698 31.492 
-0.76 39.735 
-0.692 31.238 
-0.69 31.036 
-0.76 39.735 
-0.692 31.238 
-0.768 43.942 
-0.727 35.056 
-0.775 44.906 
-0.7 34.094 
-0.689 30.901 
-0.784 45.362 
-0.751 39.186 
-0.749 39.109 
-0.768 43.942 
-0.693 31.242 
-0.689 30.901 
-0.796 55.744 
-0.793 49.89 
-0.743 36.034 
-0.748 39.032 
-0.761 39.758 
-0.772 44.742 
-0.718 34.634 
-0.739 35.582 
-0.769 43.97 
-0.767 43.754 
-0.674 30.486 
-0.737 35.227 
-0.795 55.66 
-0.699 31.754 
-0.783 45.241 
-0.776 44.988 
-0.76 39.735 
-0.692 31.238 
-0.727 35.056 
-0.698 31.492 
-0.7 34.094 
-0.784 45.362 
-0.693 31.242 
-0.749 39.109 
-0.768 43.942 
-0.689 30.901 
