P=? [ F (x=9&y=9&crashed=0) ]	R{"cost"}=? [ C<=100 ]
0.607	20.353
0.9	66.878
0.607	20.353
0.9	66.878
0.712	22.179
0.61	20.432
0.891	61.371
0.89	47.066
0.751	25.455
0.897	66.513
0.792	25.78
0.873	37.457
0.891	61.371
0.726	24.817
0.887	46.697
0.751	25.455
0.882	42.727
0.849	27.617
0.855	31.163
0.87	36.035
0.876	40.602
0.865	32.88
0.817	25.816
0.798	25.789
0.712	22.179
0.817	25.816
0.833	25.926
0.61	20.432
0.87	36.035
0.719	24.094
0.882	42.727
0.726	24.817
0.881	41.754
0.792	25.78
0.879	40.968
0.719	24.094
0.887	46.697
0.849	27.617
0.72	24.165
0.855	31.163
0.798	25.789
0.881	41.754
0.864	32.855
0.863	32.113
0.857	31.938
0.856	31.208
0.845	27.352
0.842	26.792
0.876	40.602
0.865	32.88
0.72	24.165
0.842	26.792
0.879	40.968
0.858	31.983
0.862	32.081
0.838	26.359
0.837	26.012
0.845	27.352
0.841	26.405
0.89	47.066
0.847	27.492
0.847	27.492
0.833	25.926
0.835	25.93
0.84	26.362
0.835	25.93
0.862	32.081
0.858	31.983
0.837	26.012
0.857	31.938
0.856	31.208
0.841	26.405
0.863	32.113
0.864	32.855
0.84	26.362
0.838	26.359
0.9	66.878
0.607	20.353
0.891	61.371
0.751	25.455
0.712	22.179
0.817	25.816
0.61	20.432
0.882	42.727
0.726	24.817
0.792	25.78
0.719	24.094
0.887	46.697
0.849	27.617
0.855	31.163
0.798	25.789
0.881	41.754
0.876	40.602
0.865	32.88
0.72	24.165
0.842	26.792
0.879	40.968
0.845	27.352
0.89	47.066
0.847	27.492
