-0.897 52.48 
-0.715 25.959 
-0.715 25.959 
-0.897 52.48 
-0.886 51.639 
-0.88 46.734 
-0.871 46.312 
-0.752 29.302 
-0.806 32.348 
-0.87 41.54 
-0.865 40.453 
-0.854 36.91 
-0.752 29.302 
-0.769 29.932 
-0.771 30.846 
-0.818 35.143 
-0.753 29.59 
-0.834 35.311 
-0.799 31.322 
-0.838 36.007 
-0.785 30.912 
-0.819 35.155 
-0.85 36.186 
-0.854 36.91 
-0.818 35.143 
-0.865 40.453 
-0.878 46.358 
-0.888 52.017 
-0.789 31.146 
-0.836 35.489 
-0.801 31.712 
-0.869 40.949 
-0.868 40.872 
-0.888 52.017 
-0.87 41.54 
-0.853 36.673 
-0.769 29.932 
-0.804 31.994 
-0.753 29.59 
-0.838 36.007 
-0.789 31.146 
-0.834 35.311 
-0.866 40.594 
-0.787 31.062 
-0.866 40.594 
-0.804 31.994 
-0.803 31.883 
-0.771 30.846 
-0.851 36.375 
-0.852 36.563 
-0.851 36.375 
-0.85 36.186 
-0.803 31.883 
-0.819 35.155 
-0.786 30.924 
-0.852 36.563 
-0.787 31.062 
-0.786 30.924 
-0.897 52.48 
-0.752 29.302 
-0.818 35.143 
-0.888 52.017 
-0.838 36.007 
-0.789 31.146 
-0.834 35.311 
-0.804 31.994 
-0.851 36.375 
-0.85 36.186 
-0.803 31.883 
-0.819 35.155 
-0.786 30.924 
-0.752 29.302 
-0.897 52.48 
-0.818 35.143 
-0.789 31.146 
-0.888 52.017 
-0.834 35.311 
-0.804 31.994 
-0.851 36.375 
-0.85 36.186 
-0.803 31.883 
-0.819 35.155 
-0.752 29.302 
-0.818 35.143 
-0.789 31.146 
-0.834 35.311 
-0.85 36.186 
-0.819 35.155 
-0.803 31.883 
-0.752 29.302 
-0.818 35.143 
-0.789 31.146 
-0.819 35.155 
-0.803 31.883 
-0.752 29.302 
-0.818 35.143 
-0.752 29.302 
-0.803 31.883 
-0.818 35.143 
-0.752 29.302 
