-0.723 25.659 
-0.897 52.479 
-0.723 25.659 
-0.726 25.939 
-0.871 41.688 
-0.864 40.259 
-0.886 51.639 
-0.88 46.734 
-0.878 46.358 
-0.817 34.971 
-0.752 29.302 
-0.752 29.302 
-0.854 36.91 
-0.769 29.932 
-0.771 30.846 
-0.806 32.348 
-0.753 29.547 
-0.819 35.153 
-0.833 35.299 
-0.785 30.912 
-0.806 32.348 
-0.837 35.682 
-0.798 31.132 
-0.788 31.089 
-0.854 36.91 
-0.848 35.962 
-0.888 52.015 
-0.878 46.358 
-0.88 46.734 
-0.886 51.639 
-0.87 41.346 
-0.799 31.319 
-0.804 31.943 
-0.869 40.949 
-0.888 52.015 
-0.853 36.67 
-0.769 29.932 
-0.868 40.872 
-0.866 40.461 
-0.836 35.428 
-0.801 31.709 
-0.753 29.547 
-0.802 31.725 
-0.786 30.923 
-0.848 35.962 
-0.837 35.682 
-0.852 36.515 
-0.851 36.256 
-0.868 40.872 
-0.771 30.846 
-0.851 36.256 
-0.85 36.042 
-0.865 40.453 
-0.801 31.709 
-0.818 35.138 
-0.834 35.311 
-0.866 40.461 
-0.803 31.882 
-0.852 36.515 
-0.833 35.299 
-0.819 35.153 
-0.787 31.045 
-0.836 35.428 
-0.834 35.311 
-0.849 36.037 
-0.785 30.912 
-0.803 31.882 
-0.787 31.045 
-0.818 35.138 
-0.865 40.453 
-0.85 36.042 
-0.849 36.037 
-0.723 25.659 
-0.752 29.302 
-0.806 32.348 
-0.854 36.91 
-0.818 35.138 
-0.865 40.453 
-0.88 46.734 
-0.886 51.639 
-0.769 29.932 
-0.848 35.962 
-0.837 35.682 
-0.868 40.872 
-0.771 30.846 
-0.851 36.256 
-0.878 46.358 
-0.866 40.461 
-0.852 36.515 
-0.819 35.153 
-0.836 35.428 
-0.834 35.311 
-0.785 30.912 
-0.752 29.302 
-0.806 32.348 
-0.854 36.91 
-0.865 40.453 
-0.886 51.639 
-0.769 29.932 
-0.848 35.962 
