P=? [ F (x=9&y=9&crashed=0) ]	R{"cost"}=? [ C<=100 ]
-0.0	0.0
0.938	105.121
-0.0	0.0
0.938	105.121
0.647	20.689
0.937	75.196
0.647	20.689
0.936	64.516
0.937	75.196
0.923	58.479
0.809	35.015
0.914	53.085
0.901	47.267
0.672	21.429
0.902	52.479
0.926	59.208
0.934	63.995
0.884	46.325
0.807	31.172
0.852	40.506
0.849	36.584
0.672	21.429
0.757	26.18
0.876	43.1
0.698	24.02
0.769	29.086
0.698	24.02
0.797	30.073
0.897	47.046
0.773	29.548
0.876	43.1
0.746	25.208
0.704	24.348
0.83	35.041
0.723	24.708
0.728	24.918
0.875	41.241
0.757	26.18
0.858	40.737
0.769	29.086
0.884	46.325
0.87	40.892
0.914	53.085
0.847	35.966
0.838	35.109
0.926	59.208
0.934	63.995
0.911	52.646
0.751	25.721
0.924	58.861
0.704	24.348
0.751	25.721
0.904	52.627
0.802	30.775
0.83	35.041
0.723	24.708
0.844	35.532
0.746	25.208
0.728	24.918
0.84	35.488
0.802	30.775
0.797	30.073
0.773	29.548
0.807	31.172
0.87	40.892
0.874	41.106
0.848	36.413
0.852	40.506
0.849	36.584
0.772	29.404
0.799	30.411
0.856	40.714
0.935	64.332
0.798	30.402
0.856	40.714
0.772	29.404
0.844	35.532
0.911	52.646
0.799	30.411
0.901	47.267
0.874	41.106
0.936	64.516
0.935	64.332
0.838	35.109
0.848	36.413
0.84	35.488
0.903	52.487
0.809	35.015
0.875	41.241
0.904	52.627
0.798	30.402
0.903	52.487
0.902	52.479
-0.0	0.0
0.938	105.121
0.647	20.689
0.937	75.196
0.672	21.429
0.698	24.02
0.769	29.086
