-0.664 25.075 
-0.856 62.061 
-0.664 25.075 
-0.758 29.283 
-0.855 57.118 
-0.847 56.406 
-0.846 51.509 
-0.711 26.623 
-0.83 45.789 
-0.846 51.509 
-0.838 46.292 
-0.829 41.419 
-0.82 39.9 
-0.813 35.486 
-0.722 28.451 
-0.793 34.629 
-0.79 30.781 
-0.679 25.61 
-0.74 29.136 
-0.807 34.965 
-0.697 25.853 
-0.775 29.827 
-0.738 28.86 
-0.723 28.731 
-0.679 25.61 
-0.795 34.681 
-0.705 25.951 
-0.785 30.024 
-0.82 39.9 
-0.776 29.919 
-0.697 25.853 
-0.838 46.292 
-0.813 35.486 
-0.836 45.981 
-0.705 25.951 
-0.828 41.164 
-0.825 40.97 
-0.811 35.178 
-0.822 40.398 
-0.822 40.398 
-0.847 56.406 
-0.786 30.339 
-0.825 40.97 
-0.775 29.827 
-0.837 46.163 
-0.789 30.774 
-0.786 30.339 
-0.793 34.629 
-0.811 35.178 
-0.79 30.781 
-0.789 30.774 
-0.795 34.681 
-0.836 45.981 
-0.83 45.789 
-0.739 28.951 
-0.74 29.136 
-0.723 28.731 
-0.785 30.024 
-0.776 29.919 
-0.739 28.951 
-0.794 34.676 
-0.794 34.676 
-0.664 25.075 
-0.846 51.509 
-0.723 28.731 
-0.679 25.61 
-0.838 46.292 
-0.697 25.853 
-0.822 40.398 
-0.847 56.406 
-0.775 29.827 
-0.793 34.629 
-0.79 30.781 
-0.789 30.774 
-0.786 30.339 
-0.811 35.178 
-0.795 34.681 
-0.83 45.789 
-0.74 29.136 
-0.785 30.024 
-0.776 29.919 
-0.739 28.951 
-0.794 34.676 
-0.664 25.075 
-0.723 28.731 
-0.679 25.61 
-0.838 46.292 
-0.697 25.853 
-0.822 40.398 
-0.83 45.789 
-0.793 34.629 
-0.79 30.781 
-0.789 30.774 
-0.786 30.339 
-0.811 35.178 
-0.795 34.681 
-0.739 28.951 
-0.74 29.136 
-0.785 30.024 
-0.776 29.919 
