-0.856 62.061 
-0.711 24.616 
-0.711 24.616 
-0.856 62.061 
-0.853 56.198 
-0.795 34.566 
-0.729 25.898 
-0.835 45.348 
-0.855 57.118 
-0.845 51.379 
-0.838 46.292 
-0.74 29.124 
-0.758 29.283 
-0.847 51.72 
-0.818 39.435 
-0.829 41.258 
-0.813 35.486 
-0.715 25.125 
-0.79 30.778 
-0.809 34.942 
-0.738 28.86 
-0.769 29.548 
-0.729 25.898 
-0.758 29.283 
-0.785 30.024 
-0.776 29.919 
-0.738 28.86 
-0.838 46.292 
-0.845 51.379 
-0.769 29.548 
-0.829 41.258 
-0.715 25.125 
-0.847 51.72 
-0.795 34.566 
-0.775 29.827 
-0.813 35.486 
-0.818 39.435 
-0.826 40.944 
-0.79 30.778 
-0.855 57.118 
-0.823 40.795 
-0.809 34.942 
-0.812 35.171 
-0.828 40.994 
-0.82 39.651 
-0.837 45.945 
-0.786 30.224 
-0.787 30.458 
-0.821 40.137 
-0.836 45.816 
-0.822 40.398 
-0.789 30.748 
-0.787 30.458 
-0.789 30.748 
-0.775 29.827 
-0.822 40.398 
-0.821 40.137 
-0.812 35.171 
-0.82 39.651 
-0.846 51.509 
-0.739 28.946 
-0.823 40.795 
-0.846 51.509 
-0.836 45.816 
-0.785 30.024 
-0.776 29.919 
-0.739 28.946 
-0.711 24.616 
-0.856 62.061 
-0.855 57.118 
-0.729 25.898 
-0.758 29.283 
-0.738 28.86 
-0.847 51.72 
-0.838 46.292 
-0.769 29.548 
-0.715 25.125 
-0.795 34.566 
-0.829 41.258 
-0.813 35.486 
-0.79 30.778 
-0.809 34.942 
-0.787 30.458 
-0.789 30.748 
-0.775 29.827 
-0.822 40.398 
-0.821 40.137 
-0.812 35.171 
-0.82 39.651 
-0.823 40.795 
-0.846 51.509 
-0.836 45.816 
-0.785 30.024 
-0.776 29.919 
-0.739 28.946 
-0.856 62.061 
-0.711 24.616 
-0.729 25.898 
-0.758 29.283 
-0.738 28.86 
