-0.612 22.784 
-0.796 48.716 
-0.796 48.716 
-0.612 22.784 
-0.645 23.775 
-0.787 48.028 
-0.782 43.481 
-0.758 37.707 
-0.767 38.809 
-0.739 32.93 
-0.73 29.676 
-0.751 34.489 
-0.77 41.98 
-0.666 25.578 
-0.628 22.908 
-0.63 23.295 
-0.666 25.578 
-0.772 42.4 
-0.697 27.003 
-0.667 25.754 
-0.677 26.264 
-0.639 23.475 
-0.779 42.605 
-0.739 32.93 
-0.73 29.676 
-0.709 28.457 
-0.716 28.988 
-0.688 26.921 
-0.727 29.299 
-0.751 34.489 
-0.681 26.854 
-0.782 43.481 
-0.722 29.012 
-0.688 26.921 
-0.639 23.475 
-0.703 27.383 
-0.714 28.804 
-0.706 27.746 
-0.788 48.13 
-0.793 48.468 
-0.7 27.259 
-0.709 28.457 
-0.722 29.012 
-0.78 42.824 
-0.766 38.692 
-0.771 42.077 
-0.677 26.264 
-0.667 25.754 
-0.714 28.804 
-0.793 48.468 
-0.706 27.746 
-0.744 33.677 
-0.781 43.051 
-0.76 37.774 
-0.77 41.98 
-0.788 48.13 
-0.749 34.193 
-0.729 29.519 
-0.762 37.969 
-0.705 27.555 
-0.764 38.347 
-0.763 38.026 
-0.678 26.438 
-0.765 38.372 
-0.698 27.165 
-0.795 48.558 
-0.747 34.01 
-0.745 33.727 
-0.743 33.401 
-0.628 22.908 
-0.68 26.701 
-0.679 26.444 
-0.747 34.01 
-0.781 43.051 
-0.74 33.13 
-0.75 34.298 
-0.745 33.727 
-0.728 29.48 
-0.705 27.555 
-0.742 33.32 
-0.741 33.154 
-0.68 26.701 
-0.761 37.831 
-0.75 34.298 
-0.699 27.166 
-0.748 34.102 
-0.748 34.102 
-0.795 48.558 
-0.743 33.401 
-0.742 33.32 
-0.681 26.854 
-0.763 38.026 
-0.761 37.831 
-0.728 29.48 
-0.765 38.372 
-0.764 38.347 
-0.741 33.154 
-0.74 33.13 
-0.679 26.444 
-0.699 27.166 
