-0.79 48.826 
-0.782 48.288 
-0.68 26.715 
-0.607 23.052 
-0.763 38.027 
-0.743 33.516 
-0.751 34.71 
-0.708 28.558 
-0.782 48.288 
-0.7 27.542 
-0.699 27.167 
-0.743 33.516 
-0.736 33.159 
-0.722 29.184 
-0.7 27.542 
-0.761 37.831 
-0.743 33.516 
-0.766 40.639 
-0.788 48.389 
-0.765 38.657 
-0.607 23.052 
-0.751 34.71 
-0.699 27.167 
-0.743 33.516 
-0.773 43.622 
-0.745 33.728 
-0.681 26.855 
-0.758 37.781 
-0.69 27.082 
-0.79 48.826 
-0.716 29.119 
-0.73 29.832 
-0.715 29.056 
-0.781 44.214 
-0.761 37.831 
-0.68 26.715 
-0.782 48.288 
-0.744 33.701 
-0.77 43.267 
-0.78 44.09 
-0.7 27.542 
-0.766 40.639 
-0.764 38.347 
-0.706 27.746 
-0.722 29.184 
-0.68 26.715 
-0.688 26.941 
-0.741 33.366 
-0.778 43.892 
-0.756 37.755 
