P=? [ F (x=9&y=9&crashed=0) ]	R{"cost"}=? [ C<=100 ]
0.61	19.566
0.864	56.185
0.864	56.185
0.61	19.566
0.863	51.635
0.863	51.635
0.854	46.805
0.724	26.1
0.716	25.311
0.689	25.076
0.632	22.866
0.618	19.9
0.806	36.503
0.732	29.215
0.67	24.671
0.843	45.423
0.837	42.256
0.809	39.431
0.638	23.163
0.688	25.07
0.826	40.957
0.772	34.155
0.655	23.261
0.632	22.866
0.618	19.9
0.768	32.175
0.754	29.728
0.78	34.921
0.801	35.682
0.792	34.984
0.742	29.532
0.766	31.737
0.835	41.815
0.813	40.155
0.76	30.394
0.854	46.805
0.795	35.354
0.82	40.44
0.847	46.492
0.766	31.737
0.732	29.215
0.804	36.013
0.67	24.671
0.843	45.423
0.846	46.043
0.844	45.745
0.853	46.633
0.664	23.792
0.837	42.256
0.768	32.175
0.835	41.815
0.772	34.155
0.638	23.163
0.66	23.349
0.76	30.394
0.779	34.643
0.612	19.611
0.756	30.206
0.664	23.792
0.776	34.58
0.721	25.804
0.655	23.261
0.736	29.371
0.741	29.514
0.735	29.346
0.721	25.804
0.823	40.952
0.813	40.155
0.81	39.609
0.776	34.58
0.717	25.365
0.809	39.431
0.81	39.609
0.755	29.74
0.717	25.365
0.612	19.611
0.82	40.44
0.688	25.07
0.793	35.205
0.805	36.388
0.663	23.78
0.822	40.81
0.662	23.564
0.759	30.338
0.836	42.102
0.822	40.81
0.723	26.079
0.716	25.311
0.689	25.076
0.66	23.349
0.662	23.564
0.742	29.532
0.723	26.079
0.836	42.102
0.741	29.514
0.736	29.371
0.853	46.633
0.847	46.492
0.759	30.338
0.756	30.206
