-0.881 51.23 
-0.69 24.818 
-0.881 51.23 
-0.722 25.464 
-0.864 46.584 
-0.746 28.487 
-0.786 29.811 
-0.853 45.128 
-0.877 50.651 
-0.829 39.841 
-0.797 33.328 
-0.847 41.49 
-0.828 36.791 
-0.746 28.487 
-0.703 25.175 
-0.766 28.563 
-0.78 28.985 
-0.769 28.81 
-0.701 25.13 
-0.877 50.651 
-0.836 40.016 
-0.797 33.328 
-0.819 35.334 
-0.808 34.227 
-0.801 33.892 
-0.86 45.423 
-0.813 34.934 
-0.863 45.775 
-0.847 41.49 
-0.82 35.734 
-0.812 34.735 
-0.823 35.798 
-0.783 29.237 
-0.855 45.262 
-0.841 40.735 
-0.824 36.185 
-0.827 36.649 
-0.809 34.479 
-0.839 40.359 
-0.84 40.608 
-0.8 33.655 
-0.88 51.004 
-0.863 45.775 
-0.845 41.218 
-0.839 40.359 
-0.825 36.222 
-0.8 33.655 
-0.855 45.262 
-0.843 41.01 
-0.845 41.218 
-0.879 50.875 
-0.826 36.383 
-0.809 34.479 
-0.785 29.679 
-0.784 29.428 
-0.767 28.579 
-0.879 50.875 
-0.844 41.012 
-0.784 29.428 
-0.826 36.383 
-0.767 28.579 
-0.843 41.01 
-0.785 29.679 
-0.844 41.012 
-0.881 51.23 
-0.746 28.487 
-0.877 50.651 
-0.847 41.49 
-0.809 34.479 
-0.839 40.359 
-0.863 45.775 
-0.767 28.579 
-0.843 41.01 
-0.855 45.262 
-0.844 41.012 
-0.881 51.23 
-0.746 28.487 
-0.877 50.651 
-0.839 40.359 
-0.767 28.579 
-0.844 41.012 
-0.881 51.23 
-0.877 50.651 
-0.839 40.359 
-0.881 51.23 
-0.877 50.651 
-0.881 51.23 
-0.881 51.23 
-0.881 51.23 
-0.881 51.23 
-0.881 51.23 
-0.881 51.23 
-0.881 51.23 
-0.877 50.651 
-0.877 50.651 
-0.881 51.23 
-0.767 28.579 
-0.877 50.651 
-0.809 34.479 
-0.809 34.479 
