-0.653 26.747 
-0.898 69.597 
-0.898 69.597 
-0.653 26.747 
-0.889 64.252 
-0.75 37.202 
-0.7 30.686 
-0.731 32.136 
-0.748 33.164 
-0.782 37.288 
-0.851 53.565 
-0.7 30.686 
-0.871 59.137 
-0.798 38.663 
-0.895 68.83 
-0.711 31.836 
-0.846 49.454 
-0.803 41.818 
-0.863 54.389 
-0.868 58.161 
-0.829 44.976 
-0.871 59.137 
-0.835 47.077 
-0.787 37.613 
-0.818 42.703 
-0.835 47.077 
-0.861 53.67 
-0.708 30.865 
-0.842 48.894 
-0.826 44.334 
-0.798 38.663 
-0.818 42.703 
-0.826 44.334 
-0.863 54.389 
-0.842 48.894 
-0.81 42.304 
-0.895 68.83 
-0.748 33.164 
-0.803 41.818 
-0.845 49.129 
-0.846 49.454 
-0.868 58.161 
-0.809 42.254 
-0.851 53.565 
-0.711 31.836 
-0.782 37.288 
-0.786 37.564 
-0.708 30.865 
-0.828 44.701 
-0.809 42.254 
-0.87 58.731 
-0.81 42.304 
-0.896 69.197 
-0.828 44.701 
-0.87 58.731 
-0.869 58.389 
-0.897 69.483 
-0.896 69.197 
-0.861 53.67 
-0.786 37.564 
-0.75 37.202 
-0.869 58.389 
-0.897 69.483 
-0.898 69.597 
-0.653 26.747 
-0.7 30.686 
-0.871 59.137 
-0.835 47.077 
-0.798 38.663 
-0.826 44.334 
-0.863 54.389 
-0.842 48.894 
-0.895 68.83 
-0.748 33.164 
-0.803 41.818 
-0.846 49.454 
-0.868 58.161 
-0.782 37.288 
-0.809 42.254 
-0.81 42.304 
-0.87 58.731 
-0.896 69.197 
-0.75 37.202 
-0.869 58.389 
-0.897 69.483 
-0.898 69.597 
-0.653 26.747 
-0.7 30.686 
-0.835 47.077 
-0.871 59.137 
-0.863 54.389 
-0.803 41.818 
-0.846 49.454 
-0.868 58.161 
-0.782 37.288 
-0.748 33.164 
-0.809 42.254 
-0.87 58.731 
-0.75 37.202 
-0.869 58.389 
