-0.653 26.747 
-0.898 69.5 
-0.653 26.747 
-0.7 30.686 
-0.895 68.766 
-0.852 49.317 
-0.761 36.677 
-0.798 38.619 
-0.888 64.145 
-0.871 59.137 
-0.7 30.686 
-0.861 53.67 
-0.889 64.252 
-0.711 31.836 
-0.748 33.164 
-0.863 54.389 
-0.868 58.161 
-0.731 32.136 
-0.803 41.769 
-0.871 59.137 
-0.835 47.077 
-0.888 64.145 
-0.818 42.703 
-0.835 47.077 
-0.739 32.323 
-0.761 36.677 
-0.743 33.065 
-0.748 33.164 
-0.842 48.894 
-0.772 36.836 
-0.861 53.67 
-0.829 44.975 
-0.775 37.245 
-0.826 44.277 
-0.794 37.94 
-0.818 42.703 
-0.852 49.317 
-0.826 44.277 
-0.863 54.389 
-0.732 32.296 
-0.707 30.825 
-0.782 37.288 
-0.845 49.129 
-0.842 48.894 
-0.81 42.304 
-0.829 44.975 
-0.787 37.613 
-0.828 44.589 
-0.889 64.252 
-0.708 30.865 
-0.868 58.161 
-0.794 37.94 
-0.803 41.769 
-0.805 41.773 
-0.711 31.836 
-0.809 42.254 
-0.786 37.564 
-0.782 37.288 
-0.845 49.129 
-0.805 41.773 
-0.772 36.836 
-0.897 69.177 
-0.809 42.254 
-0.897 69.177 
-0.87 58.731 
-0.81 42.304 
-0.708 30.865 
-0.87 58.731 
-0.869 58.389 
-0.787 37.613 
-0.731 32.136 
-0.786 37.564 
-0.869 58.389 
-0.653 26.747 
-0.7 30.686 
-0.871 59.137 
-0.748 33.164 
-0.835 47.077 
-0.861 53.67 
-0.772 36.836 
-0.818 42.703 
-0.852 49.317 
-0.863 54.389 
-0.842 48.894 
-0.829 44.975 
-0.889 64.252 
-0.782 37.288 
-0.868 58.161 
-0.794 37.94 
-0.803 41.769 
-0.711 31.836 
-0.845 49.129 
-0.805 41.773 
-0.809 42.254 
-0.81 42.304 
-0.708 30.865 
-0.87 58.731 
-0.787 37.613 
-0.731 32.136 
-0.786 37.564 
