-0.787 49.864 
-0.592 24.888 
-0.592 24.888 
-0.787 49.864 
-0.642 29.058 
-0.652 29.691 
-0.78 49.718 
-0.764 44.0 
-0.772 45.014 
-0.763 40.303 
-0.742 35.682 
-0.745 38.984 
-0.678 30.361 
-0.692 33.292 
-0.706 34.616 
-0.721 34.678 
-0.687 31.197 
-0.733 35.386 
-0.706 34.616 
-0.678 30.361 
-0.69 33.09 
-0.689 31.631 
-0.77 44.364 
-0.772 45.014 
-0.78 49.718 
-0.728 34.743 
-0.73 35.099 
-0.752 39.258 
-0.756 39.885 
-0.753 39.371 
-0.771 44.862 
-0.742 35.682 
-0.745 38.984 
-0.755 39.802 
-0.763 40.303 
-0.756 39.885 
-0.77 44.364 
-0.729 34.822 
-0.752 39.258 
-0.689 31.631 
-0.688 31.395 
-0.755 39.802 
-0.69 33.09 
-0.688 31.395 
-0.729 34.822 
-0.787 49.864 
-0.772 45.014 
-0.78 49.718 
-0.745 38.984 
-0.729 34.822 
-0.756 39.885 
-0.69 33.09 
-0.752 39.258 
-0.689 31.631 
-0.688 31.395 
-0.78 49.718 
-0.78 49.718 
-0.787 49.864 
-0.78 49.718 
-0.752 39.258 
-0.69 33.09 
-0.745 38.984 
-0.78 49.718 
-0.752 39.258 
-0.756 39.885 
-0.756 39.885 
-0.688 31.395 
-0.78 49.718 
-0.69 33.09 
-0.78 49.718 
-0.752 39.258 
-0.787 49.864 
-0.78 49.718 
-0.78 49.718 
-0.787 49.864 
-0.69 33.09 
-0.772 45.014 
-0.752 39.258 
-0.756 39.885 
-0.787 49.864 
-0.787 49.864 
-0.745 38.984 
-0.756 39.885 
-0.787 49.864 
-0.756 39.885 
-0.745 38.984 
-0.787 49.864 
-0.69 33.09 
-0.78 49.718 
-0.69 33.09 
-0.69 33.09 
-0.78 49.718 
-0.787 49.864 
-0.69 33.09 
-0.752 39.258 
-0.752 39.258 
-0.742 35.682 
-0.752 39.258 
-0.755 39.802 
-0.756 39.885 
