-0.861 60.84 
-0.728 26.455 
-0.861 60.84 
-0.728 26.455 
-0.766 29.926 
-0.73 26.797 
-0.855 56.742 
-0.852 46.304 
-0.843 45.575 
-0.811 34.659 
-0.784 31.16 
-0.825 39.787 
-0.835 40.716 
-0.855 56.742 
-0.82 35.731 
-0.811 34.659 
-0.784 31.16 
-0.835 40.716 
-0.774 30.212 
-0.851 46.116 
-0.828 40.347 
-0.834 40.395 
-0.779 30.433 
-0.82 35.731 
-0.775 30.428 
-0.782 30.823 
-0.852 46.304 
-0.814 34.768 
-0.78 30.756 
-0.851 46.116 
-0.817 35.243 
-0.819 35.686 
-0.818 35.256 
-0.826 39.957 
-0.826 39.957 
-0.828 40.347 
-0.774 30.212 
-0.783 31.083 
-0.816 35.051 
-0.816 35.051 
-0.815 34.881 
-0.815 34.881 
-0.814 34.768 
-0.783 31.083 
-0.78 30.756 
-0.834 40.395 
-0.819 35.686 
-0.818 35.256 
-0.775 30.428 
-0.811 34.659 
-0.811 34.659 
-0.783 31.083 
-0.819 35.686 
-0.826 39.957 
-0.783 31.083 
-0.855 56.742 
-0.783 31.083 
-0.826 39.957 
-0.826 39.957 
-0.826 39.957 
-0.826 39.957 
-0.775 30.428 
-0.826 39.957 
-0.783 31.083 
-0.819 35.686 
-0.851 46.116 
-0.82 35.731 
-0.775 30.428 
-0.78 30.756 
-0.783 31.083 
-0.826 39.957 
-0.783 31.083 
-0.819 35.686 
-0.783 31.083 
-0.783 31.083 
-0.811 34.659 
-0.775 30.428 
-0.811 34.659 
-0.783 31.083 
-0.78 30.756 
-0.819 35.686 
-0.851 46.116 
-0.819 35.686 
-0.783 31.083 
-0.775 30.428 
-0.774 30.212 
-0.784 31.16 
-0.826 39.957 
-0.819 35.686 
-0.826 39.957 
-0.819 35.686 
-0.82 35.731 
-0.784 31.16 
-0.835 40.716 
-0.826 39.957 
-0.811 34.659 
-0.835 40.716 
-0.784 31.16 
-0.835 40.716 
-0.828 40.347 
