-0.89 71.777 
-0.7 24.141 
-0.7 24.141 
-0.89 71.777 
-0.872 61.672 
-0.864 60.312 
-0.873 65.824 
-0.793 39.073 
-0.881 66.796 
-0.847 51.723 
-0.863 56.119 
-0.844 49.807 
-0.844 49.807 
-0.83 45.447 
-0.713 27.819 
-0.83 45.447 
-0.827 44.768 
-0.815 41.373 
-0.726 28.131 
-0.799 40.167 
-0.763 33.409 
-0.703 24.704 
-0.784 35.959 
-0.827 44.768 
-0.815 41.373 
-0.852 54.591 
-0.81 40.351 
-0.716 28.1 
-0.713 27.819 
-0.753 33.011 
-0.703 24.704 
-0.784 35.959 
-0.737 28.789 
-0.881 66.796 
-0.772 34.887 
-0.73 28.692 
-0.778 35.009 
-0.88 66.617 
-0.855 55.338 
-0.862 56.072 
-0.852 54.591 
-0.751 32.685 
-0.746 31.178 
-0.741 30.384 
-0.864 60.312 
-0.767 34.15 
-0.738 29.152 
-0.746 31.178 
-0.78 35.163 
-0.751 32.685 
-0.845 50.919 
-0.773 34.94 
-0.782 35.426 
-0.764 33.748 
-0.738 29.152 
-0.743 30.616 
-0.729 28.371 
-0.88 66.617 
-0.873 65.824 
-0.767 34.15 
-0.862 56.072 
-0.855 55.338 
-0.741 30.384 
-0.794 39.132 
-0.795 39.534 
-0.829 45.279 
-0.744 30.732 
-0.752 32.81 
-0.716 28.1 
-0.853 55.122 
-0.811 40.434 
-0.766 33.909 
-0.702 24.629 
-0.854 55.254 
-0.846 51.282 
-0.796 39.557 
-0.753 33.011 
-0.846 51.282 
-0.845 50.919 
-0.813 40.938 
-0.812 40.604 
-0.702 24.629 
-0.798 39.844 
-0.828 45.072 
-0.783 35.708 
-0.814 41.1 
-0.745 30.986 
-0.783 35.708 
-0.729 28.371 
-0.828 45.072 
-0.745 30.986 
-0.81 40.351 
-0.812 40.604 
-0.814 41.1 
-0.813 40.938 
-0.766 33.909 
-0.797 39.715 
-0.853 55.122 
-0.798 39.844 
-0.797 39.715 
