-0.907 66.185 
-0.725 33.507 
-0.907 66.185 
-0.725 33.507 
-0.905 56.817 
-0.906 66.105 
-0.803 33.901 
-0.76 33.866 
-0.814 38.302 
-0.862 40.87 
-0.806 34.909 
-0.898 55.9 
-0.897 52.165 
-0.881 50.333 
-0.88 46.632 
-0.865 44.24 
-0.743 33.62 
-0.743 33.62 
-0.759 33.822 
-0.845 39.19 
-0.832 39.139 
-0.806 34.909 
-0.825 38.415 
-0.872 45.092 
-0.814 38.302 
-0.886 50.442 
-0.857 40.372 
-0.828 38.939 
-0.875 45.575 
-0.903 56.476 
-0.89 51.04 
-0.849 39.5 
-0.876 46.104 
-0.855 40.027 
-0.903 56.476 
-0.899 55.984 
-0.859 40.846 
-0.845 39.19 
-0.832 39.139 
-0.882 50.379 
-0.852 39.858 
-0.865 44.24 
-0.896 51.824 
-0.888 50.984 
-0.899 55.984 
-0.875 45.575 
-0.869 44.807 
-0.879 46.573 
-0.894 51.572 
-0.828 38.939 
-0.878 46.381 
-0.826 38.583 
-0.866 44.416 
-0.85 39.67 
-0.855 40.027 
-0.852 39.858 
-0.826 38.583 
-0.905 56.817 
-0.897 52.165 
-0.887 50.652 
-0.849 39.5 
-0.868 44.72 
-0.866 44.416 
-0.869 44.807 
-0.892 51.318 
-0.878 46.381 
-0.876 46.104 
-0.868 44.72 
-0.896 51.824 
-0.894 51.572 
-0.858 40.614 
-0.858 40.614 
-0.893 51.351 
-0.892 51.318 
-0.887 50.652 
-0.759 33.822 
-0.85 39.67 
-0.825 38.415 
-0.898 55.9 
-0.906 66.105 
-0.882 50.379 
-0.88 46.632 
-0.888 50.984 
-0.881 50.333 
-0.893 51.351 
-0.859 40.846 
-0.725 33.507 
-0.743 33.62 
-0.806 34.909 
-0.814 38.302 
-0.903 56.476 
-0.845 39.19 
-0.832 39.139 
-0.865 44.24 
-0.759 33.822 
-0.828 38.939 
-0.852 39.858 
-0.826 38.583 
-0.905 56.817 
-0.897 52.165 
