-0.813 31.258 
-0.776 27.007 
-0.916 48.983 
-0.831 31.907 
-0.879 37.66 
-0.905 48.1 
-0.926 59.016 
-0.883 41.562 
-0.84 33.32 
-0.777 27.296 
-0.834 32.488 
-0.831 31.907 
-0.877 37.382 
-0.861 36.697 
-0.907 48.363 
-0.879 37.66 
-0.794 27.868 
-0.886 41.973 
-0.798 31.195 
-0.827 31.375 
-0.838 32.931 
-0.876 37.269 
-0.849 36.487 
-0.776 27.007 
-0.776 27.007 
-0.828 31.485 
-0.776 27.007 
-0.777 27.296 
-0.832 32.005 
-0.9 43.598 
-0.899 43.189 
-0.905 48.1 
-0.834 32.488 
-0.834 32.488 
-0.834 32.488 
-0.777 27.296 
-0.876 37.269 
-0.879 37.66 
-0.887 42.139 
-0.861 36.697 
-0.847 36.18 
-0.791 27.367 
-0.828 31.485 
-0.881 38.129 
-0.838 32.931 
-0.776 27.007 
-0.88 37.755 
-0.89 42.749 
-0.873 36.876 
-0.833 32.415 
-0.834 32.488 
-0.879 37.66 
-0.902 47.645 
-0.874 36.922 
-0.889 42.412 
-0.827 31.375 
-0.84 33.32 
-0.832 32.005 
-0.918 49.466 
-0.829 31.603 
-0.829 31.603 
-0.875 37.249 
