-0.688 40.233 
-0.728 51.003 
-0.65 33.257 
-0.728 51.003 
-0.688 40.233 
-0.654 35.358 
-0.713 45.166 
-0.749 66.22 
-0.727 50.649 
-0.741 56.428 
-0.635 31.163 
-0.678 36.748 
-0.735 51.297 
-0.713 45.166 
-0.728 51.003 
-0.685 39.722 
-0.688 40.233 
-0.71 44.189 
-0.763 70.393 
-0.688 40.233 
-0.65 33.257 
-0.666 35.609 
-0.735 51.297 
-0.728 51.003 
-0.72 45.333 
-0.702 40.331 
-0.705 41.145 
-0.712 44.829 
-0.688 40.233 
-0.685 39.722 
-0.65 33.257 
-0.676 36.421 
-0.706 41.454 
-0.726 45.447 
-0.683 39.163 
-0.678 36.748 
-0.703 40.471 
-0.684 39.378 
-0.65 33.257 
-0.742 61.623 
-0.65 33.257 
-0.65 33.257 
-0.713 45.166 
