-0.9 62.363 
-0.723 27.849 
-0.9 62.363 
-0.897 56.602 
-0.76 29.772 
-0.838 40.25 
-0.899 62.081 
-0.769 30.286 
-0.736 28.07 
-0.887 55.848 
-0.861 45.558 
-0.882 51.895 
-0.876 50.884 
-0.832 36.582 
-0.873 47.25 
-0.808 34.764 
-0.803 31.443 
-0.858 42.598 
-0.785 30.404 
-0.826 35.549 
-0.817 35.355 
-0.789 30.482 
-0.8 30.802 
-0.736 28.07 
-0.733 27.864 
-0.814 35.1 
-0.846 40.401 
-0.89 56.338 
-0.761 29.796 
-0.832 36.582 
-0.887 55.848 
-0.882 51.895 
-0.803 31.443 
-0.852 40.745 
-0.858 42.598 
-0.881 51.558 
-0.808 34.764 
-0.857 42.012 
-0.846 40.401 
-0.829 35.877 
-0.873 47.25 
-0.89 56.338 
-0.878 51.078 
-0.88 51.199 
-0.81 34.777 
-0.85 40.737 
-0.876 50.884 
-0.855 41.519 
-0.854 41.177 
-0.85 40.737 
-0.81 34.777 
-0.8 30.802 
-0.785 30.404 
-0.869 46.207 
-0.857 42.012 
-0.855 41.519 
-0.761 29.796 
-0.802 31.16 
-0.899 62.081 
-0.864 46.005 
-0.788 30.423 
-0.867 46.16 
-0.854 41.177 
-0.733 27.864 
-0.863 45.938 
-0.802 31.16 
-0.867 46.16 
-0.83 36.212 
-0.829 35.877 
-0.872 46.941 
-0.87 46.515 
-0.831 36.286 
-0.872 46.941 
-0.871 46.673 
-0.863 45.938 
-0.871 46.673 
-0.87 46.515 
-0.864 46.005 
-0.831 36.286 
-0.83 36.212 
-0.879 51.144 
-0.879 51.144 
-0.869 46.207 
-0.788 30.423 
-0.9 62.363 
-0.887 55.848 
-0.882 51.895 
-0.858 42.598 
-0.808 34.764 
-0.873 47.25 
-0.846 40.401 
-0.876 50.884 
-0.85 40.737 
-0.785 30.404 
-0.857 42.012 
-0.855 41.519 
-0.761 29.796 
-0.899 62.081 
-0.733 27.864 
-0.802 31.16 
