-0.897 61.577 
-0.723 27.85 
-0.723 27.85 
-0.897 61.577 
-0.791 30.927 
-0.761 29.796 
-0.888 56.916 
-0.881 51.622 
-0.888 56.916 
-0.857 42.336 
-0.874 51.051 
-0.769 30.287 
-0.801 34.805 
-0.873 47.25 
-0.861 45.837 
-0.829 40.094 
-0.761 29.796 
-0.828 37.077 
-0.853 41.807 
-0.769 30.287 
-0.84 40.755 
-0.81 34.949 
-0.846 40.871 
-0.801 34.805 
-0.881 51.622 
-0.825 36.074 
-0.838 40.323 
-0.816 35.666 
-0.849 41.026 
-0.812 35.489 
-0.852 41.087 
-0.869 46.627 
-0.819 35.711 
-0.833 40.275 
-0.865 46.575 
-0.864 46.284 
-0.805 34.822 
-0.819 35.711 
-0.871 46.673 
-0.805 34.822 
-0.861 45.837 
-0.833 40.275 
-0.874 51.051 
-0.863 45.938 
-0.828 37.077 
-0.827 36.548 
-0.812 35.489 
-0.872 46.982 
-0.827 36.548 
-0.826 36.272 
-0.872 46.982 
-0.826 36.272 
-0.829 40.094 
-0.863 45.938 
-0.852 41.087 
-0.865 46.575 
-0.897 61.577 
-0.761 29.796 
-0.769 30.287 
-0.881 51.622 
-0.812 35.489 
-0.805 34.822 
-0.828 37.077 
-0.872 46.982 
-0.861 45.837 
-0.826 36.272 
-0.829 40.094 
-0.863 45.938 
-0.852 41.087 
-0.865 46.575 
-0.897 61.577 
-0.805 34.822 
-0.812 35.489 
-0.826 36.272 
-0.828 37.077 
-0.829 40.094 
-0.872 46.982 
-0.865 46.575 
-0.872 46.982 
-0.865 46.575 
-0.872 46.982 
-0.865 46.575 
-0.865 46.575 
-0.865 46.575 
-0.829 40.094 
-0.829 40.094 
-0.865 46.575 
-0.865 46.575 
-0.865 46.575 
-0.865 46.575 
-0.865 46.575 
-0.872 46.982 
-0.829 40.094 
-0.872 46.982 
-0.872 46.982 
-0.872 46.982 
-0.865 46.575 
-0.897 61.577 
-0.872 46.982 
-0.865 46.575 
