-0.863 56.634 
-0.655 23.67 
-0.863 56.634 
-0.655 23.67 
-0.843 50.556 
-0.838 41.778 
-0.805 34.774 
-0.761 30.481 
-0.719 26.611 
-0.787 30.519 
-0.695 25.547 
-0.719 26.611 
-0.762 30.495 
-0.859 55.677 
-0.741 26.799 
-0.846 52.235 
-0.795 31.432 
-0.676 24.124 
-0.748 27.37 
-0.831 40.445 
-0.821 37.43 
-0.846 52.235 
-0.671 23.704 
-0.859 55.677 
-0.689 25.21 
-0.748 27.37 
-0.689 25.21 
-0.695 25.547 
-0.821 37.43 
-0.831 40.445 
-0.795 31.432 
-0.843 50.556 
-0.791 30.98 
-0.845 51.404 
-0.742 26.968 
-0.838 41.778 
-0.845 51.404 
-0.818 36.954 
-0.746 27.146 
-0.862 56.313 
-0.862 56.313 
-0.816 36.383 
-0.811 35.619 
-0.814 36.119 
-0.811 35.619 
-0.814 36.119 
-0.836 41.503 
-0.674 23.897 
-0.82 37.13 
-0.834 40.908 
-0.788 30.648 
-0.671 23.704 
-0.807 35.001 
-0.818 36.954 
-0.788 30.648 
-0.832 40.61 
-0.835 41.198 
-0.793 31.15 
-0.834 40.908 
-0.832 40.61 
-0.835 41.198 
-0.836 41.503 
-0.816 36.383 
-0.807 35.001 
-0.81 35.408 
-0.674 23.897 
-0.741 26.799 
-0.808 35.185 
-0.746 27.146 
-0.82 37.13 
-0.815 36.291 
-0.793 31.15 
-0.809 35.35 
-0.808 35.185 
-0.747 27.309 
-0.675 24.04 
-0.794 31.292 
-0.794 31.292 
-0.815 36.291 
-0.675 24.04 
-0.747 27.309 
-0.81 35.408 
-0.809 35.35 
-0.762 30.495 
-0.655 23.67 
-0.863 56.634 
-0.719 26.611 
-0.846 52.235 
-0.859 55.677 
-0.748 27.37 
-0.762 30.495 
-0.689 25.21 
-0.695 25.547 
-0.821 37.43 
-0.831 40.445 
-0.843 50.556 
-0.795 31.432 
-0.845 51.404 
-0.811 35.619 
-0.814 36.119 
