P=? [ F (x=9&y=9&crashed=0) ]	R{"cost"}=? [ C<=100 ]
0.611	20.122
0.91	109.477
0.91	109.477
0.611	20.122
0.909	88.805
0.9	68.295
0.909	88.805
0.666	21.418
0.612	20.168
0.891	63.546
0.719	24.923
0.686	24.834
0.9	68.295
0.869	51.853
0.666	21.418
0.685	24.725
0.889	58.478
0.881	53.431
0.89	58.665
0.83	37.743
0.864	47.417
0.736	25.347
0.722	25.315
0.753	29.277
0.879	52.268
0.752	26.667
0.685	24.725
0.835	40.989
0.852	45.412
0.847	42.226
0.863	46.94
0.781	30.08
0.77	29.931
0.837	41.726
0.81	35.975
0.853	45.591
0.814	37.323
0.846	42.0
0.829	37.609
0.759	29.779
0.881	53.431
0.889	58.478
0.79	33.002
0.821	37.518
0.802	35.155
0.82	37.384
0.797	34.22
0.766	29.876
0.742	25.432
0.864	47.417
0.869	51.853
0.758	29.397
0.736	25.347
0.788	32.451
0.786	30.955
0.847	42.226
0.852	45.412
0.863	46.94
0.853	45.591
0.835	40.989
0.612	20.168
0.797	34.22
0.79	33.002
0.748	26.291
0.81	35.975
0.802	35.155
0.812	36.778
0.77	29.931
0.8	35.134
0.766	29.876
0.88	53.13
0.789	32.548
0.812	36.778
0.798	34.399
0.785	30.827
0.782	30.163
0.785	30.827
0.782	30.163
0.747	26.057
0.836	41.126
0.744	25.729
0.744	25.729
0.798	34.399
0.786	30.955
0.879	52.268
0.721	25.232
0.788	32.451
0.746	25.963
0.742	25.432
0.752	26.667
0.748	26.291
0.8	35.134
0.88	53.13
0.72	25.217
0.846	42.0
0.837	41.726
0.746	25.963
0.89	58.665
0.781	30.08
0.836	41.126
