-0.81 35.454 
-0.712 26.41 
-0.712 26.41 
-0.712 26.41 
-0.835 37.061 
-0.712 26.41 
-0.863 46.669 
-0.863 46.669 
-0.87 46.694 
-0.872 47.3 
-0.774 29.846 
-0.712 26.41 
-0.663 23.574 
-0.779 30.362 
-0.805 35.002 
-0.88 57.097 
-0.836 37.2 
-0.843 41.365 
-0.712 26.41 
-0.844 41.697 
-0.871 46.965 
-0.705 26.1 
-0.87 46.694 
-0.774 29.846 
-0.859 41.721 
-0.799 31.596 
-0.829 36.308 
-0.781 30.565 
-0.843 41.365 
-0.827 35.655 
-0.859 41.721 
-0.87 46.694 
-0.705 26.1 
-0.861 42.526 
-0.826 35.486 
-0.767 29.684 
-0.844 41.697 
-0.844 41.697 
-0.712 26.41 
-0.836 37.2 
-0.83 36.863 
-0.87 46.694 
-0.819 35.484 
-0.711 26.362 
-0.859 41.721 
-0.87 46.694 
-0.87 46.694 
-0.863 46.669 
-0.863 46.669 
-0.678 24.875 
-0.663 23.574 
-0.712 26.41 
-0.774 29.846 
-0.712 26.41 
-0.844 41.697 
-0.806 35.061 
-0.782 30.589 
-0.766 29.55 
-0.837 40.277 
-0.705 26.1 
-0.712 26.41 
-0.859 41.721 
-0.712 26.41 
-0.749 28.285 
-0.796 30.87 
-0.859 41.721 
-0.87 46.694 
-0.879 52.145 
-0.844 41.697 
-0.843 41.365 
-0.844 41.697 
-0.844 41.697 
