-0.81 35.454 
-0.712 26.41 
-0.712 26.41 
-0.712 26.41 
-0.796 34.851 
-0.79 31.636 
-0.835 37.061 
-0.712 26.41 
-0.863 46.669 
-0.863 46.669 
-0.837 40.442 
-0.837 40.442 
-0.782 30.649 
-0.79 31.636 
-0.87 46.694 
-0.872 47.3 
-0.828 37.016 
-0.782 30.649 
-0.746 28.839 
-0.677 24.89 
-0.795 34.719 
-0.774 29.846 
-0.712 26.41 
-0.837 40.442 
-0.663 23.574 
-0.827 35.703 
-0.779 30.362 
-0.745 28.833 
-0.805 35.002 
-0.799 34.991 
-0.88 57.097 
-0.737 28.298 
-0.836 37.2 
-0.738 28.308 
-0.796 34.851 
-0.861 42.528 
-0.843 41.365 
-0.828 37.016 
-0.712 26.41 
-0.79 31.636 
-0.844 41.697 
-0.871 46.965 
-0.781 30.585 
-0.705 26.1 
-0.827 35.703 
-0.79 31.636 
-0.795 34.719 
-0.806 35.109 
-0.818 35.576 
-0.87 46.694 
-0.677 24.89 
-0.78 30.581 
-0.774 29.846 
-0.799 34.991 
-0.818 35.576 
-0.859 41.721 
