-0.65 23.853 
-0.65 23.853 
-0.78 54.737 
-0.773 48.995 
-0.671 25.13 
-0.704 31.833 
-0.763 48.159 
-0.757 44.205 
-0.727 37.009 
-0.743 42.485 
-0.676 27.351 
-0.664 24.578 
-0.679 27.791 
-0.699 28.969 
-0.653 24.323 
-0.722 34.454 
-0.69 28.005 
-0.742 39.938 
-0.74 39.705 
-0.751 43.117 
-0.728 37.187 
-0.756 43.924 
-0.772 48.795 
-0.765 48.752 
-0.749 42.515 
-0.71 32.44 
-0.757 44.205 
-0.736 38.267 
-0.734 37.87 
-0.763 48.159 
-0.718 33.636 
-0.722 34.454 
-0.714 33.324 
-0.699 28.969 
-0.666 24.98 
-0.652 23.973 
-0.736 38.267 
-0.706 32.257 
-0.713 32.872 
-0.734 37.87 
-0.705 32.084 
-0.693 28.534 
-0.696 28.574 
-0.698 28.782 
-0.75 42.619 
-0.677 27.431 
-0.697 28.67 
-0.764 48.358 
-0.711 32.815 
-0.721 34.121 
-0.714 33.324 
-0.653 24.323 
-0.665 24.817 
-0.692 28.414 
-0.691 28.179 
-0.72 33.93 
-0.719 33.703 
-0.69 28.005 
-0.735 38.07 
-0.764 48.358 
-0.735 38.07 
-0.721 34.121 
-0.72 33.93 
-0.706 32.257 
-0.678 27.609 
-0.678 27.609 
-0.691 28.179 
-0.665 24.817 
-0.666 24.98 
-0.742 39.938 
-0.741 39.812 
-0.692 28.414 
-0.741 39.812 
-0.75 42.619 
-0.719 33.703 
-0.765 48.752 
-0.696 28.574 
-0.693 28.534 
-0.712 32.837 
-0.743 42.485 
-0.712 32.837 
-0.711 32.815 
-0.65 23.853 
-0.757 44.205 
-0.763 48.159 
-0.722 34.454 
-0.699 28.969 
-0.653 24.323 
-0.714 33.324 
-0.69 28.005 
-0.764 48.358 
-0.735 38.07 
-0.721 34.121 
-0.691 28.179 
-0.666 24.98 
-0.742 39.938 
-0.692 28.414 
-0.678 27.609 
-0.75 42.619 
-0.719 33.703 
