-0.713 34.017 
-0.706 32.52 
-0.726 37.319 
-0.742 42.309 
-0.779 57.497 
-0.742 42.309 
-0.763 48.798 
-0.665 24.885 
-0.771 49.171 
-0.665 24.885 
-0.75 43.471 
-0.692 28.463 
-0.754 44.341 
-0.743 42.642 
-0.742 42.309 
-0.684 28.221 
-0.72 34.153 
-0.75 43.471 
-0.722 37.154 
-0.713 34.017 
-0.677 27.642 
-0.72 34.153 
-0.698 28.859 
-0.742 42.309 
-0.713 34.017 
-0.713 34.017 
-0.736 38.537 
-0.754 44.341 
-0.754 44.341 
-0.677 27.642 
-0.75 43.471 
-0.757 44.518 
-0.749 42.814 
-0.727 37.47 
-0.699 28.969 
-0.682 28.015 
-0.698 28.859 
-0.665 24.885 
-0.712 32.837 
-0.7 32.168 
-0.735 38.298 
-0.713 34.017 
-0.713 34.017 
-0.742 42.309 
-0.705 32.382 
-0.711 32.836 
-0.728 37.543 
-0.743 42.642 
-0.742 42.309 
-0.732 38.156 
-0.72 34.153 
-0.713 34.017 
-0.721 34.304 
-0.691 28.32 
-0.75 43.471 
-0.741 42.001 
