P=? [ F (x=9&y=9&crashed=0) ]	R{"cost"}=? [ C<=100 ]
0.722	25.585
0.907	53.47
0.907	53.47
0.722	25.585
0.905	52.9
0.726	25.806
0.753	26.621
0.753	26.621
0.899	48.994
0.793	30.795
0.842	35.715
0.832	32.333
0.787	27.452
0.775	26.7
0.885	46.824
0.882	43.679
0.816	30.989
0.797	30.912
0.858	40.578
0.857	38.416
0.889	47.801
0.842	35.715
0.832	32.333
0.726	25.806
0.899	48.994
0.857	38.416
0.856	37.342
0.895	48.043
0.868	41.74
0.861	41.03
0.843	35.756
0.787	27.452
0.793	30.795
0.775	26.7
0.816	30.989
0.822	31.058
0.781	26.743
0.863	41.335
0.906	52.954
0.882	43.679
0.885	46.824
0.888	47.299
0.873	41.811
0.853	36.579
0.848	35.834
0.867	41.618
0.875	41.842
0.886	47.21
0.831	32.293
0.898	48.486
0.879	42.786
0.878	42.304
0.85	35.999
0.896	48.347
0.784	27.046
0.825	31.395
0.863	41.335
0.784	27.046
0.881	43.281
0.852	36.191
0.855	37.047
0.854	36.667
0.825	31.395
0.881	43.281
0.88	42.921
0.851	36.176
0.827	31.607
0.83	31.969
0.849	35.85
0.86	40.727
0.856	37.342
0.786	27.341
0.855	37.047
0.897	48.348
0.823	31.11
0.867	41.618
0.786	27.341
0.782	26.789
0.895	48.043
0.795	30.885
0.876	42.076
0.797	30.912
0.873	41.811
0.878	42.304
0.877	42.086
0.827	31.607
0.823	31.11
0.782	26.789
0.828	31.796
0.795	30.885
0.898	48.486
0.88	42.921
0.879	42.786
0.829	31.904
0.828	31.796
0.86	40.727
0.859	40.632
0.888	47.299
0.886	47.21
0.854	36.667
