-0.802 39.153 
-0.802 39.153 
-0.764 30.16 
-0.798 39.12 
-0.734 29.941 
-0.802 39.153 
-0.802 39.153 
-0.774 34.513 
-0.856 51.515 
-0.792 35.245 
-0.718 28.735 
-0.853 51.293 
-0.816 40.574 
-0.768 34.321 
-0.84 45.794 
-0.856 51.515 
-0.733 29.328 
-0.697 27.295 
-0.795 35.865 
-0.814 40.274 
-0.774 34.513 
-0.774 34.513 
-0.83 45.337 
-0.768 34.321 
-0.656 26.948 
-0.831 45.347 
-0.811 39.901 
-0.814 40.274 
-0.808 39.721 
-0.802 39.153 
-0.798 39.12 
-0.782 34.642 
-0.807 39.654 
-0.783 34.694 
-0.802 39.153 
-0.771 34.356 
-0.677 27.044 
-0.764 30.16 
-0.697 27.295 
-0.828 45.123 
-0.689 27.293 
-0.802 39.153 
-0.853 51.293 
-0.742 29.969 
-0.802 39.153 
-0.798 39.12 
-0.782 34.642 
-0.856 51.515 
-0.768 34.321 
-0.807 39.654 
-0.798 39.12 
-0.73 29.112 
-0.775 34.635 
-0.814 40.274 
-0.802 39.153 
-0.774 34.513 
-0.729 28.878 
-0.767 30.511 
-0.806 39.361 
-0.732 29.187 
-0.71 27.716 
-0.807 39.654 
-0.775 34.635 
-0.797 38.962 
-0.774 34.513 
-0.853 51.293 
