-0.743 30.819 
-0.873 48.395 
-0.752 30.875 
-0.842 36.487 
-0.897 58.402 
-0.74 30.544 
-0.854 41.735 
-0.871 43.354 
-0.891 49.153 
-0.809 35.879 
-0.752 30.875 
-0.763 31.045 
-0.752 30.875 
-0.74 30.544 
-0.737 26.925 
-0.763 31.045 
-0.844 36.83 
-0.87 43.037 
-0.809 35.879 
-0.826 35.883 
-0.743 30.819 
-0.872 48.187 
-0.846 38.294 
-0.743 30.819 
-0.809 35.879 
-0.743 30.819 
-0.74 30.544 
-0.809 35.879 
-0.801 31.145 
-0.873 48.395 
-0.856 42.977 
-0.871 43.354 
-0.827 36.453 
-0.891 49.153 
