P=? [ F (x=9&y=9&crashed=0) ]	R{"cost"}=? [ C<=100 ]
0.899	57.641
0.663	23.24
0.899	57.641
0.663	23.24
0.89	57.02
0.882	52.033
0.793	31.392
0.731	28.987
0.757	29.18
0.877	50.828
0.865	47.191
0.763	30.294
0.685	23.309
0.716	26.753
0.799	34.528
0.782	30.347
0.853	45.222
0.848	42.652
0.824	37.364
0.825	39.475
0.704	26.521
0.877	50.828
0.719	28.297
0.898	57.308
0.865	47.191
0.882	52.033
0.89	57.02
0.697	25.101
0.86	45.862
0.863	46.587
0.692	24.571
0.699	25.799
0.828	39.84
0.758	29.449
0.787	30.46
0.855	45.784
0.703	25.924
0.805	34.653
0.789	30.963
0.853	45.222
0.845	41.806
0.8	34.529
0.834	40.281
0.816	35.934
0.691	23.97
0.727	28.556
0.841	41.336
0.823	37.103
0.81	35.586
0.723	28.481
0.761	29.833
0.864	47.182
0.828	39.84
0.799	34.528
0.847	42.649
0.69	23.889
0.854	45.511
0.881	51.706
0.809	35.527
0.697	25.101
0.688	23.544
0.782	30.347
0.838	41.052
0.862	46.131
0.842	41.642
0.729	28.576
0.834	40.281
0.848	42.652
0.846	42.069
0.839	41.133
0.789	30.963
0.73	28.862
0.692	24.571
0.761	29.833
0.716	26.753
0.879	51.103
0.806	35.093
0.819	36.316
0.836	40.394
0.821	36.454
0.722	28.368
0.837	40.661
0.822	36.713
0.688	23.544
0.88	51.477
0.825	39.475
0.719	28.297
0.685	23.309
0.807	35.177
0.816	35.934
0.81	35.586
0.819	36.316
0.817	36.038
0.879	51.103
0.699	25.799
0.862	46.131
0.837	40.661
0.846	42.069
0.822	36.713
0.787	30.46
