-0.872 62.008 
-0.687 23.947 
-0.872 62.008 
-0.687 23.947 
-0.747 30.332 
-0.698 27.889 
-0.757 33.626 
-0.852 55.725 
-0.847 50.703 
-0.856 57.429 
-0.818 44.747 
-0.727 29.324 
-0.776 34.757 
-0.69 24.314 
-0.843 49.808 
-0.831 46.26 
-0.814 41.231 
-0.794 39.195 
-0.783 35.869 
-0.856 57.429 
-0.76 34.141 
-0.747 30.332 
-0.798 40.055 
-0.711 27.957 
-0.811 40.504 
-0.843 49.808 
-0.831 46.26 
-0.783 35.869 
-0.794 39.195 
-0.853 55.861 
-0.69 24.314 
-0.819 44.931 
-0.698 27.889 
-0.827 45.057 
-0.718 28.144 
-0.855 57.209 
-0.711 27.957 
-0.814 41.231 
-0.727 29.324 
-0.852 55.725 
-0.847 50.703 
-0.83 46.133 
-0.829 45.241 
-0.726 28.716 
-0.718 28.144 
-0.722 28.329 
-0.76 34.141 
-0.812 40.617 
-0.813 40.767 
-0.811 40.504 
-0.798 40.055 
-0.846 50.569 
-0.845 50.134 
-0.855 57.209 
-0.724 28.467 
-0.722 28.329 
-0.797 39.754 
-0.782 35.619 
-0.797 39.754 
-0.796 39.513 
-0.759 33.945 
-0.758 33.705 
-0.779 35.152 
-0.778 34.94 
-0.796 39.513 
-0.795 39.305 
-0.781 35.47 
-0.78 35.268 
-0.759 33.945 
-0.725 28.653 
-0.777 34.929 
-0.844 49.974 
-0.845 50.134 
-0.844 49.974 
-0.829 45.241 
-0.828 45.086 
-0.813 40.767 
-0.782 35.619 
-0.781 35.47 
-0.724 28.467 
-0.846 50.569 
-0.83 46.133 
-0.827 45.057 
-0.819 44.931 
-0.78 35.268 
-0.779 35.152 
-0.795 39.305 
-0.758 33.705 
-0.725 28.653 
-0.828 45.086 
-0.778 34.94 
-0.777 34.929 
-0.872 62.008 
-0.856 57.429 
-0.843 49.808 
-0.831 46.26 
-0.783 35.869 
-0.794 39.195 
-0.711 27.957 
-0.727 29.324 
