-0.802 40.672 
-0.797 40.56 
-0.802 40.672 
-0.852 55.736 
-0.794 39.492 
-0.797 40.56 
-0.797 40.56 
-0.796 39.942 
-0.749 33.913 
-0.668 24.801 
-0.668 24.801 
-0.759 34.029 
-0.649 24.577 
-0.714 28.44 
-0.636 24.422 
-0.797 40.56 
-0.769 35.335 
-0.768 35.137 
-0.761 34.877 
-0.819 44.931 
-0.797 40.56 
-0.802 40.672 
-0.768 35.137 
-0.797 40.56 
-0.855 57.382 
-0.778 35.359 
-0.73 31.114 
-0.802 40.672 
-0.796 39.942 
-0.802 40.672 
-0.829 45.701 
-0.725 30.591 
-0.783 35.871 
-0.746 33.822 
-0.82 45.625 
-0.701 28.225 
-0.797 40.56 
-0.781 35.667 
-0.783 35.871 
-0.715 28.595 
-0.761 34.877 
-0.844 50.001 
-0.787 39.384 
-0.797 40.56 
-0.802 40.672 
-0.813 44.598 
-0.636 24.422 
-0.812 40.681 
-0.742 31.187 
-0.802 40.672 
-0.814 44.823 
-0.744 31.614 
-0.76 34.759 
-0.712 28.288 
-0.794 39.492 
-0.829 45.701 
-0.795 39.811 
-0.688 28.087 
-0.829 45.701 
-0.778 35.359 
-0.778 35.359 
-0.797 40.56 
-0.749 33.913 
