-0.682 27.427 
-0.821 57.148 
-0.821 57.148 
-0.813 52.121 
-0.818 56.659 
-0.695 28.452 
-0.798 46.36 
-0.7 30.889 
-0.687 27.447 
-0.784 44.771 
-0.798 46.36 
-0.731 35.189 
-0.783 41.771 
-0.762 39.645 
-0.725 32.54 
-0.759 37.506 
-0.73 33.252 
-0.771 40.15 
-0.789 45.245 
-0.729 32.912 
-0.716 31.546 
-0.781 41.502 
-0.758 37.375 
-0.796 46.211 
-0.765 39.994 
-0.707 31.098 
-0.753 37.171 
-0.743 35.971 
-0.789 45.245 
-0.775 41.351 
-0.737 35.279 
-0.773 40.653 
-0.71 31.358 
-0.7 30.889 
-0.748 36.134 
-0.796 46.211 
-0.82 57.053 
-0.721 32.104 
-0.774 41.245 
-0.759 37.506 
-0.762 39.645 
-0.782 41.558 
-0.764 39.733 
-0.721 32.104 
-0.742 35.589 
-0.73 33.252 
-0.787 44.939 
-0.786 44.835 
-0.787 44.939 
-0.772 40.348 
-0.75 36.552 
-0.749 36.257 
-0.752 37.131 
-0.751 36.838 
-0.72 31.986 
-0.719 31.698 
-0.751 36.838 
-0.75 36.552 
-0.74 35.49 
-0.738 35.325 
-0.783 41.771 
-0.707 31.098 
-0.709 31.344 
-0.708 31.141 
-0.772 40.348 
-0.71 31.358 
-0.74 35.49 
-0.738 35.325 
-0.748 36.134 
-0.743 35.971 
-0.765 39.994 
-0.775 41.351 
-0.749 36.257 
-0.72 31.986 
-0.774 41.245 
-0.718 31.693 
-0.717 31.594 
-0.797 46.264 
-0.737 35.279 
-0.731 35.189 
-0.764 39.733 
-0.741 35.555 
-0.786 44.835 
-0.784 44.771 
-0.797 46.264 
-0.717 31.594 
-0.708 31.141 
-0.752 37.131 
-0.742 35.589 
-0.741 35.555 
-0.709 31.344 
-0.719 31.698 
-0.718 31.693 
-0.798 46.36 
-0.7 30.889 
-0.762 39.645 
-0.721 32.104 
-0.787 44.939 
-0.75 36.552 
-0.752 37.131 
