-0.74 25.458 
-0.945 53.999 
-0.945 53.999 
-0.944 53.706 
-0.928 48.294 
-0.917 38.947 
-0.936 48.906 
-0.927 43.899 
-0.75 26.31 
-0.778 26.774 
-0.923 42.784 
-0.81 30.907 
-0.837 31.161 
-0.888 36.76 
-0.885 33.321 
-0.855 32.002 
-0.871 32.11 
-0.802 29.719 
-0.747 25.805 
-0.799 28.16 
-0.935 48.396 
-0.936 48.906 
-0.926 43.326 
-0.874 32.158 
-0.913 38.112 
-0.899 37.307 
-0.909 38.093 
-0.842 31.188 
-0.837 31.161 
-0.923 42.784 
-0.883 32.96 
-0.907 37.725 
-0.785 27.234 
-0.75 26.31 
-0.847 31.61 
-0.903 37.603 
-0.851 31.713 
-0.893 37.115 
-0.881 32.779 
-0.797 28.083 
-0.79 27.492 
-0.876 32.41 
-0.916 38.639 
-0.804 29.992 
-0.894 37.143 
-0.899 37.307 
-0.925 42.997 
-0.927 43.899 
-0.903 37.603 
-0.851 31.713 
-0.791 27.786 
-0.781 27.033 
-0.778 26.774 
-0.806 30.318 
-0.846 31.536 
-0.915 38.473 
-0.809 30.845 
-0.808 30.494 
-0.879 32.702 
-0.888 36.76 
-0.781 27.033 
-0.844 31.491 
-0.779 26.968 
-0.884 33.287 
-0.788 27.423 
-0.807 30.334 
-0.885 33.321 
-0.89 36.855 
-0.794 27.868 
-0.805 30.033 
-0.914 38.392 
-0.908 37.819 
-0.89 36.855 
-0.81 30.907 
-0.889 36.824 
-0.877 32.495 
-0.879 32.702 
-0.798 28.105 
-0.794 27.868 
-0.788 27.423 
-0.792 27.836 
-0.877 32.495 
-0.843 31.29 
-0.786 27.237 
-0.793 27.855 
-0.894 37.143 
-0.808 30.494 
-0.786 27.237 
-0.924 42.888 
-0.924 42.888 
-0.928 48.294 
-0.843 31.29 
-0.908 37.819 
-0.914 38.392 
-0.779 26.968 
-0.809 30.845 
-0.844 31.491 
-0.805 30.033 
-0.884 33.287 
-0.75 26.31 
