-0.759 27.653 
-0.935 58.816 
-0.935 58.816 
-0.759 27.653 
-0.925 53.13 
-0.919 43.99 
-0.804 31.193 
-0.841 31.253 
-0.926 53.309 
-0.905 42.252 
-0.901 38.279 
-0.856 31.288 
-0.764 27.677 
-0.886 36.403 
-0.776 30.739 
-0.8 30.979 
-0.78 30.95 
-0.881 32.884 
-0.841 31.253 
-0.856 31.288 
-0.871 32.58 
-0.776 30.739 
-0.764 27.677 
-0.926 53.309 
-0.897 37.116 
-0.871 32.58 
-0.919 43.99 
-0.889 36.505 
-0.907 42.339 
-0.896 37.081 
-0.914 42.958 
-0.925 53.13 
-0.88 32.835 
-0.874 32.657 
-0.901 38.279 
-0.9 37.951 
-0.886 36.403 
-0.881 32.884 
-0.9 37.951 
-0.918 43.655 
-0.916 43.006 
-0.914 42.958 
-0.907 42.339 
-0.804 31.193 
-0.896 37.081 
-0.889 36.505 
-0.8 30.979 
-0.78 30.95 
-0.918 43.655 
-0.888 36.457 
-0.916 43.006 
-0.88 32.835 
-0.874 32.657 
-0.888 36.457 
-0.906 42.298 
-0.906 42.298 
-0.873 32.633 
-0.872 32.603 
-0.915 42.977 
-0.873 32.633 
-0.872 32.603 
-0.915 42.977 
-0.759 27.653 
-0.935 58.816 
-0.841 31.253 
-0.856 31.288 
-0.776 30.739 
-0.764 27.677 
-0.871 32.58 
-0.919 43.99 
-0.925 53.13 
-0.901 38.279 
-0.906 42.298 
-0.9 37.951 
-0.914 42.958 
-0.907 42.339 
-0.804 31.193 
-0.896 37.081 
-0.889 36.505 
-0.8 30.979 
-0.78 30.95 
-0.916 43.006 
-0.874 32.657 
-0.888 36.457 
-0.873 32.633 
-0.915 42.977 
-0.759 27.653 
-0.935 58.816 
-0.841 31.253 
-0.856 31.288 
-0.776 30.739 
-0.764 27.677 
-0.871 32.58 
-0.888 36.457 
-0.919 43.99 
-0.901 38.279 
-0.906 42.298 
-0.9 37.951 
-0.907 42.339 
-0.804 31.193 
