P=? [ F (x=9&y=9&crashed=0) ]	R{"cost"}=? [ C<=100 ]
-0.0	0.0
0.949	99.648
-0.0	0.0
0.949	99.648
0.605	19.846
0.948	68.445
0.605	19.846
0.621	20.577
0.706	23.534
0.946	58.948
0.944	53.693
0.948	68.445
0.947	63.507
0.943	53.22
0.946	58.948
0.947	63.507
0.621	20.577
0.92	42.758
0.937	49.42
0.929	47.964
0.928	44.192
0.887	36.916
0.884	33.282
0.918	39.207
0.706	23.534
0.734	24.306
0.823	28.103
0.825	30.579
0.757	25.118
0.734	24.306
0.712	24.183
0.781	26.942
0.8	27.071
0.848	31.183
0.833	31.069
0.775	26.513
0.761	25.552
0.874	31.854
0.888	37.019
0.775	26.513
0.899	37.074
0.863	31.838
0.757	25.118
0.937	49.42
0.761	25.552
0.91	37.71
0.852	31.594
0.924	42.933
0.808	27.537
0.926	43.523
0.905	37.641
0.76	25.509
0.821	28.09
0.934	48.35
0.826	30.694
0.925	43.222
0.935	48.629
0.916	38.574
0.902	37.384
0.93	48.306
0.86	31.697
0.804	27.085
0.944	53.693
0.85	31.252
0.911	38.062
0.915	38.29
0.815	27.774
0.813	27.642
0.884	33.282
0.883	32.947
0.914	38.117
0.83	30.861
0.818	27.778
0.9	37.116
0.878	32.345
0.71	23.935
0.936	48.933
0.779	26.779
0.903	37.579
0.8	27.071
0.918	39.207
0.879	32.462
0.876	32.158
0.71	23.935
0.856	31.613
0.88	32.65
0.805	27.37
0.83	30.861
0.807	27.381
0.779	26.779
0.927	43.893
0.711	24.113
0.929	47.964
0.917	38.868
0.856	31.613
0.833	31.069
0.887	36.916
0.936	48.933
0.928	44.192
0.927	43.893
