-0.591 24.337 
-0.819 61.14 
-0.591 24.337 
-0.819 61.14 
-0.735 35.44 
-0.702 33.98 
-0.678 30.91 
-0.758 40.427 
-0.795 54.851 
-0.748 39.568 
-0.619 27.326 
-0.775 48.522 
-0.652 29.122 
-0.619 27.326 
-0.811 56.739 
-0.661 30.876 
-0.794 50.565 
-0.802 55.002 
-0.767 44.157 
-0.693 31.442 
-0.733 35.295 
-0.634 27.818 
-0.774 45.679 
-0.652 29.122 
-0.718 34.84 
-0.716 34.354 
-0.632 27.448 
-0.748 39.568 
-0.694 31.78 
-0.81 56.533 
-0.767 44.157 
-0.694 31.78 
-0.634 27.818 
-0.81 56.533 
-0.811 56.739 
-0.661 30.876 
-0.779 49.749 
-0.786 50.298 
-0.793 50.363 
-0.755 39.872 
-0.785 50.094 
-0.78 49.947 
-0.772 45.202 
-0.768 44.353 
-0.772 45.202 
-0.779 49.749 
-0.768 44.353 
-0.717 34.572 
-0.773 45.481 
-0.756 40.065 
-0.757 40.237 
-0.718 34.84 
-0.716 34.354 
-0.755 39.872 
-0.632 27.448 
-0.794 50.565 
-0.774 45.679 
-0.795 54.851 
-0.793 50.363 
-0.786 50.298 
-0.819 61.14 
-0.591 24.337 
-0.619 27.326 
-0.748 39.568 
-0.81 56.533 
-0.795 54.851 
-0.767 44.157 
-0.694 31.78 
-0.811 56.739 
-0.661 30.876 
-0.779 49.749 
-0.774 45.679 
-0.718 34.84 
-0.716 34.354 
-0.755 39.872 
-0.632 27.448 
-0.793 50.363 
-0.786 50.298 
-0.819 61.14 
-0.591 24.337 
-0.619 27.326 
-0.748 39.568 
-0.81 56.533 
-0.795 54.851 
-0.767 44.157 
-0.694 31.78 
-0.661 30.876 
-0.779 49.749 
-0.718 34.84 
-0.716 34.354 
-0.632 27.448 
-0.793 50.363 
-0.819 61.14 
-0.591 24.337 
-0.619 27.326 
-0.748 39.568 
-0.81 56.533 
-0.795 54.851 
-0.661 30.876 
-0.694 31.78 
