-0.819 61.14 
-0.819 61.14 
-0.604 24.113 
-0.777 44.687 
-0.817 60.564 
-0.795 54.851 
-0.784 48.903 
-0.794 50.565 
-0.661 30.876 
-0.746 39.495 
-0.735 35.44 
-0.626 27.224 
-0.703 33.944 
-0.626 27.224 
-0.811 56.739 
-0.767 44.157 
-0.758 40.427 
-0.678 30.91 
-0.641 27.593 
-0.693 31.442 
-0.704 34.164 
-0.678 30.91 
-0.73 34.852 
-0.694 31.78 
-0.718 34.84 
-0.802 54.878 
-0.716 34.354 
-0.786 49.955 
-0.784 48.903 
-0.652 29.122 
-0.735 35.44 
-0.641 27.593 
-0.746 39.495 
-0.694 31.78 
-0.652 29.122 
-0.654 29.387 
-0.632 27.448 
-0.767 44.157 
-0.758 40.427 
-0.776 44.49 
-0.768 44.352 
-0.654 29.387 
-0.793 50.363 
-0.808 55.967 
-0.661 30.876 
-0.808 55.967 
-0.811 56.739 
-0.632 27.448 
-0.802 54.878 
-0.749 39.691 
-0.754 39.776 
-0.786 49.955 
-0.733 35.218 
-0.733 35.218 
-0.693 31.442 
-0.793 50.363 
-0.81 56.533 
-0.809 56.173 
-0.73 34.852 
-0.748 39.568 
-0.717 34.572 
-0.717 34.572 
-0.809 56.173 
-0.81 56.533 
-0.794 50.565 
-0.756 40.065 
-0.757 40.234 
-0.755 39.872 
-0.716 34.354 
-0.757 40.234 
-0.756 40.065 
-0.776 44.49 
-0.768 44.352 
-0.755 39.872 
-0.754 39.776 
-0.749 39.691 
-0.748 39.568 
-0.795 54.851 
-0.718 34.84 
-0.819 61.14 
-0.626 27.224 
-0.678 30.91 
-0.735 35.44 
-0.652 29.122 
-0.746 39.495 
-0.694 31.78 
-0.767 44.157 
-0.758 40.427 
-0.811 56.739 
-0.654 29.387 
-0.661 30.876 
-0.632 27.448 
-0.802 54.878 
-0.786 49.955 
-0.693 31.442 
-0.733 35.218 
-0.793 50.363 
-0.717 34.572 
-0.809 56.173 
-0.81 56.533 
