P=? [ F (x=9&y=9&crashed=0) ]	R{"cost"}=? [ C<=100 ]
0.63	19.732
0.9	91.686
0.9	91.686
0.63	19.732
0.681	23.119
0.631	19.769
0.899	86.762
0.855	55.058
0.856	64.273
0.883	80.515
0.89	81.629
0.847	53.897
0.869	69.529
0.861	65.122
0.823	44.673
0.878	74.34
0.873	70.623
0.681	23.119
0.701	27.031
0.716	27.149
0.882	76.835
0.844	49.695
0.838	46.108
0.846	50.416
0.77	33.39
0.822	41.556
0.631	19.769
0.795	38.418
0.791	35.133
0.695	26.896
0.759	32.901
0.728	27.831
0.89	81.629
0.738	28.341
0.833	45.263
0.881	74.971
0.805	39.33
0.757	32.742
0.754	30.75
0.81	39.541
0.693	23.746
0.853	54.416
0.778	34.03
0.869	69.529
0.861	65.122
0.799	38.897
0.882	76.835
0.694	25.038
0.691	23.565
0.828	44.965
0.802	39.076
0.878	74.34
0.776	33.791
0.748	29.869
0.786	34.409
0.844	49.695
0.744	29.11
0.813	40.127
0.873	70.623
0.888	81.109
0.871	70.096
0.717	27.181
0.7	26.959
0.772	33.707
0.82	40.886
0.838	46.108
0.74	28.496
0.827	44.805
0.783	34.166
0.722	27.293
0.694	25.038
0.812	39.796
0.817	40.328
0.726	27.554
0.819	40.64
0.857	64.646
0.791	35.133
0.836	45.526
0.788	34.719
0.746	29.757
0.795	38.418
0.754	30.75
0.888	81.109
0.687	23.243
0.837	46.02
0.687	23.243
0.853	54.416
0.738	28.341
0.728	27.831
0.759	32.901
0.742	28.954
0.757	32.742
0.822	41.556
0.783	34.166
0.684	23.228
0.881	74.971
0.796	38.501
0.751	30.339
0.79	34.897
0.771	33.396
