-0.693 25.7 
-0.907 52.152 
-0.693 25.7 
-0.73 26.316 
-0.78 29.859 
-0.834 30.688 
-0.899 47.291 
-0.874 41.277 
-0.796 30.643 
-0.906 52.114 
-0.835 35.098 
-0.881 45.73 
-0.879 41.889 
-0.864 37.728 
-0.721 25.868 
-0.699 25.768 
-0.887 46.569 
-0.791 29.991 
-0.846 36.063 
-0.898 46.966 
-0.855 36.255 
-0.864 37.728 
-0.721 25.868 
-0.836 35.213 
-0.883 46.41 
-0.844 35.439 
-0.906 52.114 
-0.877 41.624 
-0.699 25.768 
-0.861 37.089 
-0.791 29.991 
-0.86 36.607 
-0.845 35.484 
-0.882 45.85 
-0.796 30.643 
-0.863 37.659 
-0.862 37.138 
-0.858 36.595 
-0.855 36.255 
-0.898 46.966 
-0.878 41.628 
-0.879 41.889 
-0.858 36.595 
-0.881 45.73 
-0.844 35.439 
-0.836 35.213 
-0.846 36.063 
-0.883 46.41 
-0.882 45.85 
-0.835 35.098 
-0.863 37.659 
-0.862 37.138 
-0.845 35.484 
-0.834 30.688 
-0.86 36.607 
-0.693 25.7 
-0.721 25.868 
-0.906 52.114 
-0.699 25.768 
-0.855 36.255 
-0.879 41.889 
-0.898 46.966 
-0.858 36.595 
-0.883 46.41 
-0.881 45.73 
-0.844 35.439 
-0.836 35.213 
-0.846 36.063 
-0.835 35.098 
-0.863 37.659 
-0.862 37.138 
-0.86 36.607 
-0.855 36.255 
-0.879 41.889 
-0.898 46.966 
-0.881 45.73 
-0.858 36.595 
-0.883 46.41 
-0.844 35.439 
-0.836 35.213 
-0.846 36.063 
-0.863 37.659 
-0.862 37.138 
-0.863 37.659 
-0.858 36.595 
-0.862 37.138 
-0.883 46.41 
-0.844 35.439 
-0.836 35.213 
-0.846 36.063 
-0.836 35.213 
-0.863 37.659 
-0.844 35.439 
-0.846 36.063 
-0.883 46.41 
-0.863 37.659 
-0.844 35.439 
-0.846 36.063 
-0.863 37.659 
-0.846 36.063 
