-0.693 25.7 
-0.907 52.151 
-0.907 52.151 
-0.693 25.7 
-0.788 26.291 
-0.721 25.868 
-0.815 30.624 
-0.801 27.17 
-0.871 40.755 
-0.844 35.439 
-0.906 52.057 
-0.899 47.291 
-0.838 31.636 
-0.881 45.706 
-0.88 42.161 
-0.864 37.489 
-0.721 25.868 
-0.699 25.764 
-0.801 27.17 
-0.833 30.67 
-0.853 35.482 
-0.838 31.636 
-0.864 37.489 
-0.887 46.569 
-0.897 46.864 
-0.874 41.185 
-0.855 36.254 
-0.899 47.291 
-0.836 30.694 
-0.883 46.41 
-0.863 36.938 
-0.906 52.057 
-0.699 25.764 
-0.86 36.282 
-0.861 36.866 
-0.878 41.211 
-0.887 46.569 
-0.844 35.439 
-0.88 42.161 
-0.879 41.541 
-0.882 45.85 
-0.859 36.28 
-0.898 46.958 
-0.879 41.541 
-0.897 46.864 
-0.853 35.482 
-0.883 46.41 
-0.855 36.254 
-0.882 45.85 
-0.881 45.706 
-0.836 30.694 
-0.898 46.958 
-0.861 36.866 
-0.833 30.67 
-0.859 36.28 
-0.878 41.211 
-0.834 30.685 
-0.835 30.691 
-0.834 30.685 
-0.835 30.691 
-0.693 25.7 
-0.721 25.868 
-0.801 27.17 
-0.864 37.489 
-0.899 47.291 
-0.906 52.057 
-0.887 46.569 
-0.844 35.439 
-0.88 42.161 
-0.897 46.864 
-0.853 35.482 
-0.883 46.41 
-0.855 36.254 
-0.882 45.85 
-0.881 45.706 
-0.836 30.694 
-0.898 46.958 
-0.861 36.866 
-0.859 36.28 
-0.878 41.211 
-0.693 25.7 
-0.864 37.489 
-0.721 25.868 
-0.899 47.291 
-0.906 52.057 
-0.887 46.569 
-0.844 35.439 
-0.897 46.864 
-0.881 45.706 
-0.853 35.482 
-0.883 46.41 
-0.855 36.254 
-0.882 45.85 
-0.836 30.694 
-0.861 36.866 
-0.693 25.7 
-0.864 37.489 
-0.721 25.868 
-0.899 47.291 
-0.906 52.057 
