-0.687 27.662 
-0.853 54.032 
-0.687 27.662 
-0.853 54.032 
-0.823 46.673 
-0.791 40.561 
-0.711 30.744 
-0.839 52.987 
-0.836 48.497 
-0.812 42.577 
-0.755 35.772 
-0.747 32.332 
-0.785 37.37 
-0.704 27.907 
-0.73 31.505 
-0.757 36.168 
-0.844 53.55 
-0.701 27.77 
-0.688 27.682 
-0.812 42.577 
-0.767 36.226 
-0.711 30.744 
-0.731 31.581 
-0.798 41.345 
-0.755 35.772 
-0.78 36.82 
-0.739 31.942 
-0.747 32.332 
-0.852 53.943 
-0.825 47.033 
-0.785 37.37 
-0.704 27.907 
-0.798 41.345 
-0.77 36.727 
-0.804 41.431 
-0.768 36.412 
-0.746 32.207 
-0.73 31.505 
-0.742 32.197 
-0.826 47.504 
-0.775 36.754 
-0.839 52.987 
-0.841 53.367 
-0.739 31.942 
-0.775 36.754 
-0.783 37.031 
-0.806 41.496 
-0.836 48.497 
-0.832 47.787 
-0.833 48.125 
-0.811 42.326 
-0.701 27.77 
-0.827 47.59 
-0.852 53.943 
-0.808 41.883 
-0.83 47.719 
-0.783 37.031 
-0.835 48.29 
-0.841 53.367 
-0.742 32.197 
-0.811 42.326 
-0.809 42.006 
-0.809 42.006 
-0.808 41.883 
-0.804 41.431 
-0.806 41.496 
-0.77 36.727 
-0.835 48.29 
-0.833 48.125 
-0.83 47.719 
-0.827 47.59 
-0.688 27.682 
-0.831 47.776 
-0.831 47.776 
-0.853 54.032 
-0.687 27.662 
-0.711 30.744 
-0.755 35.772 
-0.747 32.332 
-0.785 37.37 
-0.704 27.907 
-0.798 41.345 
-0.73 31.505 
-0.775 36.754 
-0.739 31.942 
-0.836 48.497 
-0.841 53.367 
-0.812 42.577 
-0.701 27.77 
-0.742 32.197 
-0.783 37.031 
-0.811 42.326 
-0.852 53.943 
-0.809 42.006 
-0.804 41.431 
-0.806 41.496 
-0.77 36.727 
-0.835 48.29 
-0.833 48.125 
-0.83 47.719 
