-0.908 48.043 
-0.772 26.154 
-0.908 48.043 
-0.772 26.154 
-0.832 30.519 
-0.8 26.862 
-0.847 31.59 
-0.853 35.797 
-0.892 43.277 
-0.881 37.387 
-0.884 41.266 
-0.808 30.136 
-0.896 46.503 
-0.807 29.963 
-0.872 37.011 
-0.904 47.427 
-0.866 36.128 
-0.854 35.955 
-0.847 31.59 
-0.89 42.106 
-0.8 26.862 
-0.807 29.963 
-0.899 46.911 
-0.869 36.724 
-0.896 46.503 
-0.899 46.911 
-0.881 37.387 
-0.889 41.921 
-0.889 41.921 
-0.885 41.273 
-0.869 36.724 
-0.866 36.128 
-0.885 41.273 
-0.808 30.136 
-0.884 41.266 
-0.854 35.955 
-0.908 48.043 
-0.847 31.59 
-0.8 26.862 
-0.854 35.955 
-0.899 46.911 
-0.869 36.724 
-0.866 36.128 
-0.881 37.387 
-0.884 41.266 
-0.808 30.136 
-0.8 26.862 
-0.847 31.59 
-0.808 30.136 
-0.854 35.955 
-0.869 36.724 
-0.884 41.266 
-0.808 30.136 
-0.808 30.136 
-0.808 30.136 
-0.869 36.724 
-0.808 30.136 
-0.854 35.955 
-0.808 30.136 
-0.884 41.266 
-0.884 41.266 
-0.8 26.862 
-0.808 30.136 
-0.808 30.136 
-0.808 30.136 
-0.808 30.136 
-0.808 30.136 
-0.808 30.136 
-0.808 30.136 
-0.808 30.136 
-0.808 30.136 
-0.884 41.266 
-0.808 30.136 
-0.884 41.266 
-0.884 41.266 
-0.884 41.266 
-0.884 41.266 
-0.808 30.136 
-0.808 30.136 
-0.808 30.136 
-0.808 30.136 
-0.8 26.862 
-0.8 26.862 
-0.854 35.955 
-0.866 36.128 
-0.847 31.59 
-0.808 30.136 
-0.808 30.136 
-0.808 30.136 
-0.854 35.955 
-0.772 26.154 
-0.899 46.911 
-0.808 30.136 
-0.808 30.136 
-0.808 30.136 
-0.808 30.136 
-0.884 41.266 
-0.869 36.724 
-0.847 31.59 
-0.808 30.136 
