-0.679 24.456 
-0.882 52.476 
-0.882 52.476 
-0.75 24.611 
-0.78 29.287 
-0.849 37.144 
-0.874 47.488 
-0.873 47.148 
-0.865 42.347 
-0.855 40.857 
-0.768 25.683 
-0.834 35.459 
-0.832 32.001 
-0.765 25.295 
-0.785 30.067 
-0.802 30.304 
-0.814 30.404 
-0.75 24.611 
-0.802 30.304 
-0.768 25.683 
-0.814 30.404 
-0.826 31.101 
-0.855 40.857 
-0.861 41.809 
-0.874 47.488 
-0.873 47.148 
-0.846 36.511 
-0.857 41.642 
-0.865 42.347 
-0.845 36.257 
-0.864 42.134 
-0.838 35.771 
-0.783 29.572 
-0.826 31.101 
-0.767 25.499 
-0.83 31.796 
-0.838 35.771 
-0.828 31.305 
-0.845 36.257 
-0.783 29.572 
-0.785 30.067 
-0.836 35.68 
-0.834 35.459 
-0.832 32.001 
-0.83 31.796 
-0.828 31.305 
-0.857 41.642 
-0.836 35.68 
-0.827 31.111 
-0.827 31.111 
-0.783 29.572 
-0.768 25.683 
-0.75 24.611 
-0.802 30.304 
-0.855 40.857 
-0.873 47.148 
-0.865 42.347 
-0.874 47.488 
-0.845 36.257 
-0.838 35.771 
-0.785 30.067 
-0.834 35.459 
-0.832 32.001 
-0.83 31.796 
-0.828 31.305 
-0.857 41.642 
-0.827 31.111 
-0.768 25.683 
-0.75 24.611 
-0.783 29.572 
-0.865 42.347 
-0.855 40.857 
-0.873 47.148 
-0.857 41.642 
-0.838 35.771 
-0.827 31.111 
-0.785 30.067 
-0.834 35.459 
-0.832 32.001 
-0.83 31.796 
-0.828 31.305 
-0.768 25.683 
-0.783 29.572 
-0.865 42.347 
-0.855 40.857 
-0.838 35.771 
-0.857 41.642 
-0.834 35.459 
-0.832 32.001 
-0.828 31.305 
-0.768 25.683 
-0.783 29.572 
-0.857 41.642 
-0.834 35.459 
-0.832 32.001 
-0.768 25.683 
-0.783 29.572 
-0.857 41.642 
-0.834 35.459 
-0.832 32.001 
