P=? [ F (x=9&y=9&crashed=0) ]	R{"cost"}=? [ C<=100 ]
-0.0	0.0
0.958	95.662
0.958	95.662
-0.0	0.0
0.671	21.301
0.955	54.545
0.956	79.941
0.671	21.301
0.957	80.212
0.718	22.497
0.855	30.927
0.718	22.497
0.768	25.45
0.935	47.901
0.886	31.723
0.952	53.331
0.951	48.696
0.894	36.342
0.814	26.11
0.769	25.497
0.934	43.577
0.846	27.115
0.925	39.063
0.932	42.934
0.684	21.743
0.768	25.45
0.814	26.11
0.911	37.443
0.835	26.259
0.878	31.288
0.684	21.743
0.898	36.81
0.95	48.295
0.673	21.686
0.923	38.427
0.925	39.063
0.846	27.115
0.855	30.927
0.886	31.723
0.932	42.934
0.841	26.686
0.921	38.033
0.941	47.991
0.898	36.81
0.841	26.686
0.883	31.31
0.941	47.991
0.915	37.746
0.878	31.288
0.894	36.342
0.953	53.989
0.952	53.331
0.835	26.259
0.769	25.497
0.915	37.746
0.955	54.545
0.953	53.989
0.895	36.402
0.951	48.696
0.933	43.323
0.921	38.033
0.957	80.212
0.956	79.941
0.895	36.402
0.934	43.577
0.933	43.323
0.883	31.31
0.673	21.686
0.935	47.901
0.958	95.662
-0.0	0.0
0.671	21.301
0.718	22.497
0.768	25.45
0.814	26.11
0.684	21.743
0.846	27.115
0.855	30.927
0.886	31.723
0.932	42.934
0.941	47.991
0.841	26.686
0.878	31.288
0.894	36.342
0.898	36.81
0.952	53.331
0.835	26.259
0.769	25.497
0.955	54.545
0.953	53.989
0.957	80.212
0.895	36.402
0.934	43.577
0.883	31.31
0.673	21.686
0.935	47.901
-0.0	0.0
0.958	95.662
0.671	21.301
0.718	22.497
