-0.692 25.56 
-0.909 53.347 
-0.692 25.56 
-0.773 26.967 
-0.9 47.944 
-0.908 53.017 
-0.865 37.05 
-0.78 29.935 
-0.735 26.195 
-0.884 46.471 
-0.843 35.552 
-0.883 42.334 
-0.878 41.451 
-0.839 31.674 
-0.804 31.222 
-0.841 31.971 
-0.699 25.629 
-0.892 47.089 
-0.719 25.884 
-0.735 26.195 
-0.798 31.027 
-0.719 25.884 
-0.849 36.628 
-0.865 37.05 
-0.878 41.451 
-0.78 29.935 
-0.798 31.027 
-0.881 41.849 
-0.804 31.222 
-0.847 36.328 
-0.847 36.328 
-0.884 46.471 
-0.839 31.674 
-0.849 36.628 
-0.848 36.568 
-0.848 36.568 
-0.692 25.56 
-0.798 31.027 
-0.884 46.471 
-0.692 25.56 
-0.692 25.56 
-0.692 25.56 
-0.692 25.56 
-0.692 25.56 
-0.878 41.451 
-0.848 36.568 
-0.78 29.935 
-0.884 46.471 
-0.839 31.674 
-0.884 46.471 
-0.798 31.027 
-0.692 25.56 
-0.692 25.56 
-0.692 25.56 
-0.878 41.451 
-0.849 36.628 
-0.78 29.935 
-0.848 36.568 
-0.798 31.027 
-0.719 25.884 
-0.692 25.56 
-0.849 36.628 
-0.719 25.884 
-0.692 25.56 
-0.798 31.027 
-0.692 25.56 
-0.692 25.56 
-0.884 46.471 
-0.839 31.674 
-0.849 36.628 
-0.692 25.56 
-0.798 31.027 
-0.692 25.56 
-0.692 25.56 
-0.804 31.222 
-0.692 25.56 
-0.884 46.471 
-0.719 25.884 
-0.692 25.56 
-0.692 25.56 
-0.849 36.628 
-0.884 46.471 
-0.692 25.56 
-0.692 25.56 
-0.735 26.195 
-0.692 25.56 
-0.719 25.884 
-0.849 36.628 
-0.692 25.56 
-0.849 36.628 
-0.692 25.56 
-0.692 25.56 
-0.849 36.628 
-0.719 25.884 
-0.719 25.884 
-0.692 25.56 
-0.848 36.568 
-0.804 31.222 
-0.848 36.568 
-0.692 25.56 
