-0.804 69.159 
-0.641 23.563 
-0.804 69.159 
-0.641 23.563 
-0.672 25.396 
-0.796 59.53 
-0.803 69.075 
-0.794 59.243 
-0.788 54.053 
-0.664 24.685 
-0.777 54.008 
-0.691 28.222 
-0.705 31.946 
-0.774 49.588 
-0.743 40.336 
-0.714 32.957 
-0.7 29.086 
-0.691 28.222 
-0.764 47.25 
-0.758 44.471 
-0.726 36.937 
-0.721 34.213 
-0.755 43.959 
-0.699 29.047 
-0.741 40.049 
-0.796 59.53 
-0.803 69.075 
-0.736 38.303 
-0.72 33.909 
-0.781 54.03 
-0.747 42.019 
-0.769 48.432 
-0.666 24.919 
-0.758 44.471 
-0.707 32.468 
-0.693 28.573 
-0.764 47.25 
-0.734 37.713 
-0.721 34.213 
-0.788 54.053 
-0.741 40.049 
-0.664 24.685 
-0.736 38.303 
-0.711 32.666 
-0.729 37.468 
-0.751 43.059 
-0.7 29.086 
-0.726 36.937 
-0.72 33.909 
-0.747 42.019 
-0.766 47.693 
-0.751 43.059 
-0.735 38.021 
-0.781 54.03 
-0.774 49.588 
-0.666 24.919 
-0.771 48.765 
-0.766 47.693 
-0.748 42.105 
-0.77 48.535 
-0.777 54.008 
-0.757 44.261 
-0.713 32.723 
-0.693 28.573 
-0.75 42.686 
-0.765 47.329 
-0.728 37.303 
-0.727 36.948 
-0.773 49.323 
-0.772 48.997 
-0.749 42.407 
-0.75 42.686 
-0.749 42.407 
-0.773 49.323 
-0.706 32.206 
-0.706 32.206 
-0.734 37.713 
-0.729 37.468 
-0.772 48.997 
-0.756 44.18 
-0.692 28.418 
-0.728 37.303 
-0.692 28.418 
-0.756 44.18 
-0.765 47.329 
-0.712 32.706 
-0.712 32.706 
-0.727 36.948 
-0.804 69.159 
-0.641 23.563 
-0.796 59.53 
-0.691 28.222 
-0.788 54.053 
-0.803 69.075 
-0.764 47.25 
-0.721 34.213 
-0.736 38.303 
-0.726 36.937 
-0.751 43.059 
-0.72 33.909 
