-0.651 23.879 
-0.863 75.579 
-0.863 75.579 
-0.651 23.879 
-0.704 27.163 
-0.85 64.75 
-0.854 70.237 
-0.853 65.007 
-0.842 60.126 
-0.735 28.916 
-0.854 70.237 
-0.828 55.4 
-0.741 32.381 
-0.829 59.093 
-0.808 51.937 
-0.704 27.163 
-0.776 41.126 
-0.774 37.904 
-0.822 55.267 
-0.805 48.843 
-0.817 53.362 
-0.792 45.918 
-0.761 36.532 
-0.79 43.303 
-0.759 33.971 
-0.813 52.388 
-0.821 53.735 
-0.717 28.177 
-0.726 28.327 
-0.712 27.39 
-0.83 59.767 
-0.842 60.126 
-0.705 27.229 
-0.789 42.634 
-0.835 59.881 
-0.78 41.573 
-0.747 32.418 
-0.73 28.881 
-0.804 48.119 
-0.741 32.381 
-0.835 59.881 
-0.805 48.843 
-0.768 36.772 
-0.787 41.969 
-0.758 33.819 
-0.784 41.611 
-0.763 36.612 
-0.757 33.109 
-0.8 47.542 
-0.79 43.303 
-0.797 47.388 
-0.713 27.603 
-0.81 52.143 
-0.802 47.737 
-0.756 33.068 
-0.778 41.36 
-0.75 32.643 
-0.808 51.937 
-0.774 37.904 
-0.829 59.093 
-0.716 27.945 
-0.796 46.859 
-0.795 46.207 
-0.803 47.784 
-0.753 32.749 
-0.787 41.969 
-0.75 32.643 
-0.771 37.123 
-0.772 37.345 
-0.728 28.547 
-0.796 46.859 
-0.784 41.611 
-0.747 32.418 
-0.792 45.918 
-0.777 41.338 
-0.769 36.978 
-0.728 28.547 
-0.776 41.126 
-0.773 37.463 
-0.715 27.748 
-0.763 36.612 
-0.759 33.971 
-0.726 28.327 
-0.77 37.004 
-0.821 53.735 
-0.798 47.511 
-0.754 32.872 
-0.761 36.532 
-0.794 46.157 
-0.811 52.182 
-0.73 28.881 
-0.794 46.157 
-0.811 52.182 
-0.754 32.872 
-0.768 36.772 
-0.717 28.177 
-0.715 27.748 
-0.773 37.463 
-0.753 32.749 
-0.795 46.207 
