-0.705 28.189 
-0.705 28.189 
-0.705 28.189 
-0.856 61.58 
-0.779 34.6 
-0.836 44.909 
-0.705 28.189 
-0.705 28.189 
-0.805 35.49 
-0.855 55.73 
-0.838 46.025 
-0.705 28.189 
-0.856 61.58 
-0.836 44.909 
-0.705 28.189 
-0.779 34.6 
-0.705 28.189 
-0.705 28.189 
-0.705 28.189 
-0.839 46.359 
-0.813 35.882 
-0.838 46.025 
-0.836 44.909 
-0.705 28.189 
-0.779 34.6 
-0.779 34.6 
-0.838 46.025 
-0.827 39.781 
-0.705 28.189 
-0.839 46.359 
-0.856 61.58 
-0.856 61.58 
-0.846 46.366 
-0.856 61.58 
-0.784 34.782 
-0.804 35.404 
-0.705 28.189 
-0.83 40.734 
-0.705 28.189 
-0.705 28.189 
-0.83 40.734 
-0.805 35.49 
-0.705 28.189 
-0.705 28.189 
-0.705 28.189 
-0.805 35.49 
-0.784 34.782 
-0.836 44.909 
-0.729 29.8 
-0.813 35.882 
-0.838 46.025 
-0.705 28.189 
-0.774 30.332 
-0.705 28.189 
-0.836 44.909 
-0.827 39.781 
-0.803 35.288 
-0.819 39.727 
-0.705 28.189 
-0.705 28.189 
-0.846 46.366 
-0.856 61.58 
-0.856 61.58 
-0.806 35.834 
-0.661 24.78 
-0.729 29.8 
-0.802 35.009 
-0.773 30.061 
-0.707 28.317 
-0.717 29.655 
