-0.917 68.31 
-0.704 26.276 
-0.891 57.344 
-0.883 51.817 
-0.898 61.898 
-0.849 42.233 
-0.908 68.049 
-0.832 36.642 
-0.808 35.1 
-0.795 31.832 
-0.862 45.35 
-0.73 26.737 
-0.9 63.013 
-0.866 46.775 
-0.871 50.57 
-0.758 30.245 
-0.844 40.428 
-0.746 27.392 
-0.772 30.417 
-0.747 30.195 
-0.731 27.089 
-0.787 30.974 
-0.9 63.013 
-0.743 27.169 
-0.879 50.699 
-0.775 30.913 
-0.844 40.428 
-0.824 35.764 
-0.814 35.682 
-0.748 30.235 
-0.908 68.049 
-0.848 41.171 
-0.882 51.356 
-0.871 50.57 
-0.847 40.869 
-0.88 51.272 
-0.831 36.392 
-0.744 27.177 
-0.812 35.601 
-0.825 35.888 
-0.789 31.245 
-0.83 36.085 
-0.811 35.557 
-0.73 26.737 
-0.863 45.809 
-0.865 46.325 
-0.81 35.307 
-0.774 30.853 
-0.828 36.064 
-0.791 31.498 
-0.864 46.218 
-0.863 45.809 
-0.792 31.586 
-0.828 36.064 
-0.846 40.528 
-0.793 31.702 
-0.848 41.171 
-0.845 40.46 
-0.814 35.682 
-0.773 30.685 
-0.746 27.392 
-0.81 35.307 
-0.788 31.06 
-0.825 35.888 
-0.772 30.417 
-0.773 30.685 
-0.79 31.368 
-0.793 31.702 
-0.79 31.368 
-0.865 46.325 
-0.864 46.218 
-0.788 31.06 
-0.88 51.272 
-0.731 27.089 
-0.846 40.528 
-0.775 30.913 
-0.747 30.195 
-0.83 36.085 
-0.748 30.235 
-0.844 40.428 
-0.848 41.171 
-0.871 50.57 
-0.828 36.064 
-0.814 35.682 
-0.746 27.392 
-0.825 35.888 
-0.863 45.809 
-0.79 31.368 
-0.865 46.325 
-0.864 46.218 
-0.88 51.272 
-0.731 27.089 
-0.846 40.528 
-0.788 31.06 
-0.88 51.272 
-0.825 35.888 
-0.79 31.368 
-0.865 46.325 
-0.814 35.682 
-0.846 40.528 
