-0.917 68.31 
-0.917 68.31 
-0.703 26.123 
-0.908 68.047 
-0.907 62.149 
-0.898 61.889 
-0.896 56.671 
-0.845 40.399 
-0.884 56.322 
-0.866 46.748 
-0.871 50.57 
-0.728 26.633 
-0.704 26.134 
-0.883 51.817 
-0.808 35.1 
-0.832 36.642 
-0.795 31.832 
-0.849 42.233 
-0.772 30.386 
-0.861 45.309 
-0.849 42.233 
-0.746 27.392 
-0.775 30.793 
-0.747 30.052 
-0.758 30.245 
-0.743 27.068 
-0.832 36.642 
-0.795 31.832 
-0.808 35.1 
-0.889 56.526 
-0.787 30.948 
-0.731 26.801 
-0.861 45.309 
-0.824 35.762 
-0.758 30.245 
-0.748 30.165 
-0.815 35.723 
-0.879 50.697 
-0.865 46.16 
-0.813 35.302 
-0.848 41.171 
-0.793 31.583 
-0.871 50.57 
-0.744 27.07 
-0.827 35.951 
-0.882 51.356 
-0.88 51.127 
-0.791 31.498 
-0.825 35.886 
-0.863 45.677 
-0.829 35.99 
-0.728 26.633 
-0.704 26.134 
-0.863 45.677 
-0.883 51.817 
-0.79 31.364 
-0.774 30.579 
-0.814 35.662 
-0.848 41.171 
-0.847 40.836 
-0.862 45.35 
-0.746 27.392 
-0.847 40.836 
-0.831 36.383 
-0.846 40.528 
-0.83 36.075 
-0.731 26.801 
-0.831 36.383 
-0.882 51.356 
-0.88 51.127 
-0.813 35.302 
-0.789 31.242 
-0.788 31.056 
-0.773 30.562 
-0.787 30.948 
-0.846 40.528 
-0.879 50.697 
-0.789 31.242 
-0.747 30.052 
-0.788 31.056 
-0.83 36.075 
-0.729 26.715 
-0.748 30.165 
-0.73 26.737 
-0.814 35.662 
-0.862 45.35 
-0.73 26.737 
-0.729 26.715 
-0.773 30.562 
-0.917 68.31 
-0.849 42.233 
-0.795 31.832 
-0.832 36.642 
-0.758 30.245 
-0.871 50.57 
-0.883 51.817 
-0.848 41.171 
-0.746 27.392 
-0.831 36.383 
-0.747 30.052 
