P=? [ F (x=9&y=9&crashed=0) ]	R{"cost"}=? [ C<=100 ]
0.632	20.299
0.88	61.935
0.88	61.935
0.632	20.299
0.661	20.954
0.872	56.862
0.871	56.647
0.863	52.159
0.634	20.35
0.852	50.8
0.846	46.831
0.661	20.954
0.687	24.27
0.68	23.739
0.707	24.354
0.748	28.938
0.785	34.048
0.774	30.909
0.816	39.444
0.805	36.395
0.68	23.739
0.733	26.436
0.754	29.478
0.769	29.895
0.733	26.436
0.748	28.938
0.833	44.62
0.829	42.401
0.799	35.028
0.774	30.909
0.785	34.048
0.805	36.395
0.825	41.597
0.789	34.688
0.816	39.444
0.854	51.488
0.861	51.547
0.872	56.862
0.871	56.647
0.863	52.159
0.753	29.086
0.837	45.623
0.844	46.197
0.846	46.831
0.718	25.192
0.852	50.8
0.724	25.599
0.802	35.517
0.71	24.381
0.686	24.244
0.821	40.702
0.833	44.62
0.726	25.845
0.853	51.085
0.829	42.401
0.821	40.702
0.682	24.046
0.827	41.772
0.712	24.59
0.862	51.946
0.819	40.107
0.634	20.35
0.718	25.192
0.787	34.355
0.771	30.219
0.727	26.135
0.804	36.132
0.73	26.19
0.724	25.599
0.844	46.197
0.837	45.623
0.8	35.157
0.773	30.513
0.834	45.007
0.801	35.431
0.789	34.688
0.836	45.29
0.77	30.174
0.817	39.481
0.715	24.874
0.804	36.132
0.707	24.354
0.769	29.895
0.754	29.478
0.713	24.826
0.73	26.19
0.715	24.874
0.682	24.046
0.845	46.481
0.828	42.051
0.818	39.766
0.82	40.375
0.773	30.513
0.786	34.334
0.818	39.766
0.845	46.481
0.836	45.29
0.834	45.007
0.828	42.051
0.82	40.375
