-0.779 30.12 
-0.898 63.78 
-0.898 63.78 
-0.779 30.12 
-0.888 58.028 
-0.864 47.142 
-0.881 57.311 
-0.88 52.128 
-0.871 51.675 
-0.829 37.354 
-0.834 40.18 
-0.79 32.569 
-0.847 42.114 
-0.852 45.591 
-0.888 58.028 
-0.808 35.709 
-0.818 35.849 
-0.82 36.419 
-0.879 52.09 
-0.836 40.631 
-0.872 52.007 
-0.871 51.675 
-0.86 46.512 
-0.843 41.298 
-0.797 34.222 
-0.853 45.658 
-0.797 34.222 
-0.847 42.114 
-0.802 35.168 
-0.808 35.709 
-0.826 36.92 
-0.787 32.227 
-0.786 30.964 
-0.852 45.591 
-0.86 46.512 
-0.853 45.658 
-0.782 30.165 
-0.881 57.311 
-0.843 41.298 
-0.836 40.631 
-0.862 46.949 
-0.802 35.168 
-0.826 36.92 
-0.845 41.658 
-0.845 41.658 
-0.819 36.291 
-0.788 32.357 
-0.835 40.236 
-0.785 30.841 
-0.784 30.475 
-0.801 35.0 
-0.8 34.667 
-0.828 37.269 
-0.827 37.005 
-0.861 46.688 
-0.788 32.357 
-0.862 46.949 
-0.783 30.35 
-0.844 41.474 
-0.861 46.688 
-0.844 41.474 
-0.801 35.0 
-0.8 34.667 
-0.799 34.5 
-0.798 34.388 
-0.818 35.849 
-0.787 32.227 
-0.819 36.291 
-0.784 30.475 
-0.783 30.35 
-0.786 30.964 
-0.785 30.841 
-0.799 34.5 
-0.798 34.388 
-0.827 37.005 
-0.828 37.269 
-0.872 52.007 
-0.835 40.236 
-0.782 30.165 
-0.779 30.12 
-0.898 63.78 
-0.888 58.028 
-0.871 51.675 
-0.797 34.222 
-0.808 35.709 
-0.852 45.591 
-0.86 46.512 
-0.853 45.658 
-0.843 41.298 
-0.836 40.631 
-0.802 35.168 
-0.826 36.92 
-0.845 41.658 
-0.788 32.357 
-0.862 46.949 
-0.861 46.688 
-0.844 41.474 
-0.801 35.0 
-0.8 34.667 
-0.818 35.849 
