-0.681 24.449 
-0.854 60.076 
-0.681 24.449 
-0.854 60.076 
-0.825 48.373 
-0.848 55.361 
-0.821 43.938 
-0.71 28.073 
-0.805 39.343 
-0.853 59.988 
-0.809 43.296 
-0.836 50.185 
-0.702 25.886 
-0.773 33.72 
-0.761 30.059 
-0.838 53.82 
-0.788 35.039 
-0.789 38.218 
-0.692 24.816 
-0.773 33.72 
-0.761 30.059 
-0.742 29.375 
-0.753 29.413 
-0.786 34.791 
-0.7 25.685 
-0.716 28.208 
-0.817 43.807 
-0.724 28.441 
-0.779 34.764 
-0.716 28.208 
-0.689 24.639 
-0.796 38.788 
-0.829 48.526 
-0.839 54.212 
-0.684 24.611 
-0.741 29.262 
-0.843 54.533 
-0.853 59.988 
-0.7 25.685 
-0.738 29.028 
-0.832 49.753 
-0.792 38.636 
-0.812 43.356 
-0.821 43.938 
-0.756 29.593 
-0.809 43.296 
-0.759 29.846 
-0.734 28.977 
-0.836 50.185 
-0.814 43.651 
-0.838 53.82 
-0.845 54.924 
-0.844 54.856 
-0.731 28.951 
-0.754 29.483 
-0.831 49.544 
-0.83 48.988 
-0.775 33.937 
-0.846 55.248 
-0.801 39.151 
-0.804 39.26 
-0.777 34.544 
-0.776 34.062 
-0.738 29.028 
-0.734 28.977 
-0.83 48.988 
-0.73 28.771 
-0.684 24.611 
-0.832 49.753 
-0.778 34.74 
-0.774 33.729 
-0.76 30.057 
-0.701 25.872 
-0.757 29.792 
-0.727 28.54 
-0.799 39.043 
-0.797 38.907 
-0.843 54.533 
-0.839 54.212 
-0.69 24.75 
-0.801 39.151 
-0.799 39.043 
-0.729 28.712 
-0.725 28.496 
-0.727 28.54 
-0.724 28.441 
-0.831 49.544 
-0.813 43.445 
-0.79 38.418 
-0.789 38.218 
-0.777 34.544 
-0.791 38.444 
-0.787 34.981 
-0.729 28.712 
-0.814 43.651 
-0.829 48.526 
-0.792 38.636 
-0.797 38.907 
-0.776 34.062 
-0.846 55.248 
