-0.701 25.874 
-0.757 29.798 
-0.74 29.44 
-0.792 38.918 
-0.846 55.248 
-0.742 29.596 
-0.757 29.798 
-0.813 44.456 
-0.796 39.381 
-0.742 29.596 
-0.835 53.721 
-0.79 38.5 
-0.819 48.55 
-0.809 44.025 
-0.813 44.456 
-0.803 40.165 
-0.757 29.798 
-0.76 30.117 
-0.797 39.563 
-0.729 28.72 
-0.724 28.445 
-0.802 39.685 
-0.835 53.721 
-0.783 34.901 
-0.806 43.747 
-0.813 44.456 
-0.741 29.476 
-0.837 54.001 
-0.735 29.289 
-0.811 44.418 
-0.775 34.115 
-0.819 48.55 
-0.742 29.596 
-0.83 49.449 
-0.79 38.5 
-0.76 30.117 
-0.813 44.456 
-0.701 25.874 
-0.837 54.001 
-0.731 28.988 
-0.688 24.644 
-0.819 48.55 
-0.762 33.924 
-0.757 29.798 
-0.79 38.5 
-0.798 39.668 
-0.766 34.101 
-0.814 44.651 
-0.803 40.165 
-0.757 29.798 
-0.806 43.747 
-0.742 29.596 
-0.81 44.172 
-0.783 34.901 
-0.813 44.456 
-0.807 43.969 
-0.818 48.037 
