-0.746 25.5 
-0.917 54.113 
-0.746 25.5 
-0.917 54.113 
-0.777 29.57 
-0.905 52.761 
-0.897 47.902 
-0.752 26.123 
-0.888 46.634 
-0.88 42.836 
-0.752 26.123 
-0.853 40.748 
-0.847 37.826 
-0.835 36.175 
-0.79 31.695 
-0.869 41.099 
-0.857 40.848 
-0.814 34.957 
-0.824 36.145 
-0.801 31.769 
-0.888 46.634 
-0.813 33.354 
-0.88 42.836 
-0.897 47.902 
-0.906 52.856 
-0.784 30.321 
-0.905 52.761 
-0.913 52.917 
-0.786 31.254 
-0.847 37.826 
-0.845 37.332 
-0.811 32.768 
-0.874 41.501 
-0.895 47.343 
-0.853 40.748 
-0.816 35.504 
-0.871 41.413 
-0.89 47.255 
-0.84 36.646 
-0.843 36.946 
-0.878 42.176 
-0.815 35.003 
-0.857 40.848 
-0.781 29.995 
-0.889 47.162 
-0.875 41.853 
-0.877 41.952 
-0.806 32.123 
-0.836 36.316 
-0.819 35.61 
-0.916 53.955 
-0.915 53.515 
-0.786 31.254 
-0.804 32.08 
-0.839 36.551 
-0.854 40.838 
-0.749 25.793 
-0.82 35.805 
-0.915 53.515 
-0.914 53.165 
-0.812 33.118 
-0.879 42.503 
-0.823 36.039 
-0.879 42.503 
-0.808 32.438 
-0.778 29.588 
-0.78 29.897 
-0.788 31.523 
-0.896 47.601 
-0.842 36.942 
-0.749 25.793 
-0.809 32.497 
-0.782 30.265 
-0.788 31.523 
-0.78 29.897 
-0.802 31.817 
-0.896 47.601 
-0.818 35.524 
-0.846 37.584 
-0.75 25.877 
-0.869 41.099 
-0.914 53.165 
-0.75 25.877 
-0.846 37.584 
-0.813 33.354 
-0.812 33.118 
-0.839 36.551 
-0.836 36.316 
-0.822 35.98 
-0.809 32.497 
-0.808 32.438 
-0.783 30.316 
-0.87 41.19 
-0.802 31.817 
-0.806 32.123 
-0.804 32.08 
-0.778 29.588 
-0.822 35.98 
-0.82 35.805 
-0.842 36.942 
