-0.688 25.255 
-0.688 25.255 
-0.688 25.255 
-0.688 25.255 
-0.846 42.502 
-0.688 25.255 
-0.688 25.255 
-0.8 31.49 
-0.775 30.581 
-0.76 30.127 
-0.737 28.267 
-0.688 25.255 
-0.688 25.255 
-0.81 35.506 
-0.838 37.371 
-0.853 42.743 
-0.76 30.127 
-0.845 41.227 
-0.688 25.255 
-0.863 46.98 
-0.794 30.665 
-0.846 42.502 
-0.725 26.669 
-0.853 42.743 
-0.81 35.506 
-0.737 28.267 
-0.688 25.255 
-0.794 30.665 
-0.688 25.255 
-0.853 42.743 
-0.737 28.267 
-0.688 25.255 
-0.843 40.98 
-0.82 36.32 
-0.864 57.084 
-0.82 36.32 
-0.775 30.581 
-0.688 25.255 
-0.807 35.203 
-0.775 30.581 
-0.8 31.49 
-0.818 36.017 
-0.688 25.255 
-0.688 25.255 
-0.688 25.255 
-0.688 25.255 
-0.688 25.255 
-0.688 25.255 
-0.836 36.773 
-0.688 25.255 
-0.688 25.255 
-0.82 36.32 
-0.688 25.255 
-0.812 35.897 
-0.775 30.581 
-0.82 36.32 
-0.686 24.55 
-0.737 28.267 
-0.688 25.255 
-0.863 46.98 
-0.797 31.092 
-0.687 25.1 
-0.775 30.581 
-0.81 35.506 
-0.853 42.743 
-0.8 31.49 
-0.794 30.665 
-0.764 30.496 
-0.745 28.314 
-0.737 28.267 
-0.688 25.255 
-0.761 30.319 
-0.863 46.98 
-0.797 31.092 
-0.838 37.371 
