-0.695 27.949 
-0.872 64.665 
-0.695 27.949 
-0.706 28.176 
-0.736 31.159 
-0.855 53.992 
-0.768 36.822 
-0.863 59.135 
-0.835 48.413 
-0.794 41.673 
-0.837 52.511 
-0.871 64.054 
-0.864 59.741 
-0.826 46.813 
-0.756 35.606 
-0.816 46.657 
-0.789 38.1 
-0.736 31.159 
-0.756 35.606 
-0.782 36.982 
-0.746 33.805 
-0.829 48.401 
-0.746 33.805 
-0.815 44.629 
-0.846 52.775 
-0.853 53.965 
-0.863 59.135 
-0.705 28.134 
-0.871 64.054 
-0.739 32.807 
-0.864 59.741 
-0.838 52.709 
-0.847 53.333 
-0.802 41.909 
-0.805 42.679 
-0.812 44.013 
-0.789 38.1 
-0.803 42.026 
-0.741 33.151 
-0.794 41.673 
-0.787 37.665 
-0.741 33.151 
-0.811 43.954 
-0.806 43.028 
-0.739 32.807 
-0.786 37.622 
-0.847 53.333 
-0.815 44.629 
-0.81 43.386 
-0.784 37.337 
-0.784 37.337 
-0.809 43.371 
-0.829 48.401 
-0.782 36.982 
-0.809 43.371 
-0.806 43.028 
-0.802 41.909 
-0.835 48.413 
-0.705 28.134 
-0.816 46.657 
-0.838 52.709 
-0.81 43.386 
-0.695 27.949 
-0.746 33.805 
-0.871 64.054 
-0.864 59.741 
-0.847 53.333 
-0.794 41.673 
-0.741 33.151 
-0.739 32.807 
-0.784 37.337 
-0.816 46.657 
-0.782 36.982 
-0.809 43.371 
-0.802 41.909 
-0.705 28.134 
-0.838 52.709 
-0.81 43.386 
-0.695 27.949 
-0.705 28.134 
-0.746 33.805 
-0.864 59.741 
-0.816 46.657 
-0.741 33.151 
-0.739 32.807 
-0.802 41.909 
-0.809 43.371 
-0.784 37.337 
-0.782 36.982 
-0.81 43.386 
-0.695 27.949 
-0.705 28.134 
-0.746 33.805 
-0.864 59.741 
-0.809 43.371 
-0.816 46.657 
-0.741 33.151 
-0.784 37.337 
-0.705 28.134 
-0.746 33.805 
