-0.71 27.735 
-0.872 59.88 
-0.869 58.666 
-0.712 27.863 
-0.79 40.775 
-0.736 31.156 
-0.855 53.992 
-0.837 51.84 
-0.756 35.597 
-0.823 46.645 
-0.736 31.156 
-0.768 36.657 
-0.8 41.486 
-0.741 31.585 
-0.813 42.798 
-0.836 48.495 
-0.789 38.059 
-0.782 36.982 
-0.746 32.851 
-0.855 53.992 
-0.768 36.657 
-0.839 52.523 
-0.75 33.594 
-0.849 52.623 
-0.756 35.597 
-0.815 44.629 
-0.828 47.413 
-0.829 48.401 
-0.814 44.489 
-0.815 44.629 
-0.75 33.594 
-0.805 41.497 
-0.808 42.001 
-0.835 48.406 
-0.808 42.001 
-0.826 46.813 
-0.853 53.404 
-0.852 53.164 
-0.748 33.23 
-0.748 33.23 
-0.782 36.982 
-0.851 52.902 
-0.805 41.497 
-0.789 38.059 
-0.787 37.665 
-0.826 46.813 
-0.854 53.747 
-0.784 37.306 
-0.784 37.306 
-0.849 52.623 
-0.839 52.523 
-0.851 52.902 
-0.854 53.747 
-0.787 37.665 
-0.786 37.622 
-0.785 37.433 
-0.814 44.489 
-0.785 37.433 
-0.836 48.495 
-0.786 37.622 
-0.829 48.401 
-0.736 31.156 
-0.768 36.657 
-0.789 38.059 
-0.855 53.992 
-0.815 44.629 
-0.75 33.594 
-0.782 36.982 
-0.808 42.001 
-0.814 44.489 
-0.849 52.623 
-0.839 52.523 
-0.784 37.306 
-0.787 37.665 
-0.854 53.747 
-0.829 48.401 
-0.826 46.813 
-0.785 37.433 
-0.786 37.622 
-0.736 31.156 
-0.768 36.657 
-0.75 33.594 
-0.855 53.992 
-0.782 36.982 
-0.814 44.489 
-0.849 52.623 
-0.787 37.665 
-0.854 53.747 
-0.829 48.401 
-0.826 46.813 
-0.808 42.001 
-0.815 44.629 
-0.785 37.433 
-0.786 37.622 
-0.736 31.156 
-0.855 53.992 
-0.75 33.594 
-0.782 36.982 
-0.829 48.401 
-0.75 33.594 
