-0.811 44.0 
-0.784 37.337 
-0.712 31.429 
-0.81 43.43 
-0.712 31.429 
-0.847 59.026 
-0.81 43.43 
-0.784 37.337 
-0.829 48.896 
-0.712 31.429 
-0.819 47.15 
-0.864 64.025 
-0.811 44.0 
-0.712 31.429 
-0.712 31.429 
-0.819 47.15 
-0.737 35.744 
-0.784 37.337 
-0.81 43.43 
-0.819 47.15 
-0.73 34.152 
-0.847 59.026 
-0.705 28.134 
-0.764 36.871 
-0.712 31.429 
-0.855 59.472 
-0.712 31.429 
-0.819 47.15 
-0.789 42.51 
-0.81 43.43 
-0.81 43.43 
-0.787 37.707 
-0.831 50.03 
-0.797 42.523 
-0.83 49.448 
-0.81 43.43 
-0.872 69.721 
-0.724 31.642 
-0.845 54.146 
-0.81 43.43 
-0.863 63.895 
-0.695 27.949 
-0.746 36.025 
-0.811 44.0 
-0.788 41.661 
-0.73 34.152 
-0.712 31.429 
-0.729 33.59 
-0.712 31.429 
-0.712 31.429 
-0.73 34.152 
-0.712 31.429 
-0.712 31.429 
-0.784 37.337 
-0.705 28.134 
-0.847 59.026 
