-0.78 26.083 
-0.955 69.217 
-0.78 26.083 
-0.946 64.007 
-0.824 30.328 
-0.941 57.625 
-0.945 58.439 
-0.954 68.875 
-0.824 30.328 
-0.935 52.929 
-0.923 51.629 
-0.918 47.421 
-0.883 37.866 
-0.887 41.496 
-0.842 32.126 
-0.904 46.312 
-0.901 42.736 
-0.836 30.949 
-0.853 35.265 
-0.849 33.13 
-0.915 46.741 
-0.89 42.06 
-0.899 42.105 
-0.869 36.334 
-0.954 68.875 
-0.866 36.32 
-0.827 30.331 
-0.836 30.949 
-0.907 46.546 
-0.86 36.301 
-0.935 52.929 
-0.856 35.974 
-0.918 47.421 
-0.849 33.13 
-0.93 51.992 
-0.845 32.593 
-0.925 51.758 
-0.923 51.629 
-0.827 30.331 
-0.845 32.593 
-0.883 37.866 
-0.874 36.78 
-0.879 37.346 
-0.889 41.645 
-0.887 41.496 
-0.86 36.301 
-0.944 58.209 
-0.901 42.736 
-0.854 35.272 
-0.874 36.78 
-0.934 52.711 
-0.917 47.006 
-0.944 58.209 
-0.856 35.974 
-0.904 46.312 
-0.925 51.758 
-0.881 37.604 
-0.877 36.966 
-0.876 36.793 
-0.9 42.512 
-0.877 36.966 
-0.917 47.006 
-0.881 37.604 
-0.931 52.249 
-0.854 35.272 
-0.93 51.992 
-0.933 52.485 
-0.9 42.512 
-0.906 46.541 
-0.905 46.341 
-0.88 37.407 
-0.907 46.546 
-0.933 52.485 
-0.932 52.306 
-0.888 41.531 
-0.88 37.407 
-0.932 52.306 
-0.931 52.249 
-0.888 41.531 
-0.905 46.341 
-0.876 36.793 
-0.906 46.541 
-0.78 26.083 
-0.824 30.328 
-0.954 68.875 
-0.836 30.949 
-0.935 52.929 
-0.923 51.629 
-0.827 30.331 
-0.845 32.593 
-0.887 41.496 
-0.86 36.301 
-0.901 42.736 
-0.944 58.209 
-0.856 35.974 
-0.904 46.312 
-0.925 51.758 
-0.877 36.966 
-0.881 37.604 
-0.854 35.272 
