-0.877 42.059 
-0.945 63.581 
-0.945 63.581 
-0.877 42.059 
-0.877 42.059 
-0.945 63.581 
-0.86 36.703 
-0.927 52.323 
-0.945 63.581 
-0.928 57.214 
-0.845 32.593 
-0.86 36.703 
-0.877 42.059 
-0.945 63.581 
-0.894 42.342 
-0.927 52.323 
-0.945 63.581 
-0.851 35.661 
-0.877 42.059 
-0.918 48.547 
-0.877 42.059 
-0.827 30.331 
-0.89 42.299 
-0.874 36.995 
-0.905 46.372 
-0.877 42.059 
-0.851 35.661 
-0.877 42.059 
-0.83 32.035 
-0.888 42.172 
-0.86 36.703 
-0.945 63.581 
-0.945 63.581 
-0.913 47.324 
-0.877 42.059 
-0.877 42.059 
-0.874 36.995 
-0.945 63.581 
-0.9 42.876 
-0.917 48.11 
-0.845 32.593 
-0.907 47.291 
-0.827 30.331 
-0.874 36.995 
