-0.772 69.221 
-0.55 24.819 
-0.772 69.221 
-0.55 24.819 
-0.765 60.829 
-0.741 50.063 
-0.757 56.334 
-0.575 27.839 
-0.748 54.044 
-0.749 54.172 
-0.685 39.627 
-0.763 59.787 
-0.573 25.905 
-0.732 48.674 
-0.726 45.284 
-0.625 30.986 
-0.567 25.741 
-0.757 56.334 
-0.551 24.947 
-0.717 44.341 
-0.713 41.306 
-0.697 40.249 
-0.612 30.438 
-0.636 31.351 
-0.599 28.88 
-0.709 40.554 
-0.652 34.758 
-0.765 60.829 
-0.584 28.166 
-0.684 37.506 
-0.662 34.816 
-0.622 30.708 
-0.741 50.063 
-0.763 59.787 
-0.672 36.794 
-0.567 25.741 
-0.694 39.785 
-0.681 36.847 
-0.638 31.933 
-0.605 28.996 
-0.638 31.933 
-0.734 49.214 
-0.592 28.874 
-0.748 54.044 
-0.584 28.166 
-0.732 48.674 
-0.724 44.781 
-0.644 33.163 
-0.644 33.163 
-0.718 44.545 
-0.726 45.284 
-0.59 28.723 
-0.667 36.161 
-0.647 34.122 
-0.608 29.513 
-0.612 30.438 
-0.734 49.214 
-0.648 34.129 
-0.717 44.341 
-0.608 29.513 
-0.551 24.947 
-0.59 28.723 
-0.711 40.926 
-0.683 37.209 
-0.665 35.616 
-0.664 35.117 
-0.713 41.306 
-0.645 33.45 
-0.622 30.708 
-0.671 36.717 
-0.712 41.222 
-0.71 40.704 
-0.636 31.351 
-0.665 35.616 
-0.607 29.317 
-0.606 29.181 
-0.696 40.167 
-0.645 33.45 
-0.65 34.557 
-0.669 36.534 
-0.651 34.571 
-0.733 48.994 
-0.725 45.094 
-0.709 40.554 
-0.664 35.117 
-0.684 37.506 
-0.662 34.816 
-0.724 44.781 
-0.718 44.545 
-0.733 48.994 
-0.65 34.557 
-0.682 36.998 
-0.695 39.957 
-0.668 36.327 
-0.592 28.874 
-0.725 45.094 
-0.669 36.534 
-0.695 39.957 
-0.668 36.327 
-0.694 39.785 
