-0.898 63.491 
-0.66 27.154 
-0.66 27.154 
-0.898 63.491 
-0.681 27.405 
-0.873 53.54 
-0.871 47.758 
-0.854 46.719 
-0.722 31.503 
-0.716 31.299 
-0.833 40.776 
-0.716 31.299 
-0.853 43.238 
-0.881 58.914 
-0.824 37.661 
-0.751 31.526 
-0.881 58.914 
-0.873 53.54 
-0.88 57.315 
-0.869 47.155 
-0.795 35.824 
-0.815 36.318 
-0.784 33.372 
-0.846 43.145 
-0.755 31.914 
-0.677 27.199 
-0.793 35.811 
-0.772 31.923 
-0.88 57.315 
-0.835 41.097 
-0.841 42.159 
-0.841 42.159 
-0.784 33.372 
-0.78 33.034 
-0.793 35.811 
-0.82 37.162 
-0.821 37.51 
-0.795 35.824 
-0.775 32.056 
-0.754 31.663 
-0.819 36.841 
-0.677 27.199 
-0.815 36.318 
-0.834 41.079 
-0.871 47.758 
-0.854 46.719 
-0.776 32.317 
-0.816 36.33 
-0.779 32.662 
-0.751 31.526 
-0.772 31.923 
-0.87 47.466 
-0.779 32.662 
-0.778 32.351 
-0.87 47.466 
-0.817 36.562 
-0.818 36.765 
-0.817 36.562 
-0.823 37.622 
-0.754 31.663 
-0.775 32.056 
-0.823 37.622 
-0.818 36.765 
-0.778 32.351 
-0.777 32.325 
-0.755 31.914 
-0.777 32.325 
-0.898 63.491 
-0.66 27.154 
-0.716 31.299 
-0.881 58.914 
-0.873 53.54 
-0.88 57.315 
-0.841 42.159 
-0.784 33.372 
-0.793 35.811 
-0.815 36.318 
-0.795 35.824 
-0.854 46.719 
-0.751 31.526 
-0.677 27.199 
-0.871 47.758 
-0.772 31.923 
-0.817 36.562 
-0.87 47.466 
-0.754 31.663 
-0.775 32.056 
-0.823 37.622 
-0.818 36.765 
-0.778 32.351 
-0.755 31.914 
-0.777 32.325 
-0.898 63.491 
-0.66 27.154 
-0.881 58.914 
-0.873 53.54 
-0.88 57.315 
-0.841 42.159 
-0.784 33.372 
-0.793 35.811 
