-0.891 69.062 
-0.822 38.209 
-0.755 31.949 
-0.798 36.754 
-0.88 57.361 
-0.826 42.709 
-0.855 51.703 
-0.826 42.709 
-0.755 31.949 
-0.826 42.709 
-0.715 31.426 
-0.839 46.271 
-0.755 31.949 
-0.842 47.796 
-0.826 42.709 
-0.715 31.426 
-0.823 42.542 
-0.826 42.709 
-0.757 32.174 
-0.755 31.949 
-0.755 31.949 
-0.773 36.165 
-0.84 47.562 
-0.854 47.942 
-0.826 42.709 
-0.826 42.709 
-0.755 31.949 
-0.881 62.729 
-0.826 42.709 
-0.88 57.361 
-0.715 31.426 
-0.88 57.361 
-0.755 31.949 
-0.826 42.709 
-0.84 47.562 
-0.826 42.709 
-0.773 36.165 
-0.826 42.709 
-0.826 42.709 
-0.823 42.542 
-0.715 31.426 
-0.836 45.891 
-0.839 46.271 
-0.87 52.205 
-0.88 57.361 
-0.773 36.165 
-0.823 42.542 
-0.755 31.949 
