P=? [ F (x=9&y=9&crashed=0) ]	R{"cost"}=? [ C<=100 ]
0.676	21.088
0.906	53.187
0.906	53.187
0.676	21.088
0.846	37.319
0.888	52.398
0.88	46.698
0.887	47.576
0.879	42.434
0.765	29.299
0.867	40.803
0.764	25.998
0.703	24.483
0.695	21.681
0.867	40.803
0.775	29.657
0.89	52.687
0.744	25.643
0.791	29.76
0.76	25.658
0.904	52.89
0.812	32.855
0.824	34.511
0.812	32.855
0.824	34.511
0.796	30.196
0.735	25.219
0.799	31.494
0.736	25.465
0.773	29.477
0.743	25.471
0.695	21.681
0.703	24.483
0.727	25.102
0.828	35.227
0.706	24.547
0.833	35.979
0.828	35.227
0.713	24.73
0.762	25.952
0.718	24.787
0.833	35.979
0.885	47.17
0.723	24.97
0.684	21.473
0.679	21.152
0.715	24.763
0.689	21.591
0.808	32.497
0.684	21.473
0.679	21.152
0.8	31.683
0.805	32.165
0.811	32.556
0.878	42.339
0.877	42.002
0.871	41.557
0.793	30.125
0.725	25.057
0.87	41.237
0.886	47.274
0.872	41.664
0.876	41.912
0.868	41.079
0.885	47.17
0.88	46.698
0.799	31.494
0.839	36.592
0.837	36.267
0.706	24.547
0.802	31.81
0.72	24.955
0.905	53.102
0.843	36.937
0.841	36.857
0.839	36.592
0.826	34.824
0.826	34.824
0.796	30.196
0.692	21.615
0.808	32.497
0.805	32.165
0.713	24.73
0.773	29.477
0.687	21.558
0.844	37.01
0.692	21.615
0.804	31.862
0.887	47.576
0.869	41.146
0.835	36.136
0.792	29.841
0.837	36.267
0.835	36.136
0.727	25.102
0.876	41.912
0.872	41.664
0.825	34.597
0.687	21.558
0.841	36.857
