-0.678 27.027 
-0.83 61.342 
-0.678 27.027 
-0.83 61.342 
-0.799 47.513 
-0.829 60.822 
-0.823 56.656 
-0.696 30.154 
-0.784 45.046 
-0.82 55.724 
-0.814 52.229 
-0.68 27.134 
-0.68 27.134 
-0.782 41.986 
-0.696 30.154 
-0.805 50.327 
-0.804 50.154 
-0.763 39.979 
-0.759 37.576 
-0.732 34.64 
-0.798 46.315 
-0.73 32.908 
-0.812 51.311 
-0.78 41.199 
-0.814 52.229 
-0.829 60.822 
-0.757 37.161 
-0.82 55.724 
-0.698 30.474 
-0.746 36.23 
-0.823 56.656 
-0.707 30.908 
-0.704 30.559 
-0.774 41.016 
-0.749 36.46 
-0.752 36.859 
-0.711 31.029 
-0.804 50.154 
-0.795 45.828 
-0.734 35.001 
-0.737 35.679 
-0.812 51.311 
-0.744 35.927 
-0.763 39.979 
-0.759 37.576 
-0.79 45.621 
-0.728 32.658 
-0.716 31.809 
-0.821 56.096 
-0.782 41.986 
-0.751 36.576 
-0.787 45.11 
-0.771 40.411 
-0.765 40.279 
-0.788 45.209 
-0.773 40.891 
-0.772 40.532 
-0.736 35.354 
-0.74 35.688 
-0.724 32.349 
-0.74 35.688 
-0.758 37.28 
-0.789 45.606 
-0.781 41.357 
-0.732 34.64 
-0.735 35.203 
-0.713 31.269 
-0.768 40.384 
-0.813 51.676 
-0.797 45.996 
-0.719 31.885 
-0.715 31.693 
-0.723 32.339 
-0.768 40.384 
-0.712 31.16 
-0.744 35.927 
-0.705 30.779 
-0.795 45.828 
-0.813 51.676 
-0.765 40.279 
-0.721 31.97 
-0.728 32.658 
-0.724 32.349 
-0.697 30.463 
-0.752 36.859 
-0.719 31.885 
-0.822 56.356 
-0.784 45.046 
-0.722 32.06 
-0.822 56.356 
-0.73 32.908 
-0.714 31.51 
-0.729 32.882 
-0.79 45.621 
-0.714 31.51 
-0.774 41.016 
-0.797 45.996 
-0.781 41.357 
-0.705 30.779 
-0.722 32.06 
