-0.802 55.788 
-0.639 28.518 
-0.802 55.788 
-0.661 30.242 
-0.733 35.334 
-0.734 39.124 
-0.795 50.933 
-0.772 44.931 
-0.794 50.537 
-0.781 46.378 
-0.764 41.179 
-0.678 30.991 
-0.642 28.899 
-0.703 34.581 
-0.688 33.907 
-0.68 32.806 
-0.719 34.667 
-0.7 33.98 
-0.762 40.693 
-0.794 50.537 
-0.749 40.661 
-0.72 34.888 
-0.781 46.378 
-0.746 39.54 
-0.679 31.052 
-0.642 28.899 
-0.764 41.179 
-0.772 44.931 
-0.795 50.933 
-0.777 45.206 
-0.688 33.907 
-0.68 32.806 
-0.78 46.296 
-0.748 40.427 
-0.747 39.612 
-0.779 45.515 
-0.72 34.888 
-0.703 34.581 
-0.746 39.54 
-0.734 39.124 
-0.7 33.98 
-0.763 40.894 
-0.748 40.427 
-0.778 45.417 
-0.763 40.894 
-0.779 45.515 
-0.778 45.417 
-0.719 34.667 
-0.747 39.612 
-0.679 31.052 
-0.749 40.661 
-0.802 55.788 
-0.781 46.378 
-0.772 44.931 
-0.764 41.179 
-0.688 33.907 
-0.703 34.581 
-0.746 39.54 
-0.734 39.124 
-0.748 40.427 
-0.72 34.888 
-0.778 45.417 
-0.719 34.667 
-0.747 39.612 
-0.749 40.661 
-0.781 46.378 
-0.764 41.179 
-0.688 33.907 
-0.703 34.581 
-0.746 39.54 
-0.734 39.124 
-0.748 40.427 
-0.72 34.888 
-0.778 45.417 
-0.719 34.667 
-0.747 39.612 
-0.688 33.907 
-0.72 34.888 
-0.703 34.581 
-0.734 39.124 
-0.764 41.179 
-0.748 40.427 
-0.778 45.417 
-0.719 34.667 
-0.747 39.612 
-0.703 34.581 
-0.764 41.179 
-0.688 33.907 
-0.72 34.888 
-0.748 40.427 
-0.778 45.417 
-0.719 34.667 
-0.703 34.581 
-0.764 41.179 
-0.748 40.427 
-0.778 45.417 
-0.719 34.667 
-0.703 34.581 
-0.748 40.427 
-0.778 45.417 
