-0.863 42.519 
-0.768 33.504 
-0.773 33.869 
-0.922 54.186 
-0.815 37.481 
-0.815 37.481 
-0.913 53.336 
-0.758 33.485 
-0.871 42.827 
-0.872 43.138 
-0.773 33.869 
-0.733 32.149 
-0.863 42.519 
-0.768 33.504 
-0.87 42.558 
-0.872 43.138 
-0.872 43.138 
-0.815 37.481 
-0.773 33.869 
-0.922 54.186 
-0.872 43.138 
-0.773 33.869 
-0.773 33.869 
-0.815 37.481 
-0.815 37.481 
-0.801 34.17 
-0.773 33.869 
-0.872 43.138 
-0.804 37.059 
-0.818 37.751 
-0.815 37.481 
-0.86 37.785 
-0.872 43.138 
-0.818 37.751 
-0.813 37.166 
-0.773 33.869 
-0.903 47.935 
-0.872 43.138 
-0.889 43.76 
-0.913 53.336 
-0.756 32.959 
-0.818 37.751 
-0.903 47.935 
-0.908 49.769 
-0.872 43.138 
-0.773 33.869 
-0.889 43.76 
