-0.863 46.814 
-0.752 27.097 
-0.72 25.885 
-0.764 30.472 
-0.719 25.787 
-0.72 25.885 
-0.863 46.814 
-0.864 47.108 
-0.863 46.814 
-0.713 25.111 
-0.845 40.641 
-0.881 57.251 
-0.682 24.318 
-0.719 25.787 
-0.72 25.885 
-0.719 25.787 
-0.752 27.097 
-0.853 46.083 
-0.853 46.083 
-0.864 47.108 
-0.752 27.097 
-0.882 57.386 
-0.862 46.592 
-0.804 34.931 
-0.719 25.787 
-0.863 46.814 
-0.821 35.637 
-0.845 40.641 
-0.871 51.206 
-0.822 36.121 
-0.798 31.57 
-0.795 31.077 
-0.863 46.814 
-0.804 34.931 
-0.864 47.108 
-0.864 47.108 
-0.864 47.108 
-0.899 62.101 
-0.72 25.885 
-0.836 39.98 
-0.862 46.592 
-0.863 46.814 
-0.872 51.227 
-0.881 57.251 
-0.823 36.198 
-0.846 41.026 
-0.863 46.814 
-0.755 30.229 
-0.853 46.083 
-0.753 27.1 
-0.881 57.251 
-0.72 25.885 
-0.853 46.083 
-0.764 30.472 
-0.72 25.885 
-0.818 35.225 
-0.804 34.931 
-0.77 30.649 
-0.796 31.162 
-0.719 25.787 
-0.881 57.251 
-0.88 51.436 
-0.854 46.423 
-0.872 51.227 
-0.863 46.814 
-0.755 30.229 
-0.72 25.885 
-0.804 34.931 
-0.864 47.108 
-0.864 47.108 
-0.823 36.198 
-0.853 46.083 
-0.778 30.875 
-0.749 26.412 
-0.819 35.376 
-0.844 40.599 
-0.82 35.552 
-0.899 62.101 
-0.836 39.98 
-0.823 36.198 
-0.881 57.251 
-0.788 30.894 
-0.811 35.135 
