-0.899 62.007 
-0.681 24.306 
-0.89 56.904 
-0.87 50.338 
-0.88 51.434 
-0.881 55.796 
-0.727 26.224 
-0.865 46.169 
-0.749 26.408 
-0.763 30.031 
-0.784 30.164 
-0.861 45.034 
-0.848 41.617 
-0.695 24.995 
-0.754 26.923 
-0.713 25.075 
-0.833 39.4 
-0.824 36.217 
-0.807 34.389 
-0.8 31.568 
-0.755 29.452 
-0.848 41.617 
-0.861 45.034 
-0.882 56.201 
-0.824 36.217 
-0.833 39.4 
-0.873 51.095 
-0.816 34.816 
-0.809 34.706 
-0.807 34.389 
-0.8 31.568 
-0.865 46.169 
-0.79 30.192 
-0.784 30.164 
-0.695 24.995 
-0.689 24.6 
-0.682 24.315 
-0.687 24.337 
-0.838 40.285 
-0.717 25.347 
-0.715 25.333 
-0.843 40.297 
-0.882 56.201 
-0.724 25.911 
-0.719 25.637 
-0.836 39.761 
-0.722 25.668 
-0.751 26.641 
-0.864 45.779 
-0.872 50.716 
-0.822 35.846 
-0.76 29.916 
-0.862 45.387 
-0.818 34.937 
-0.819 35.248 
-0.844 40.385 
-0.847 41.115 
-0.834 39.441 
-0.763 30.031 
-0.759 29.72 
-0.798 31.251 
-0.751 26.641 
-0.881 55.796 
-0.689 24.6 
-0.864 45.779 
-0.862 45.387 
-0.837 40.144 
-0.791 30.352 
-0.872 50.716 
-0.758 29.616 
-0.749 26.408 
-0.821 35.635 
-0.82 35.284 
-0.88 51.434 
-0.873 51.095 
-0.794 30.687 
-0.757 29.52 
-0.808 34.675 
-0.835 39.722 
-0.793 30.669 
-0.792 30.398 
-0.845 40.641 
-0.847 41.115 
-0.846 40.86 
-0.713 25.075 
-0.797 31.166 
-0.796 30.921 
-0.756 29.483 
-0.846 40.86 
-0.845 40.641 
-0.799 31.465 
-0.823 36.005 
-0.821 35.635 
-0.722 25.668 
-0.719 25.637 
-0.688 24.526 
-0.726 26.035 
-0.823 36.005 
-0.795 30.835 
-0.837 40.144 
