-0.782 26.767 
-0.915 58.188 
-0.782 26.767 
-0.915 58.188 
-0.802 30.863 
-0.906 52.931 
-0.898 52.76 
-0.887 47.368 
-0.843 35.793 
-0.859 41.204 
-0.856 37.228 
-0.822 30.963 
-0.897 48.157 
-0.828 31.91 
-0.828 31.91 
-0.882 43.786 
-0.843 35.793 
-0.791 27.888 
-0.802 30.863 
-0.791 27.888 
-0.895 47.582 
-0.906 52.931 
-0.849 35.888 
-0.882 43.786 
-0.877 42.124 
-0.785 27.127 
-0.887 47.368 
-0.872 42.052 
-0.868 41.768 
-0.896 47.675 
-0.864 41.709 
-0.863 41.669 
-0.827 31.546 
-0.881 43.236 
-0.855 37.156 
-0.854 36.616 
-0.787 27.212 
-0.897 48.157 
-0.869 41.936 
-0.88 43.082 
-0.879 42.634 
-0.862 41.318 
-0.79 27.87 
-0.789 27.53 
-0.822 30.963 
-0.851 36.224 
-0.849 35.888 
-0.824 31.213 
-0.871 42.028 
-0.853 36.529 
-0.852 36.236 
-0.879 42.634 
-0.878 42.346 
-0.788 27.5 
-0.861 41.27 
-0.826 31.545 
-0.825 31.294 
-0.824 31.213 
-0.851 36.224 
-0.878 42.346 
-0.898 52.76 
-0.881 43.236 
-0.88 43.082 
-0.854 36.616 
-0.853 36.529 
-0.787 27.212 
-0.825 31.294 
-0.855 37.156 
-0.872 42.052 
-0.861 41.27 
-0.868 41.768 
-0.864 41.709 
-0.87 41.993 
-0.862 41.318 
-0.87 41.993 
-0.789 27.53 
-0.788 27.5 
-0.79 27.87 
-0.852 36.236 
-0.826 31.545 
-0.782 26.767 
-0.828 31.91 
-0.843 35.793 
-0.802 30.863 
-0.791 27.888 
-0.882 43.786 
-0.855 37.156 
-0.822 30.963 
-0.849 35.888 
-0.872 42.052 
-0.868 41.768 
-0.87 41.993 
-0.879 42.634 
-0.824 31.213 
-0.851 36.224 
-0.878 42.346 
-0.898 52.76 
-0.854 36.616 
-0.787 27.212 
-0.825 31.294 
