-0.829 36.237 
-0.749 27.106 
-0.891 53.333 
-0.84 36.424 
-0.888 47.871 
-0.78 27.522 
-0.888 47.871 
-0.749 27.106 
-0.749 27.106 
-0.78 27.522 
-0.89 48.282 
-0.888 47.871 
-0.84 36.424 
-0.864 42.204 
-0.787 31.226 
-0.854 37.233 
-0.783 30.678 
-0.863 41.756 
-0.749 27.106 
-0.78 27.522 
-0.749 27.106 
-0.84 36.424 
-0.888 47.871 
-0.881 43.238 
-0.809 31.733 
-0.854 37.233 
-0.829 36.237 
-0.749 27.106 
-0.752 27.132 
-0.752 27.132 
-0.853 36.606 
-0.829 36.237 
-0.888 47.871 
-0.826 31.757 
-0.877 42.321 
-0.88 43.139 
-0.78 27.522 
-0.878 42.745 
-0.78 27.522 
-0.856 37.529 
-0.767 27.205 
-0.83 36.252 
-0.852 36.569 
-0.864 42.204 
-0.889 47.959 
-0.78 27.522 
-0.888 47.871 
-0.879 42.817 
