-0.626 23.765 
-0.856 64.856 
-0.84 46.015 
-0.644 27.373 
-0.855 59.855 
-0.708 27.44 
-0.855 59.855 
-0.766 34.06 
-0.799 35.881 
-0.736 30.03 
-0.826 44.681 
-0.758 30.147 
-0.724 28.624 
-0.761 30.496 
-0.804 39.318 
-0.824 41.466 
-0.644 27.373 
-0.837 45.63 
-0.828 45.223 
-0.778 34.28 
-0.712 28.125 
-0.73 28.975 
-0.786 34.455 
-0.81 39.9 
-0.819 40.545 
-0.82 40.823 
-0.779 34.319 
-0.766 34.06 
-0.813 40.3 
-0.814 40.463 
-0.761 30.496 
-0.805 39.364 
-0.804 39.318 
-0.794 35.325 
-0.791 35.114 
-0.787 34.666 
-0.733 29.419 
-0.823 41.255 
-0.789 34.989 
-0.805 39.364 
-0.733 29.419 
-0.788 34.909 
-0.712 28.125 
-0.736 30.03 
-0.823 41.255 
-0.824 41.466 
-0.792 35.317 
-0.759 30.335 
-0.811 39.927 
-0.71 27.941 
-0.711 27.957 
-0.797 35.691 
-0.796 35.515 
-0.76 30.344 
-0.709 27.772 
-0.732 29.272 
-0.732 29.272 
-0.811 39.927 
-0.796 35.515 
-0.797 35.691 
-0.709 27.772 
-0.779 34.319 
-0.758 30.147 
-0.814 40.463 
-0.792 35.317 
-0.644 27.373 
-0.761 30.496 
-0.766 34.06 
-0.804 39.318 
-0.805 39.364 
-0.733 29.419 
-0.736 30.03 
-0.823 41.255 
-0.732 29.272 
-0.796 35.515 
-0.779 34.319 
-0.709 27.772 
-0.814 40.463 
-0.792 35.317 
-0.644 27.373 
-0.736 30.03 
-0.644 27.373 
-0.644 27.373 
-0.644 27.373 
-0.736 30.03 
-0.644 27.373 
-0.644 27.373 
-0.814 40.463 
-0.644 27.373 
-0.644 27.373 
-0.804 39.318 
-0.644 27.373 
-0.766 34.06 
-0.814 40.463 
-0.736 30.03 
-0.644 27.373 
-0.644 27.373 
-0.644 27.373 
-0.814 40.463 
-0.761 30.496 
