-0.856 51.514 
-0.625 23.431 
-0.856 51.514 
-0.844 50.696 
-0.695 27.111 
-0.65 25.006 
-0.84 46.014 
-0.778 33.918 
-0.767 30.318 
-0.826 44.46 
-0.649 24.957 
-0.802 38.849 
-0.824 41.419 
-0.799 35.837 
-0.695 27.111 
-0.754 29.562 
-0.733 29.26 
-0.633 23.689 
-0.65 25.006 
-0.633 23.689 
-0.702 27.223 
-0.724 28.624 
-0.778 33.918 
-0.712 28.086 
-0.767 30.318 
-0.724 28.624 
-0.848 51.084 
-0.84 46.014 
-0.708 27.389 
-0.754 29.562 
-0.759 29.838 
-0.853 51.123 
-0.834 44.918 
-0.786 34.452 
-0.759 29.838 
-0.855 51.343 
-0.824 41.419 
-0.815 40.296 
-0.791 35.113 
-0.712 28.086 
-0.829 44.882 
-0.839 45.509 
-0.823 40.919 
-0.71 27.572 
-0.781 34.277 
-0.779 34.274 
-0.806 39.526 
-0.802 38.849 
-0.818 40.343 
-0.81 39.725 
-0.794 35.281 
-0.763 30.068 
-0.848 51.084 
-0.799 35.837 
-0.728 28.883 
-0.711 27.94 
-0.828 44.852 
-0.822 40.755 
-0.813 40.097 
-0.731 29.073 
-0.797 35.647 
-0.805 39.217 
-0.732 29.161 
-0.733 29.26 
-0.836 45.124 
-0.789 34.815 
-0.796 35.487 
-0.82 40.557 
-0.781 34.277 
-0.812 39.935 
-0.791 35.113 
-0.708 27.389 
-0.804 39.056 
-0.807 39.565 
-0.789 34.815 
-0.728 28.883 
-0.763 30.068 
-0.804 39.056 
-0.836 45.124 
-0.827 44.664 
-0.819 40.544 
-0.766 30.308 
-0.764 30.11 
-0.811 39.922 
-0.795 35.471 
-0.827 44.664 
-0.71 27.572 
-0.837 45.301 
-0.786 34.452 
-0.787 34.622 
-0.839 45.509 
-0.838 45.34 
-0.794 35.281 
-0.814 40.132 
-0.823 40.919 
-0.764 30.11 
-0.821 40.719 
-0.805 39.217 
-0.853 51.123 
-0.81 39.725 
