-0.611 23.69 
-0.829 50.685 
-0.611 23.69 
-0.805 45.473 
-0.82 49.609 
-0.803 43.831 
-0.643 25.035 
-0.613 23.78 
-0.775 38.374 
-0.689 29.129 
-0.714 29.577 
-0.748 33.995 
-0.766 35.188 
-0.742 30.931 
-0.643 25.035 
-0.788 40.999 
-0.658 25.638 
-0.675 25.882 
-0.688 28.815 
-0.788 40.999 
-0.658 25.638 
-0.687 26.884 
-0.715 29.84 
-0.728 30.103 
-0.804 44.075 
-0.76 34.197 
-0.826 50.041 
-0.613 23.78 
-0.728 30.103 
-0.737 30.209 
-0.75 34.037 
-0.682 26.332 
-0.775 38.374 
-0.766 35.188 
-0.675 25.882 
-0.784 40.121 
-0.742 30.931 
-0.682 26.332 
-0.826 50.041 
-0.748 33.995 
-0.777 38.429 
-0.686 26.637 
-0.783 39.538 
-0.765 35.177 
-0.764 34.64 
-0.779 38.942 
-0.786 40.736 
-0.714 29.577 
-0.689 29.129 
-0.763 34.445 
-0.785 40.384 
-0.74 30.395 
-0.741 30.606 
-0.686 26.637 
-0.783 39.538 
-0.782 39.238 
-0.738 30.376 
-0.75 34.037 
-0.786 40.736 
-0.715 29.84 
-0.785 40.384 
-0.782 39.238 
-0.781 38.978 
-0.687 26.884 
-0.804 44.075 
-0.741 30.606 
-0.764 34.64 
-0.777 38.429 
-0.761 34.368 
-0.76 34.197 
-0.779 38.942 
-0.737 30.209 
-0.612 23.702 
-0.762 34.385 
-0.781 38.978 
-0.78 38.945 
-0.74 30.395 
-0.738 30.376 
-0.762 34.385 
-0.761 34.368 
-0.612 23.702 
-0.765 35.177 
-0.78 38.945 
-0.611 23.69 
-0.788 40.999 
-0.613 23.78 
-0.728 30.103 
-0.775 38.374 
-0.766 35.188 
-0.675 25.882 
-0.742 30.931 
-0.785 40.384 
-0.714 29.577 
-0.689 29.129 
-0.783 39.538 
-0.826 50.041 
-0.75 34.037 
-0.786 40.736 
-0.715 29.84 
-0.687 26.884 
