-0.937 53.823 
-0.751 26.269 
-0.937 53.823 
-0.751 26.269 
-0.809 26.898 
-0.895 36.485 
-0.928 47.828 
-0.936 49.037 
-0.911 42.077 
-0.89 32.606 
-0.927 43.907 
-0.909 38.19 
-0.856 30.835 
-0.816 27.52 
-0.86 30.959 
-0.836 30.49 
-0.836 30.49 
-0.817 30.373 
-0.818 30.402 
-0.877 31.385 
-0.933 48.354 
-0.905 36.916 
-0.923 42.812 
-0.914 42.757 
-0.895 36.485 
-0.89 32.606 
-0.913 42.325 
-0.816 27.52 
-0.881 31.671 
-0.886 32.189 
-0.909 38.19 
-0.905 36.916 
-0.934 48.924 
-0.924 43.376 
-0.907 37.419 
-0.926 43.575 
-0.907 37.419 
-0.885 32.022 
-0.908 37.748 
-0.877 31.385 
-0.886 32.189 
-0.878 31.505 
-0.885 32.022 
-0.882 31.68 
-0.927 43.907 
-0.908 37.748 
-0.882 31.68 
-0.935 48.947 
-0.925 43.571 
-0.924 43.376 
-0.878 31.505 
-0.936 49.037 
-0.818 30.402 
-0.923 42.812 
-0.914 42.757 
-0.817 30.373 
-0.934 48.924 
-0.925 43.571 
-0.751 26.269 
-0.937 53.823 
-0.836 30.49 
-0.895 36.485 
-0.89 32.606 
-0.816 27.52 
-0.909 38.19 
-0.905 36.916 
-0.882 31.68 
-0.927 43.907 
-0.886 32.189 
-0.877 31.385 
-0.914 42.757 
-0.885 32.022 
-0.908 37.748 
-0.924 43.376 
-0.878 31.505 
-0.936 49.037 
-0.818 30.402 
-0.817 30.373 
-0.934 48.924 
-0.925 43.571 
-0.751 26.269 
-0.937 53.823 
-0.816 27.52 
-0.895 36.485 
-0.89 32.606 
-0.924 43.376 
-0.882 31.68 
-0.927 43.907 
-0.909 38.19 
-0.905 36.916 
-0.886 32.189 
-0.877 31.385 
-0.885 32.022 
-0.878 31.505 
-0.908 37.748 
-0.818 30.402 
-0.934 48.924 
-0.937 53.823 
-0.751 26.269 
-0.816 27.52 
