-0.651 23.573 
-0.898 57.986 
-0.651 23.573 
-0.688 23.627 
-0.883 52.958 
-0.705 27.26 
-0.852 41.207 
-0.812 35.67 
-0.887 57.376 
-0.723 27.4 
-0.859 45.417 
-0.808 31.894 
-0.836 40.299 
-0.832 36.503 
-0.877 50.793 
-0.875 47.689 
-0.667 23.587 
-0.773 30.401 
-0.822 35.855 
-0.848 40.733 
-0.795 31.376 
-0.737 28.282 
-0.667 23.587 
-0.787 30.696 
-0.71 27.319 
-0.881 51.393 
-0.742 28.797 
-0.754 29.755 
-0.754 29.755 
-0.764 30.213 
-0.804 31.516 
-0.77 30.266 
-0.737 28.282 
-0.839 40.638 
-0.89 57.603 
-0.859 45.417 
-0.872 46.943 
-0.76 29.884 
-0.742 28.797 
-0.83 36.291 
-0.791 30.987 
-0.864 46.075 
-0.866 46.677 
-0.826 36.242 
-0.808 31.894 
-0.861 45.848 
-0.79 30.983 
-0.871 46.81 
-0.89 57.603 
-0.887 57.376 
-0.71 27.319 
-0.836 40.299 
-0.832 36.503 
-0.874 47.559 
-0.812 35.67 
-0.741 28.627 
-0.787 30.696 
-0.86 45.716 
-0.804 31.516 
-0.76 29.884 
-0.879 51.168 
-0.826 36.242 
-0.881 51.393 
-0.879 51.168 
-0.741 28.627 
-0.865 46.371 
-0.865 46.371 
-0.875 47.689 
-0.874 47.559 
-0.838 40.513 
-0.838 40.513 
-0.871 46.81 
-0.866 46.677 
-0.839 40.638 
-0.651 23.573 
-0.737 28.282 
-0.808 31.894 
-0.836 40.299 
-0.787 30.696 
-0.887 57.376 
-0.71 27.319 
-0.826 36.242 
-0.832 36.503 
-0.881 51.393 
-0.879 51.168 
-0.865 46.371 
-0.875 47.689 
-0.874 47.559 
-0.871 46.81 
-0.866 46.677 
-0.651 23.573 
-0.887 57.376 
-0.787 30.696 
-0.808 31.894 
-0.836 40.299 
-0.737 28.282 
-0.879 51.168 
-0.826 36.242 
-0.832 36.503 
-0.881 51.393 
