-0.898 57.986 
-0.687 23.566 
-0.898 57.986 
-0.89 57.603 
-0.889 52.199 
-0.855 41.587 
-0.809 32.089 
-0.705 27.26 
-0.836 40.295 
-0.832 36.503 
-0.859 45.417 
-0.688 23.627 
-0.815 35.376 
-0.877 50.793 
-0.875 47.689 
-0.725 27.841 
-0.688 23.627 
-0.705 27.26 
-0.723 27.4 
-0.773 30.401 
-0.737 28.282 
-0.787 30.696 
-0.71 27.319 
-0.742 28.797 
-0.754 29.755 
-0.754 29.755 
-0.8 31.2 
-0.793 31.059 
-0.839 40.638 
-0.848 40.733 
-0.881 51.393 
-0.828 35.94 
-0.764 30.213 
-0.76 29.884 
-0.815 35.376 
-0.881 51.393 
-0.851 40.83 
-0.866 46.677 
-0.742 28.797 
-0.77 30.266 
-0.737 28.282 
-0.804 31.498 
-0.824 35.935 
-0.806 31.785 
-0.889 52.199 
-0.859 45.417 
-0.871 46.81 
-0.71 27.319 
-0.836 40.295 
-0.832 36.503 
-0.838 40.509 
-0.741 28.618 
-0.817 35.584 
-0.864 46.075 
-0.773 30.401 
-0.76 29.884 
-0.874 47.559 
-0.872 46.943 
-0.803 31.209 
-0.764 30.213 
-0.879 51.168 
-0.877 50.793 
-0.83 36.291 
-0.861 45.848 
-0.787 30.696 
-0.789 30.705 
-0.848 40.733 
-0.822 35.855 
-0.879 51.168 
-0.89 57.603 
-0.77 30.266 
-0.852 41.207 
-0.83 36.291 
-0.808 31.894 
-0.819 35.702 
-0.741 28.618 
-0.853 41.369 
-0.822 35.855 
-0.865 46.371 
-0.86 45.716 
-0.872 46.943 
-0.865 46.371 
-0.875 47.689 
-0.874 47.559 
-0.818 35.691 
-0.79 30.983 
-0.723 27.4 
-0.864 46.075 
-0.861 45.848 
-0.853 41.369 
-0.791 30.987 
-0.852 41.207 
-0.819 35.702 
-0.871 46.81 
-0.866 46.677 
-0.86 45.716 
-0.808 31.894 
-0.839 40.638 
-0.791 30.987 
-0.803 31.209 
