-0.701 23.511 
-0.906 57.509 
-0.701 23.511 
-0.891 52.954 
-0.809 32.089 
-0.903 57.135 
-0.705 27.26 
-0.859 45.414 
-0.855 41.584 
-0.704 23.864 
-0.822 35.247 
-0.877 50.659 
-0.836 40.295 
-0.875 47.689 
-0.833 37.345 
-0.822 35.247 
-0.77 30.195 
-0.723 27.391 
-0.726 27.905 
-0.903 57.135 
-0.71 27.309 
-0.742 28.797 
-0.777 30.596 
-0.754 29.755 
-0.886 51.77 
-0.754 29.755 
-0.839 40.533 
-0.736 28.021 
-0.881 51.389 
-0.787 30.696 
-0.848 40.733 
-0.761 29.909 
-0.833 37.345 
-0.865 46.368 
-0.793 31.059 
-0.774 30.348 
-0.8 31.183 
-0.742 28.797 
-0.855 41.584 
-0.806 31.56 
-0.869 46.584 
-0.76 29.884 
-0.823 35.77 
-0.791 30.938 
-0.832 36.499 
-0.725 27.583 
-0.861 45.522 
-0.888 52.186 
-0.889 52.199 
-0.71 27.309 
-0.828 35.938 
-0.905 57.366 
-0.804 31.498 
-0.879 51.168 
-0.877 50.659 
-0.824 35.935 
-0.803 31.209 
-0.874 47.555 
-0.872 46.939 
-0.859 45.414 
-0.851 40.83 
-0.836 40.295 
-0.848 40.733 
-0.831 36.278 
-0.862 45.855 
-0.864 46.075 
-0.8 31.183 
-0.739 28.35 
-0.854 41.179 
-0.789 30.705 
-0.87 46.592 
-0.879 51.168 
-0.775 30.566 
-0.808 31.894 
-0.704 23.864 
-0.737 28.208 
-0.741 28.618 
-0.808 31.894 
-0.739 28.35 
-0.875 47.689 
-0.874 47.555 
-0.853 41.048 
-0.83 36.148 
-0.872 46.939 
-0.793 31.059 
-0.761 29.909 
-0.741 28.618 
-0.787 30.696 
-0.851 40.83 
-0.723 27.391 
-0.832 36.499 
-0.864 46.075 
-0.862 45.855 
-0.853 41.048 
-0.871 46.81 
-0.838 40.509 
-0.83 36.148 
-0.838 40.509 
-0.889 52.199 
-0.789 30.705 
