-0.872 47.336 
-0.795 31.378 
-0.883 57.345 
-0.874 47.559 
-0.84 40.87 
-0.795 31.378 
-0.716 27.493 
-0.88 57.343 
-0.795 31.378 
-0.879 51.168 
-0.861 46.143 
-0.737 28.282 
-0.866 46.677 
-0.827 36.54 
-0.795 31.378 
-0.866 46.677 
-0.84 40.87 
-0.716 27.493 
-0.852 41.21 
-0.874 47.559 
-0.883 57.345 
-0.832 36.629 
-0.795 31.378 
-0.812 35.671 
-0.826 36.242 
-0.866 46.677 
-0.764 30.25 
-0.791 31.025 
-0.795 31.378 
-0.808 31.894 
-0.872 47.336 
-0.838 40.655 
-0.697 27.384 
-0.84 40.87 
-0.859 45.417 
-0.838 40.655 
-0.874 47.559 
-0.836 40.299 
-0.822 35.855 
-0.86 46.019 
-0.804 31.534 
-0.887 57.376 
-0.737 28.282 
-0.691 27.378 
-0.883 57.345 
-0.88 57.343 
-0.872 47.336 
-0.737 28.282 
-0.757 29.995 
-0.883 57.345 
-0.651 23.573 
-0.754 29.755 
-0.866 46.677 
-0.883 57.345 
-0.861 46.143 
-0.764 30.25 
-0.872 47.336 
-0.866 46.677 
-0.872 47.336 
-0.852 41.21 
-0.808 31.894 
-0.76 30.025 
-0.883 57.345 
-0.841 40.998 
-0.787 30.696 
-0.866 46.677 
-0.764 30.25 
-0.879 51.168 
-0.889 58.069 
-0.795 31.378 
-0.716 27.493 
