-0.774 27.889 
-0.899 48.586 
-0.899 48.586 
-0.774 27.889 
-0.823 31.361 
-0.843 35.924 
-0.887 47.341 
-0.792 27.979 
-0.861 41.199 
-0.823 31.361 
-0.857 37.575 
-0.882 43.616 
-0.792 27.979 
-0.833 32.475 
-0.79 27.978 
-0.83 32.217 
-0.869 42.29 
-0.847 36.113 
-0.852 37.007 
-0.833 32.475 
-0.896 47.932 
-0.889 47.701 
-0.863 41.686 
-0.877 42.934 
-0.857 37.575 
-0.898 48.293 
-0.882 43.616 
-0.876 42.451 
-0.851 36.722 
-0.863 41.686 
-0.851 36.722 
-0.873 42.4 
-0.879 43.238 
-0.881 43.329 
-0.873 42.4 
-0.831 32.419 
-0.896 47.932 
-0.889 47.701 
-0.879 43.238 
-0.881 43.329 
-0.832 32.472 
-0.876 42.451 
-0.832 32.472 
-0.774 27.889 
-0.881 43.329 
-0.774 27.889 
-0.881 43.329 
-0.881 43.329 
-0.832 32.472 
-0.881 43.329 
-0.876 42.451 
-0.876 42.451 
-0.881 43.329 
-0.881 43.329 
-0.823 31.361 
-0.774 27.889 
-0.857 37.575 
-0.857 37.575 
-0.876 42.451 
-0.823 31.361 
-0.832 32.472 
-0.774 27.889 
-0.881 43.329 
-0.876 42.451 
-0.857 37.575 
-0.833 32.475 
-0.857 37.575 
-0.823 31.361 
-0.881 43.329 
-0.774 27.889 
-0.881 43.329 
-0.879 43.238 
-0.879 43.238 
-0.881 43.329 
-0.889 47.701 
-0.881 43.329 
-0.876 42.451 
-0.876 42.451 
-0.881 43.329 
-0.879 43.238 
-0.881 43.329 
-0.881 43.329 
-0.879 43.238 
-0.857 37.575 
-0.882 43.616 
-0.876 42.451 
-0.833 32.475 
-0.889 47.701 
-0.879 43.238 
-0.882 43.616 
-0.881 43.329 
-0.857 37.575 
-0.857 37.575 
-0.823 31.361 
-0.881 43.329 
-0.882 43.616 
-0.881 43.329 
-0.857 37.575 
-0.857 37.575 
-0.857 37.575 
