-0.899 48.586 
-0.779 26.985 
-0.779 26.985 
-0.899 48.586 
-0.82 31.102 
-0.792 27.979 
-0.843 35.924 
-0.861 41.199 
-0.887 47.341 
-0.882 43.616 
-0.857 37.575 
-0.82 31.102 
-0.833 32.475 
-0.792 27.979 
-0.843 35.924 
-0.79 27.978 
-0.833 32.475 
-0.889 47.701 
-0.864 41.834 
-0.896 47.932 
-0.79 27.978 
-0.855 37.06 
-0.847 36.113 
-0.87 41.886 
-0.882 43.616 
-0.861 41.199 
-0.887 47.341 
-0.823 31.361 
-0.878 42.988 
-0.847 36.113 
-0.823 31.361 
-0.856 37.444 
-0.857 37.575 
-0.851 36.722 
-0.851 36.722 
-0.827 31.698 
-0.888 47.434 
-0.874 42.052 
-0.881 43.329 
-0.83 32.217 
-0.828 31.756 
-0.852 36.816 
-0.863 41.643 
-0.879 43.238 
-0.87 41.886 
-0.83 32.217 
-0.873 42.034 
-0.863 41.643 
-0.827 31.698 
-0.877 42.675 
-0.898 48.293 
-0.875 42.344 
-0.852 36.816 
-0.828 31.756 
-0.896 47.932 
-0.889 47.701 
-0.877 42.675 
-0.876 42.451 
-0.898 48.293 
-0.897 48.087 
-0.831 32.419 
-0.897 48.087 
-0.873 42.034 
-0.875 42.344 
-0.876 42.451 
-0.881 43.329 
-0.879 43.238 
-0.832 32.472 
-0.831 32.419 
-0.832 32.472 
-0.899 48.586 
-0.82 31.102 
-0.792 27.979 
-0.843 35.924 
-0.833 32.475 
-0.79 27.978 
-0.882 43.616 
-0.861 41.199 
-0.857 37.575 
-0.847 36.113 
-0.823 31.361 
-0.851 36.722 
-0.87 41.886 
-0.83 32.217 
-0.852 36.816 
-0.879 43.238 
-0.828 31.756 
-0.896 47.932 
-0.889 47.701 
-0.898 48.293 
-0.897 48.087 
-0.876 42.451 
-0.881 43.329 
-0.831 32.419 
-0.832 32.472 
-0.82 31.102 
-0.792 27.979 
-0.843 35.924 
-0.833 32.475 
-0.79 27.978 
