-0.898 58.749 
-0.653 31.058 
-0.898 58.749 
-0.878 53.765 
-0.688 31.656 
-0.745 31.937 
-0.866 47.168 
-0.876 48.345 
-0.851 42.884 
-0.688 31.656 
-0.829 38.477 
-0.887 57.653 
-0.783 33.193 
-0.772 32.107 
-0.745 31.937 
-0.793 36.343 
-0.833 41.579 
-0.814 36.956 
-0.796 36.873 
-0.851 42.884 
-0.847 42.358 
-0.894 57.974 
-0.783 33.193 
-0.836 42.074 
-0.793 36.343 
-0.887 57.653 
-0.868 47.446 
-0.876 48.345 
-0.868 47.446 
-0.888 57.878 
-0.776 32.407 
-0.833 41.579 
-0.823 37.794 
-0.815 37.229 
-0.776 32.407 
-0.772 32.107 
-0.848 42.625 
-0.834 41.911 
-0.894 57.974 
-0.826 38.189 
-0.78 32.949 
-0.779 32.784 
-0.817 37.324 
-0.779 32.784 
-0.82 37.718 
-0.823 37.794 
-0.847 42.358 
-0.836 42.074 
-0.819 37.594 
-0.827 38.215 
-0.848 42.625 
-0.826 38.189 
-0.78 32.949 
-0.819 37.594 
-0.817 37.324 
-0.795 36.666 
-0.794 36.549 
-0.827 38.215 
-0.835 41.953 
-0.795 36.666 
-0.794 36.549 
-0.888 57.878 
-0.814 36.956 
-0.796 36.873 
-0.82 37.718 
-0.835 41.953 
-0.688 31.656 
-0.898 58.749 
-0.745 31.937 
-0.851 42.884 
-0.793 36.343 
-0.887 57.653 
-0.876 48.345 
-0.868 47.446 
-0.894 57.974 
-0.779 32.784 
-0.823 37.794 
-0.826 38.189 
-0.836 42.074 
-0.819 37.594 
-0.78 32.949 
-0.817 37.324 
-0.795 36.666 
-0.794 36.549 
-0.888 57.878 
-0.814 36.956 
-0.796 36.873 
-0.82 37.718 
-0.827 38.215 
-0.688 31.656 
-0.898 58.749 
-0.745 31.937 
-0.851 42.884 
-0.793 36.343 
-0.887 57.653 
-0.876 48.345 
-0.868 47.446 
-0.78 32.949 
-0.779 32.784 
-0.823 37.794 
