-0.686 23.642 
-0.847 51.384 
-0.686 23.642 
-0.847 51.384 
-0.704 24.634 
-0.714 27.685 
-0.845 50.746 
-0.831 46.943 
-0.831 46.943 
-0.827 44.769 
-0.815 41.416 
-0.793 38.956 
-0.784 35.975 
-0.845 50.746 
-0.776 34.657 
-0.815 41.416 
-0.764 33.425 
-0.754 33.142 
-0.827 44.769 
-0.799 40.17 
-0.75 32.555 
-0.81 40.34 
-0.691 24.229 
-0.784 35.975 
-0.83 45.489 
-0.749 30.75 
-0.767 34.195 
-0.714 27.685 
-0.701 24.281 
-0.732 28.219 
-0.723 28.209 
-0.793 38.956 
-0.745 30.289 
-0.739 29.114 
-0.779 35.005 
-0.739 29.114 
-0.782 35.415 
-0.745 30.289 
-0.72 27.855 
-0.783 35.507 
-0.777 34.955 
-0.746 30.406 
-0.752 32.723 
-0.796 39.432 
-0.738 28.865 
-0.767 34.195 
-0.702 24.39 
-0.846 51.201 
-0.766 33.772 
-0.722 27.976 
-0.829 45.28 
-0.828 44.909 
-0.753 33.09 
-0.737 28.779 
-0.735 28.454 
-0.814 41.142 
-0.813 40.828 
-0.748 30.627 
-0.721 27.967 
-0.798 39.89 
-0.797 39.6 
-0.798 39.89 
-0.814 41.142 
-0.737 28.779 
-0.766 33.772 
-0.765 33.514 
-0.735 28.454 
-0.688 23.881 
-0.688 23.881 
-0.813 40.828 
-0.812 40.607 
-0.748 30.627 
-0.829 45.28 
-0.69 24.155 
-0.689 23.956 
-0.795 39.242 
-0.846 51.201 
-0.703 24.565 
-0.81 40.34 
-0.72 27.855 
-0.799 40.17 
-0.752 32.723 
-0.797 39.6 
-0.795 39.242 
-0.794 39.074 
-0.75 32.555 
-0.828 44.909 
-0.811 40.47 
-0.812 40.607 
-0.811 40.47 
-0.749 30.75 
-0.794 39.074 
-0.765 33.514 
-0.733 28.308 
-0.734 28.377 
-0.689 23.956 
-0.69 24.155 
-0.734 28.377 
-0.703 24.565 
-0.733 28.308 
