-0.919 48.548 
-0.777 25.955 
-0.777 25.955 
-0.823 27.401 
-0.85 28.181 
-0.784 26.644 
-0.918 43.55 
-0.88 31.93 
-0.914 43.131 
-0.85 28.181 
-0.88 31.93 
-0.909 39.139 
-0.895 37.07 
-0.891 33.523 
-0.832 28.022 
-0.823 27.401 
-0.832 28.022 
-0.899 37.608 
-0.886 32.5 
-0.784 26.644 
-0.909 39.139 
-0.782 26.458 
-0.895 37.07 
-0.891 33.523 
-0.782 26.458 
-0.901 38.231 
-0.89 33.311 
-0.887 32.71 
-0.886 32.5 
-0.896 37.288 
-0.89 33.311 
-0.887 32.71 
-0.904 38.285 
-0.908 38.924 
-0.906 38.499 
-0.915 43.172 
-0.908 38.924 
-0.915 43.172 
-0.9 37.903 
-0.896 37.288 
-0.9 37.903 
-0.906 38.499 
-0.905 38.464 
-0.904 38.285 
-0.901 38.231 
-0.905 38.464 
-0.777 25.955 
-0.85 28.181 
-0.88 31.93 
-0.823 27.401 
-0.832 28.022 
-0.784 26.644 
-0.909 39.139 
-0.895 37.07 
-0.891 33.523 
-0.886 32.5 
-0.89 33.311 
-0.887 32.71 
-0.908 38.924 
-0.915 43.172 
-0.896 37.288 
-0.9 37.903 
-0.906 38.499 
-0.904 38.285 
-0.901 38.231 
-0.905 38.464 
-0.777 25.955 
-0.85 28.181 
-0.88 31.93 
-0.823 27.401 
-0.832 28.022 
-0.909 39.139 
-0.784 26.644 
-0.891 33.523 
-0.886 32.5 
-0.89 33.311 
-0.887 32.71 
-0.896 37.288 
-0.908 38.924 
-0.9 37.903 
-0.906 38.499 
-0.901 38.231 
-0.905 38.464 
-0.777 25.955 
-0.85 28.181 
-0.88 31.93 
-0.823 27.401 
-0.784 26.644 
-0.909 39.139 
-0.832 28.022 
-0.896 37.288 
-0.891 33.523 
-0.886 32.5 
-0.89 33.311 
-0.887 32.71 
-0.9 37.903 
-0.901 38.231 
-0.905 38.464 
-0.777 25.955 
-0.85 28.181 
