-0.777 25.955 
-0.919 48.385 
-0.777 25.955 
-0.919 48.385 
-0.823 27.401 
-0.85 28.181 
-0.784 26.644 
-0.88 31.93 
-0.918 43.412 
-0.85 28.181 
-0.88 31.93 
-0.911 42.626 
-0.909 39.139 
-0.832 28.022 
-0.891 33.523 
-0.895 36.775 
-0.823 27.401 
-0.832 28.022 
-0.896 37.087 
-0.886 32.5 
-0.784 26.644 
-0.915 42.967 
-0.782 26.458 
-0.895 36.775 
-0.891 33.523 
-0.782 26.458 
-0.89 33.311 
-0.887 32.71 
-0.886 32.5 
-0.89 33.311 
-0.887 32.71 
-0.899 37.607 
-0.901 38.231 
-0.9 37.712 
-0.908 38.924 
-0.906 38.499 
-0.899 37.607 
-0.909 39.139 
-0.908 38.924 
-0.914 42.756 
-0.917 43.305 
-0.904 38.285 
-0.917 43.305 
-0.902 38.271 
-0.906 38.499 
-0.912 42.651 
-0.905 38.464 
-0.918 43.412 
-0.9 37.712 
-0.914 42.756 
-0.912 42.651 
-0.901 38.231 
-0.905 38.464 
-0.904 38.285 
-0.902 38.271 
-0.919 48.385 
-0.777 25.955 
-0.85 28.181 
-0.88 31.93 
-0.823 27.401 
-0.832 28.022 
-0.784 26.644 
-0.782 26.458 
-0.886 32.5 
-0.909 39.139 
-0.891 33.523 
-0.89 33.311 
-0.887 32.71 
-0.899 37.607 
-0.912 42.651 
-0.908 38.924 
-0.906 38.499 
-0.917 43.305 
-0.9 37.712 
-0.901 38.231 
-0.905 38.464 
-0.904 38.285 
-0.902 38.271 
-0.919 48.385 
-0.777 25.955 
-0.85 28.181 
-0.88 31.93 
-0.823 27.401 
-0.832 28.022 
-0.784 26.644 
-0.891 33.523 
-0.782 26.458 
-0.912 42.651 
-0.886 32.5 
-0.909 39.139 
-0.89 33.311 
-0.887 32.71 
-0.908 38.924 
-0.906 38.499 
-0.9 37.712 
-0.901 38.231 
-0.905 38.464 
-0.904 38.285 
-0.777 25.955 
-0.919 48.385 
