-0.731 26.105 
-0.927 54.34 
-0.731 26.105 
-0.779 30.303 
-0.884 41.86 
-0.918 49.444 
-0.922 53.323 
-0.777 26.986 
-0.903 47.051 
-0.882 38.072 
-0.9 43.504 
-0.839 33.158 
-0.85 36.483 
-0.87 36.609 
-0.846 35.957 
-0.748 26.223 
-0.792 30.329 
-0.809 30.563 
-0.759 26.234 
-0.796 30.501 
-0.748 26.223 
-0.761 26.491 
-0.771 26.529 
-0.816 31.412 
-0.823 31.785 
-0.839 33.158 
-0.892 41.971 
-0.922 53.323 
-0.908 47.871 
-0.846 35.957 
-0.774 26.668 
-0.834 32.403 
-0.835 32.814 
-0.904 47.082 
-0.926 54.065 
-0.9 43.504 
-0.926 54.065 
-0.847 36.14 
-0.829 32.006 
-0.896 42.669 
-0.908 47.871 
-0.873 36.759 
-0.829 32.006 
-0.911 48.057 
-0.879 37.548 
-0.88 37.845 
-0.824 31.791 
-0.826 31.999 
-0.874 37.051 
-0.916 49.027 
-0.914 48.55 
-0.904 47.082 
-0.899 43.074 
-0.793 30.459 
-0.834 32.403 
-0.811 30.728 
-0.895 42.307 
-0.835 32.814 
-0.795 30.462 
-0.815 31.372 
-0.814 31.063 
-0.871 36.755 
-0.916 49.027 
-0.894 42.167 
-0.882 38.072 
-0.917 49.169 
-0.849 36.359 
-0.892 41.971 
-0.884 41.86 
-0.912 48.305 
-0.914 48.55 
-0.849 36.359 
-0.894 42.167 
-0.772 26.575 
-0.911 48.057 
-0.761 26.491 
-0.877 37.41 
-0.876 37.233 
-0.779 30.303 
-0.812 30.889 
-0.826 31.999 
-0.913 48.448 
-0.912 48.305 
-0.917 49.169 
-0.895 42.307 
-0.897 42.808 
-0.881 37.935 
-0.898 42.941 
-0.897 42.808 
-0.899 43.074 
-0.898 42.941 
-0.876 37.233 
-0.875 37.101 
-0.87 36.609 
-0.813 30.997 
-0.812 30.889 
-0.913 48.448 
-0.772 26.575 
-0.878 37.457 
-0.881 37.935 
