-0.825 54.194 
-0.709 31.935 
-0.709 31.935 
-0.825 54.194 
-0.818 48.803 
-0.822 53.176 
-0.813 48.269 
-0.792 43.005 
-0.809 44.472 
-0.786 39.788 
-0.733 36.406 
-0.73 33.553 
-0.758 37.728 
-0.77 37.812 
-0.78 38.663 
-0.747 37.023 
-0.738 36.888 
-0.776 38.344 
-0.799 43.033 
-0.786 39.788 
-0.72 33.285 
-0.817 48.603 
-0.727 33.326 
-0.824 53.365 
-0.792 43.005 
-0.803 43.501 
-0.714 32.361 
-0.813 48.269 
-0.754 37.418 
-0.809 44.472 
-0.784 39.19 
-0.754 37.418 
-0.822 53.176 
-0.758 37.728 
-0.734 36.645 
-0.733 36.406 
-0.802 43.305 
-0.75 37.291 
-0.737 36.708 
-0.73 33.553 
-0.784 39.19 
-0.773 38.157 
-0.714 32.361 
-0.799 43.033 
-0.785 39.382 
-0.805 43.879 
-0.729 33.382 
-0.805 43.879 
-0.772 38.032 
-0.77 37.812 
-0.802 43.305 
-0.719 33.111 
-0.718 32.84 
-0.808 44.231 
-0.727 33.326 
-0.772 38.032 
-0.785 39.382 
-0.748 37.212 
-0.773 38.157 
-0.719 33.111 
-0.715 32.534 
-0.718 32.84 
-0.717 32.668 
-0.808 44.231 
-0.807 44.076 
-0.806 44.026 
-0.738 36.888 
-0.716 32.664 
-0.715 32.534 
-0.75 37.291 
-0.823 53.263 
-0.823 53.263 
-0.749 37.29 
-0.748 37.212 
-0.737 36.708 
-0.734 36.645 
-0.729 33.382 
-0.807 44.076 
-0.806 44.026 
-0.72 33.285 
-0.717 32.668 
-0.716 32.664 
-0.749 37.29 
-0.825 54.194 
-0.786 39.788 
-0.792 43.005 
-0.813 48.269 
-0.809 44.472 
-0.754 37.418 
-0.758 37.728 
-0.733 36.406 
-0.73 33.553 
-0.714 32.361 
-0.799 43.033 
-0.805 43.879 
-0.784 39.19 
-0.823 53.263 
-0.77 37.812 
-0.802 43.305 
-0.727 33.326 
