-0.937 65.999 
-0.786 33.059 
-0.786 33.059 
-0.937 65.999 
-0.851 37.772 
-0.917 50.205 
-0.835 33.681 
-0.927 60.465 
-0.803 33.195 
-0.927 60.465 
-0.891 39.234 
-0.918 55.302 
-0.896 44.769 
-0.936 65.831 
-0.897 48.415 
-0.874 38.329 
-0.919 55.768 
-0.896 44.769 
-0.84 34.411 
-0.888 38.494 
-0.874 38.329 
-0.802 33.163 
-0.84 34.411 
-0.851 37.772 
-0.9 49.216 
-0.908 49.785 
-0.919 55.768 
-0.908 49.785 
-0.936 65.831 
-0.891 39.234 
-0.9 49.216 
-0.837 33.813 
-0.835 33.681 
-0.888 38.494 
-0.837 33.813 
-0.803 33.195 
-0.802 33.163 
-0.937 65.999 
-0.927 60.465 
-0.896 44.769 
-0.874 38.329 
-0.84 34.411 
-0.936 65.831 
-0.891 39.234 
-0.9 49.216 
-0.888 38.494 
-0.837 33.813 
-0.802 33.163 
-0.937 65.999 
-0.802 33.163 
-0.927 60.465 
-0.936 65.831 
-0.896 44.769 
-0.9 49.216 
-0.84 34.411 
-0.837 33.813 
-0.802 33.163 
-0.937 65.999 
-0.936 65.831 
-0.896 44.769 
-0.84 34.411 
-0.937 65.999 
-0.937 65.999 
-0.84 34.411 
-0.937 65.999 
-0.937 65.999 
-0.802 33.163 
-0.802 33.163 
-0.896 44.769 
-0.84 34.411 
-0.802 33.163 
-0.937 65.999 
-0.937 65.999 
-0.802 33.163 
-0.936 65.831 
-0.927 60.465 
-0.84 34.411 
-0.84 34.411 
-0.9 49.216 
-0.9 49.216 
-0.84 34.411 
-0.937 65.999 
-0.936 65.831 
-0.802 33.163 
-0.803 33.195 
-0.837 33.813 
-0.937 65.999 
-0.802 33.163 
-0.936 65.831 
-0.936 65.831 
-0.891 39.234 
-0.84 34.411 
-0.9 49.216 
-0.874 38.329 
-0.927 60.465 
-0.802 33.163 
-0.84 34.411 
-0.937 65.999 
-0.927 60.465 
-0.84 34.411 
