-0.937 65.999 
-0.793 32.943 
-0.793 32.943 
-0.937 65.999 
-0.927 55.355 
-0.936 65.735 
-0.835 33.681 
-0.803 33.195 
-0.842 37.503 
-0.898 44.178 
-0.918 50.338 
-0.916 49.965 
-0.909 44.96 
-0.852 37.805 
-0.891 39.234 
-0.874 38.329 
-0.84 34.045 
-0.888 38.402 
-0.874 38.329 
-0.936 65.735 
-0.918 50.338 
-0.851 37.677 
-0.802 33.163 
-0.916 49.965 
-0.898 44.178 
-0.909 44.96 
-0.891 39.234 
-0.9 44.413 
-0.906 44.553 
-0.835 33.681 
-0.89 39.105 
-0.837 33.723 
-0.852 37.805 
-0.908 44.828 
-0.837 33.723 
-0.803 33.195 
-0.842 37.503 
-0.9 44.413 
-0.89 39.105 
-0.888 38.402 
-0.917 50.205 
-0.802 33.163 
-0.851 37.677 
-0.907 44.684 
-0.906 44.553 
-0.917 50.205 
-0.907 44.684 
-0.793 32.943 
-0.937 65.999 
-0.874 38.329 
-0.936 65.735 
-0.916 49.965 
-0.835 33.681 
-0.852 37.805 
-0.837 33.723 
-0.803 33.195 
-0.89 39.105 
-0.888 38.402 
-0.802 33.163 
-0.851 37.677 
-0.906 44.553 
-0.918 50.338 
-0.917 50.205 
-0.891 39.234 
-0.937 65.999 
-0.874 38.329 
-0.891 39.234 
-0.916 49.965 
-0.835 33.681 
-0.852 37.805 
-0.837 33.723 
-0.803 33.195 
-0.89 39.105 
-0.888 38.402 
-0.802 33.163 
-0.917 50.205 
-0.937 65.999 
-0.874 38.329 
-0.891 39.234 
-0.916 49.965 
-0.835 33.681 
-0.852 37.805 
-0.837 33.723 
-0.803 33.195 
-0.89 39.105 
-0.888 38.402 
-0.917 50.205 
-0.802 33.163 
-0.937 65.999 
-0.874 38.329 
-0.891 39.234 
-0.835 33.681 
-0.852 37.805 
-0.803 33.195 
-0.917 50.205 
-0.802 33.163 
-0.937 65.999 
-0.891 39.234 
-0.874 38.329 
-0.835 33.681 
