-0.883 37.501 
-0.885 40.649 
-0.879 36.667 
-0.866 31.805 
-0.738 25.882 
-0.902 43.251 
-0.738 25.882 
-0.904 46.288 
-0.885 40.649 
-0.738 25.882 
-0.928 63.667 
-0.883 37.501 
-0.89 41.387 
-0.782 26.746 
-0.888 40.982 
-0.861 30.907 
-0.866 31.805 
-0.879 36.667 
-0.738 25.882 
-0.738 25.882 
-0.745 26.165 
-0.879 36.667 
-0.927 57.926 
-0.771 26.524 
-0.738 25.882 
-0.879 36.667 
-0.897 42.622 
-0.883 37.501 
-0.879 36.667 
-0.888 40.982 
-0.866 31.805 
-0.88 36.851 
-0.835 30.579 
-0.738 25.882 
-0.9 42.86 
-0.895 42.04 
-0.738 25.882 
-0.861 30.907 
-0.904 46.288 
-0.905 46.88 
-0.883 37.501 
-0.866 31.805 
-0.91 48.385 
-0.738 25.882 
-0.918 53.81 
-0.911 53.034 
-0.928 63.667 
-0.738 25.882 
-0.876 36.371 
-0.866 31.805 
-0.738 25.882 
-0.895 42.04 
-0.738 25.882 
-0.794 26.892 
-0.866 31.805 
-0.879 36.667 
-0.879 36.667 
-0.871 35.615 
-0.861 30.907 
-0.861 30.907 
-0.905 46.88 
-0.738 25.882 
-0.862 31.088 
-0.876 36.371 
-0.861 30.907 
-0.866 31.805 
-0.738 25.882 
-0.88 36.851 
-0.879 36.667 
-0.866 31.805 
-0.861 30.907 
-0.866 31.805 
-0.866 31.805 
-0.738 25.882 
-0.904 46.288 
-0.895 42.04 
-0.771 26.524 
-0.883 37.501 
-0.782 26.746 
-0.866 31.805 
-0.896 42.376 
-0.888 40.982 
-0.883 37.501 
-0.885 40.649 
-0.904 46.288 
-0.795 30.398 
-0.904 46.288 
-0.861 30.907 
-0.883 37.501 
-0.906 47.043 
-0.88 36.851 
-0.874 35.94 
-0.895 42.04 
-0.885 40.649 
-0.866 31.805 
