-0.691 27.657 
-0.83 48.949 
-0.691 27.657 
-0.813 38.208 
-0.757 28.77 
-0.814 42.756 
-0.788 32.917 
-0.822 47.956 
-0.821 43.457 
-0.796 37.151 
-0.732 28.108 
-0.771 31.727 
-0.771 31.727 
-0.757 28.77 
-0.732 28.108 
-0.718 27.876 
-0.705 27.661 
-0.718 27.876 
-0.801 37.309 
-0.705 27.661 
-0.801 37.309 
-0.776 32.581 
-0.796 37.151 
-0.78 32.699 
-0.822 47.956 
-0.776 32.581 
-0.783 32.813 
-0.821 43.457 
-0.783 32.813 
-0.691 27.657 
-0.821 43.457 
-0.771 31.727 
-0.757 28.77 
-0.732 28.108 
-0.718 27.876 
-0.705 27.661 
-0.801 37.309 
-0.796 37.151 
-0.822 47.956 
-0.783 32.813 
-0.776 32.581 
-0.691 27.657 
-0.771 31.727 
-0.732 28.108 
-0.718 27.876 
-0.705 27.661 
-0.801 37.309 
-0.796 37.151 
-0.822 47.956 
-0.783 32.813 
-0.776 32.581 
-0.691 27.657 
-0.718 27.876 
-0.705 27.661 
-0.801 37.309 
-0.732 28.108 
-0.796 37.151 
-0.822 47.956 
-0.783 32.813 
-0.771 31.727 
-0.691 27.657 
-0.718 27.876 
-0.801 37.309 
-0.732 28.108 
-0.796 37.151 
-0.822 47.956 
-0.783 32.813 
-0.771 31.727 
-0.691 27.657 
-0.771 31.727 
-0.801 37.309 
-0.732 28.108 
-0.796 37.151 
-0.822 47.956 
-0.691 27.657 
-0.771 31.727 
-0.801 37.309 
-0.732 28.108 
-0.796 37.151 
-0.822 47.956 
-0.691 27.657 
-0.771 31.727 
-0.801 37.309 
-0.732 28.108 
-0.822 47.956 
-0.691 27.657 
-0.732 28.108 
-0.822 47.956 
-0.801 37.309 
-0.691 27.657 
-0.732 28.108 
-0.801 37.309 
-0.801 37.309 
-0.732 28.108 
-0.801 37.309 
-0.801 37.309 
-0.796 37.151 
-0.691 27.657 
-0.771 31.727 
-0.732 28.108 
