-0.875 57.266 
-0.705 24.694 
-0.875 57.266 
-0.874 47.818 
-0.744 25.022 
-0.767 25.653 
-0.772 28.879 
-0.866 42.716 
-0.828 31.326 
-0.868 46.549 
-0.83 35.176 
-0.82 30.663 
-0.748 25.351 
-0.851 40.606 
-0.849 37.038 
-0.804 30.619 
-0.843 35.86 
-0.86 41.874 
-0.782 29.496 
-0.788 29.559 
-0.833 35.332 
-0.798 30.491 
-0.767 25.653 
-0.825 30.913 
-0.837 35.769 
-0.78 29.29 
-0.775 29.276 
-0.744 25.022 
-0.748 25.351 
-0.803 30.568 
-0.869 46.713 
-0.856 41.419 
-0.853 40.826 
-0.863 42.128 
-0.849 37.038 
-0.848 36.594 
-0.872 47.355 
-0.871 46.938 
-0.865 42.398 
-0.855 41.308 
-0.874 47.818 
-0.873 47.362 
-0.856 41.419 
-0.788 29.559 
-0.825 30.913 
-0.853 40.826 
-0.851 40.606 
-0.835 35.543 
-0.793 29.768 
-0.827 31.122 
-0.791 29.762 
-0.791 29.762 
-0.796 30.17 
-0.795 29.973 
-0.774 29.082 
-0.83 35.176 
-0.861 42.025 
-0.846 36.282 
-0.845 36.133 
-0.796 30.17 
-0.848 36.594 
-0.846 36.282 
-0.855 41.308 
-0.845 36.133 
-0.798 30.491 
-0.782 29.496 
-0.871 46.938 
-0.835 35.543 
-0.836 35.752 
-0.827 31.122 
-0.78 29.29 
-0.795 29.973 
-0.774 29.082 
-0.793 29.768 
-0.864 42.3 
-0.861 42.025 
-0.864 42.3 
-0.837 35.769 
-0.803 30.568 
-0.804 30.619 
-0.836 35.752 
-0.775 29.276 
-0.873 47.362 
-0.875 57.266 
-0.767 25.653 
-0.748 25.351 
-0.849 37.038 
-0.744 25.022 
-0.856 41.419 
-0.788 29.559 
-0.853 40.826 
-0.851 40.606 
-0.83 35.176 
-0.848 36.594 
-0.846 36.282 
-0.825 30.913 
-0.845 36.133 
-0.798 30.491 
-0.871 46.938 
-0.827 31.122 
