-0.705 24.694 
-0.875 47.52 
-0.705 24.694 
-0.742 24.698 
-0.868 46.538 
-0.83 35.176 
-0.866 42.654 
-0.828 31.326 
-0.769 28.717 
-0.851 40.595 
-0.767 25.648 
-0.849 36.977 
-0.761 24.977 
-0.82 30.663 
-0.804 30.619 
-0.798 30.231 
-0.803 30.564 
-0.761 24.977 
-0.782 29.492 
-0.873 47.357 
-0.767 25.648 
-0.846 36.271 
-0.825 30.913 
-0.788 29.559 
-0.856 41.419 
-0.835 35.543 
-0.78 29.29 
-0.82 30.663 
-0.792 29.753 
-0.843 35.849 
-0.855 41.028 
-0.849 36.977 
-0.848 36.594 
-0.839 35.698 
-0.833 35.332 
-0.772 28.879 
-0.839 35.698 
-0.776 29.097 
-0.866 42.654 
-0.825 30.913 
-0.872 46.973 
-0.828 31.326 
-0.827 31.103 
-0.869 46.657 
-0.853 40.814 
-0.851 40.595 
-0.861 41.913 
-0.862 41.924 
-0.853 40.814 
-0.774 29.082 
-0.795 29.965 
-0.797 30.033 
-0.845 36.073 
-0.859 41.647 
-0.78 29.29 
-0.776 29.097 
-0.848 36.594 
-0.789 29.602 
-0.842 35.81 
-0.772 28.879 
-0.833 35.332 
-0.83 35.176 
-0.835 35.543 
-0.865 42.398 
-0.87 46.758 
-0.859 41.647 
-0.856 41.419 
-0.845 36.073 
-0.855 41.028 
-0.86 41.706 
-0.863 42.128 
-0.795 29.965 
-0.782 29.492 
-0.793 29.764 
-0.872 46.973 
-0.871 46.773 
-0.827 31.103 
-0.864 42.3 
-0.863 42.128 
-0.789 29.602 
-0.774 29.082 
-0.793 29.764 
-0.842 35.81 
-0.865 42.398 
-0.864 42.3 
-0.797 30.033 
-0.788 29.559 
-0.86 41.706 
-0.804 30.619 
-0.871 46.773 
-0.705 24.694 
-0.767 25.648 
-0.82 30.663 
-0.849 36.977 
-0.866 42.654 
-0.825 30.913 
-0.828 31.326 
-0.78 29.29 
-0.848 36.594 
-0.772 28.879 
