-0.888 58.142 
-0.65 24.004 
-0.888 58.142 
-0.862 51.949 
-0.805 36.768 
-0.88 52.838 
-0.887 57.783 
-0.861 47.512 
-0.676 24.283 
-0.835 42.539 
-0.751 30.2 
-0.824 40.042 
-0.767 32.345 
-0.671 24.135 
-0.843 45.418 
-0.697 24.934 
-0.773 34.295 
-0.824 40.042 
-0.723 28.467 
-0.877 52.251 
-0.736 28.909 
-0.717 26.331 
-0.72 28.408 
-0.8 35.735 
-0.788 35.675 
-0.779 35.161 
-0.846 46.044 
-0.762 31.392 
-0.857 46.501 
-0.833 42.184 
-0.774 34.312 
-0.83 41.192 
-0.738 29.749 
-0.704 25.119 
-0.843 45.418 
-0.887 57.783 
-0.762 31.392 
-0.743 29.77 
-0.743 29.77 
-0.737 29.153 
-0.709 25.946 
-0.783 35.359 
-0.787 35.419 
-0.716 26.319 
-0.671 24.135 
-0.803 36.247 
-0.804 36.508 
-0.697 24.934 
-0.707 25.608 
-0.78 35.319 
-0.707 25.608 
-0.86 47.35 
-0.845 45.787 
-0.834 42.346 
-0.698 24.94 
-0.802 35.962 
-0.857 46.501 
-0.846 46.044 
-0.764 31.778 
-0.712 26.156 
-0.825 40.271 
-0.701 24.999 
-0.801 35.919 
-0.701 24.999 
-0.72 28.408 
-0.859 47.076 
-0.858 46.732 
-0.862 51.949 
-0.827 40.628 
-0.826 40.338 
-0.859 47.076 
-0.828 40.895 
-0.827 40.628 
-0.844 45.683 
-0.766 32.089 
-0.829 41.144 
-0.828 40.895 
-0.763 31.638 
-0.879 52.599 
-0.858 46.732 
-0.711 26.144 
-0.878 52.434 
-0.879 52.599 
-0.878 52.434 
-0.712 26.156 
-0.861 47.512 
-0.765 31.938 
-0.711 26.144 
-0.766 32.089 
-0.765 31.938 
-0.763 31.638 
-0.844 45.683 
-0.826 40.338 
-0.788 35.675 
-0.829 41.144 
-0.888 58.142 
-0.887 57.783 
-0.671 24.135 
-0.697 24.934 
-0.862 51.949 
