-0.888 58.14 
-0.674 23.986 
-0.888 58.14 
-0.674 23.986 
-0.887 57.783 
-0.88 52.835 
-0.868 51.553 
-0.676 24.283 
-0.7 24.76 
-0.862 47.649 
-0.824 40.039 
-0.806 36.805 
-0.824 40.039 
-0.836 44.993 
-0.835 42.539 
-0.806 36.805 
-0.768 32.099 
-0.788 35.672 
-0.857 46.488 
-0.77 33.897 
-0.72 28.406 
-0.718 26.315 
-0.724 28.706 
-0.8 35.735 
-0.754 30.718 
-0.735 28.752 
-0.737 29.149 
-0.843 45.415 
-0.875 51.836 
-0.847 46.173 
-0.747 29.656 
-0.837 45.292 
-0.762 31.388 
-0.714 25.969 
-0.887 57.783 
-0.88 52.835 
-0.832 42.009 
-0.869 51.6 
-0.862 47.649 
-0.774 34.294 
-0.751 30.191 
-0.845 45.785 
-0.71 25.58 
-0.773 34.079 
-0.776 34.814 
-0.753 30.701 
-0.766 31.76 
-0.83 41.186 
-0.78 35.319 
-0.704 25.104 
-0.748 29.756 
-0.762 31.388 
-0.804 36.437 
-0.827 40.626 
-0.676 24.283 
-0.704 25.104 
-0.802 35.962 
-0.723 28.466 
-0.787 35.419 
-0.86 47.237 
-0.861 47.309 
-0.858 46.731 
-0.878 52.262 
-0.846 46.037 
-0.783 35.356 
-0.805 36.748 
-0.834 42.344 
-0.763 31.635 
-0.829 41.143 
-0.747 29.656 
-0.737 29.149 
-0.701 24.997 
-0.777 34.823 
-0.7 24.76 
-0.71 25.58 
-0.825 40.27 
-0.764 31.75 
-0.717 26.196 
-0.702 25.098 
-0.711 25.678 
-0.801 35.795 
-0.785 35.415 
-0.78 35.319 
-0.879 52.485 
-0.77 33.897 
-0.859 46.896 
-0.877 52.081 
-0.777 34.823 
-0.828 40.826 
-0.847 46.173 
-0.75 30.042 
-0.711 25.678 
-0.826 40.337 
-0.75 30.042 
-0.803 36.247 
-0.718 26.315 
-0.877 52.081 
-0.736 28.905 
-0.717 26.196 
-0.879 52.485 
