-0.897 54.236 
-0.749 32.757 
-0.897 54.236 
-0.749 32.757 
-0.767 33.151 
-0.874 52.941 
-0.855 47.273 
-0.873 48.42 
-0.849 43.072 
-0.824 38.43 
-0.785 36.487 
-0.826 41.342 
-0.846 42.424 
-0.785 36.487 
-0.764 32.912 
-0.8 36.75 
-0.832 42.292 
-0.881 53.861 
-0.819 37.595 
-0.786 36.511 
-0.806 37.516 
-0.849 43.072 
-0.889 54.014 
-0.863 47.577 
-0.863 47.577 
-0.889 54.014 
-0.87 47.767 
-0.855 47.273 
-0.881 53.861 
-0.874 52.941 
-0.83 42.021 
-0.827 41.542 
-0.83 42.021 
-0.827 41.542 
-0.822 37.981 
-0.764 32.912 
-0.846 42.424 
-0.873 48.42 
-0.872 48.057 
-0.826 41.342 
-0.822 37.981 
-0.805 37.456 
-0.804 37.196 
-0.871 48.014 
-0.8 36.75 
-0.786 36.511 
-0.831 42.23 
-0.801 36.941 
-0.87 47.767 
-0.82 37.775 
-0.821 37.803 
-0.803 37.123 
-0.802 36.984 
-0.832 42.292 
-0.819 37.595 
-0.806 37.516 
-0.804 37.196 
-0.803 37.123 
-0.831 42.23 
-0.805 37.456 
-0.872 48.057 
-0.802 36.984 
-0.801 36.941 
-0.871 48.014 
-0.821 37.803 
-0.82 37.775 
-0.749 32.757 
-0.897 54.236 
-0.785 36.487 
-0.849 43.072 
-0.889 54.014 
-0.855 47.273 
-0.881 53.861 
-0.874 52.941 
-0.83 42.021 
-0.827 41.542 
-0.764 32.912 
-0.846 42.424 
-0.873 48.42 
-0.826 41.342 
-0.822 37.981 
-0.8 36.75 
-0.786 36.511 
-0.87 47.767 
-0.832 42.292 
-0.819 37.595 
-0.806 37.516 
-0.804 37.196 
-0.803 37.123 
-0.831 42.23 
-0.805 37.456 
-0.872 48.057 
-0.802 36.984 
-0.871 48.014 
-0.801 36.941 
-0.821 37.803 
-0.82 37.775 
-0.897 54.236 
-0.785 36.487 
-0.849 43.072 
