-0.945 75.653 
-0.715 28.587 
-0.715 28.587 
-0.945 75.653 
-0.729 28.756 
-0.835 33.339 
-0.79 32.423 
-0.79 32.423 
-0.935 60.663 
-0.936 70.013 
-0.838 36.838 
-0.926 55.447 
-0.922 54.697 
-0.863 37.391 
-0.935 60.663 
-0.937 70.5 
-0.887 42.661 
-0.886 38.105 
-0.872 37.863 
-0.913 49.266 
-0.917 50.296 
-0.909 45.049 
-0.885 37.965 
-0.728 28.724 
-0.863 37.391 
-0.937 70.5 
-0.917 50.296 
-0.891 43.435 
-0.906 44.17 
-0.903 43.794 
-0.925 55.006 
-0.838 36.838 
-0.907 44.571 
-0.898 43.665 
-0.913 49.266 
-0.909 45.049 
-0.923 54.881 
-0.916 49.615 
-0.895 43.492 
-0.89 43.041 
-0.936 70.013 
-0.904 43.962 
-0.908 44.917 
-0.888 42.802 
-0.915 49.482 
-0.897 43.534 
-0.895 43.492 
-0.89 43.041 
-0.888 42.802 
-0.915 49.482 
-0.904 43.962 
-0.728 28.724 
-0.916 49.615 
-0.908 44.917 
-0.903 43.794 
-0.898 43.665 
-0.885 37.965 
-0.897 43.534 
-0.79 32.423 
-0.728 28.724 
-0.935 60.663 
-0.863 37.391 
-0.937 70.5 
-0.838 36.838 
-0.895 43.492 
-0.89 43.041 
-0.936 70.013 
-0.888 42.802 
-0.915 49.482 
-0.916 49.615 
-0.908 44.917 
-0.903 43.794 
-0.898 43.665 
-0.885 37.965 
-0.897 43.534 
-0.79 32.423 
-0.728 28.724 
-0.935 60.663 
-0.838 36.838 
-0.863 37.391 
-0.908 44.917 
-0.895 43.492 
-0.89 43.041 
-0.936 70.013 
-0.885 37.965 
-0.888 42.802 
-0.916 49.615 
-0.903 43.794 
-0.898 43.665 
-0.915 49.482 
-0.897 43.534 
-0.728 28.724 
-0.936 70.013 
-0.838 36.838 
-0.863 37.391 
-0.895 43.492 
-0.89 43.041 
-0.885 37.965 
-0.916 49.615 
-0.915 49.482 
