-0.954 56.099 
-0.724 26.854 
-0.724 26.854 
-0.954 56.099 
-0.763 27.3 
-0.763 27.3 
-0.82 30.564 
-0.899 43.333 
-0.869 34.532 
-0.896 38.743 
-0.945 55.215 
-0.944 50.475 
-0.92 48.917 
-0.918 44.523 
-0.874 37.309 
-0.82 30.564 
-0.892 38.095 
-0.851 33.229 
-0.922 49.115 
-0.862 33.351 
-0.832 32.072 
-0.935 49.528 
-0.845 32.766 
-0.876 37.693 
-0.909 43.361 
-0.883 37.833 
-0.863 33.563 
-0.912 43.878 
-0.896 38.743 
-0.917 44.147 
-0.863 33.563 
-0.947 55.301 
-0.947 55.301 
-0.828 31.35 
-0.845 32.766 
-0.832 32.072 
-0.939 50.059 
-0.846 32.854 
-0.881 37.758 
-0.938 49.787 
-0.935 49.528 
-0.831 31.904 
-0.943 50.337 
-0.918 44.523 
-0.911 43.471 
-0.883 37.833 
-0.846 32.854 
-0.826 31.306 
-0.83 31.676 
-0.83 31.676 
-0.92 48.917 
-0.899 43.333 
-0.943 50.337 
-0.939 50.059 
-0.937 49.642 
-0.917 44.147 
-0.912 43.878 
-0.825 31.06 
-0.91 43.416 
-0.824 31.008 
-0.823 30.955 
-0.822 30.724 
-0.946 55.281 
-0.881 37.758 
-0.944 50.475 
-0.937 49.642 
-0.822 30.724 
-0.821 30.626 
-0.821 30.626 
-0.911 43.471 
-0.823 30.955 
-0.825 31.06 
-0.826 31.306 
-0.909 43.361 
-0.954 56.099 
-0.763 27.3 
-0.82 30.564 
-0.896 38.743 
-0.947 55.301 
-0.863 33.563 
-0.845 32.766 
-0.832 32.072 
-0.935 49.528 
-0.918 44.523 
-0.883 37.833 
-0.846 32.854 
-0.83 31.676 
-0.826 31.306 
-0.899 43.333 
-0.943 50.337 
-0.939 50.059 
-0.917 44.147 
-0.912 43.878 
-0.881 37.758 
-0.937 49.642 
-0.911 43.471 
-0.825 31.06 
-0.909 43.361 
-0.763 27.3 
-0.846 32.854 
