-0.75 30.577 
-0.796 40.662 
-0.75 30.577 
-0.754 31.696 
-0.757 34.476 
-0.75 30.577 
-0.748 30.248 
-0.797 41.218 
-0.828 57.201 
-0.757 34.476 
-0.755 31.891 
-0.77 35.331 
-0.757 34.476 
-0.75 30.577 
-0.828 57.201 
-0.821 46.589 
-0.83 57.813 
-0.787 36.189 
-0.806 42.017 
-0.721 26.658 
-0.729 29.587 
-0.828 57.201 
-0.771 35.455 
-0.754 31.696 
-0.75 30.577 
-0.75 30.577 
-0.828 57.201 
-0.828 57.201 
-0.757 34.476 
-0.748 30.248 
-0.759 34.74 
-0.829 57.373 
-0.821 46.589 
-0.821 46.589 
-0.757 34.476 
-0.75 30.577 
-0.701 25.886 
-0.751 30.741 
-0.754 31.696 
-0.754 31.696 
-0.805 41.98 
-0.699 25.814 
-0.804 41.965 
-0.75 30.577 
-0.771 35.455 
-0.75 30.577 
-0.721 26.658 
-0.77 35.331 
-0.829 57.373 
-0.754 31.696 
-0.828 57.201 
-0.828 57.201 
-0.783 35.544 
-0.749 30.332 
-0.75 30.577 
-0.75 30.577 
-0.75 30.577 
-0.821 46.589 
-0.701 25.886 
-0.757 34.476 
-0.806 42.017 
-0.728 29.07 
-0.748 30.248 
-0.754 31.696 
-0.699 25.814 
-0.814 46.247 
-0.788 36.408 
-0.828 57.201 
-0.73 29.816 
-0.721 26.658 
-0.75 30.577 
-0.75 30.577 
-0.754 31.696 
-0.805 41.98 
-0.83 57.813 
-0.757 34.476 
-0.804 41.965 
-0.75 30.577 
