-0.838 62.382 
-0.7 25.274 
-0.7 25.274 
-0.831 52.375 
-0.83 52.288 
-0.822 46.673 
-0.701 25.807 
-0.811 41.768 
-0.718 26.201 
-0.813 46.066 
-0.788 36.277 
-0.729 29.502 
-0.799 41.102 
-0.789 40.004 
-0.726 28.783 
-0.743 29.546 
-0.779 35.334 
-0.76 34.902 
-0.81 41.595 
-0.758 32.174 
-0.721 26.658 
-0.759 34.74 
-0.77 35.289 
-0.77 35.289 
-0.752 31.275 
-0.822 46.673 
-0.83 52.288 
-0.814 46.244 
-0.796 40.369 
-0.821 46.586 
-0.79 40.311 
-0.721 26.658 
-0.747 30.185 
-0.756 31.692 
-0.798 40.788 
-0.718 26.201 
-0.783 35.452 
-0.756 31.692 
-0.75 30.533 
-0.744 29.641 
-0.744 29.641 
-0.751 30.741 
-0.787 36.104 
-0.81 41.595 
-0.758 32.174 
-0.813 46.066 
-0.728 29.07 
-0.786 36.019 
-0.785 35.601 
-0.821 46.586 
-0.814 46.244 
-0.796 40.369 
-0.789 40.004 
-0.751 30.741 
-0.727 28.991 
-0.749 30.332 
-0.759 34.74 
-0.783 35.452 
-0.785 35.601 
-0.786 36.019 
-0.784 35.516 
-0.749 30.332 
-0.748 30.248 
-0.728 29.07 
-0.727 28.991 
-0.784 35.516 
-0.748 30.248 
-0.79 40.311 
-0.743 29.546 
-0.729 29.502 
-0.7 25.274 
-0.83 52.288 
-0.822 46.673 
-0.721 26.658 
-0.756 31.692 
-0.751 30.741 
-0.718 26.201 
-0.744 29.641 
-0.81 41.595 
-0.813 46.066 
-0.821 46.586 
-0.814 46.244 
-0.796 40.369 
-0.789 40.004 
-0.759 34.74 
-0.783 35.452 
-0.786 36.019 
-0.749 30.332 
-0.728 29.07 
-0.727 28.991 
-0.784 35.516 
-0.748 30.248 
-0.79 40.311 
-0.743 29.546 
-0.729 29.502 
-0.7 25.274 
-0.83 52.288 
-0.822 46.673 
-0.721 26.658 
-0.756 31.692 
