-0.627 31.111 
-0.788 67.409 
-0.666 35.494 
-0.757 51.462 
-0.785 65.398 
-0.765 55.913 
-0.78 61.84 
-0.766 56.157 
-0.726 45.273 
-0.655 32.49 
-0.743 49.623 
-0.741 45.867 
-0.697 36.907 
-0.689 36.635 
-0.674 35.879 
-0.751 50.162 
-0.752 51.459 
-0.634 32.183 
-0.629 31.395 
-0.705 40.681 
-0.749 49.67 
-0.727 45.62 
-0.733 45.67 
-0.718 40.86 
-0.717 40.795 
-0.71 40.694 
-0.69 36.773 
-0.702 40.564 
-0.679 36.311 
-0.628 31.38 
-0.693 36.829 
-0.702 40.564 
-0.741 45.867 
-0.749 49.67 
-0.675 35.989 
-0.675 35.989 
-0.711 40.754 
-0.693 36.829 
-0.679 36.311 
-0.733 45.67 
-0.727 45.62 
-0.697 36.907 
-0.711 40.754 
-0.717 40.795 
-0.71 40.694 
-0.752 51.459 
-0.727 45.62 
-0.733 45.67 
-0.697 36.907 
-0.733 45.67 
-0.697 36.907 
-0.727 45.62 
-0.697 36.907 
-0.71 40.694 
-0.71 40.694 
-0.68 36.428 
-0.74 45.674 
-0.696 36.832 
-0.749 49.67 
-0.778 61.145 
-0.652 32.193 
-0.71 40.694 
-0.629 31.395 
-0.679 36.311 
-0.78 61.84 
-0.689 36.635 
-0.733 45.67 
-0.733 45.67 
-0.751 50.162 
-0.733 45.67 
-0.72 41.292 
-0.654 32.474 
-0.676 36.256 
-0.751 50.162 
-0.701 40.363 
-0.749 49.67 
-0.7 37.28 
-0.712 40.766 
-0.785 65.398 
-0.785 65.398 
-0.741 45.867 
-0.717 40.795 
-0.718 40.86 
-0.696 36.832 
-0.749 49.67 
-0.674 35.879 
-0.693 36.829 
-0.679 36.311 
-0.717 40.795 
-0.742 45.874 
-0.697 36.907 
-0.741 45.867 
-0.697 36.907 
-0.71 40.694 
-0.78 61.84 
-0.749 49.67 
