-0.794 65.388 
-0.794 65.388 
-0.601 30.677 
-0.773 55.404 
-0.781 60.261 
-0.781 60.261 
-0.759 51.932 
-0.627 31.107 
-0.766 55.234 
-0.655 32.451 
-0.748 49.661 
-0.634 32.183 
-0.722 41.328 
-0.744 46.345 
-0.662 35.356 
-0.652 32.186 
-0.725 44.568 
-0.701 40.359 
-0.7 37.28 
-0.69 36.422 
-0.735 45.142 
-0.679 36.305 
-0.757 51.274 
-0.756 49.837 
-0.669 35.542 
-0.732 44.699 
-0.666 35.489 
-0.766 55.234 
-0.755 49.71 
-0.662 35.356 
-0.726 44.579 
-0.697 36.817 
-0.673 35.821 
-0.744 46.345 
-0.705 40.64 
-0.711 40.692 
-0.749 49.67 
-0.694 36.769 
-0.693 36.465 
-0.702 40.556 
-0.629 31.395 
-0.712 40.76 
-0.74 45.674 
-0.717 40.794 
-0.629 31.395 
-0.634 32.183 
-0.758 51.343 
-0.675 35.984 
-0.74 45.674 
-0.732 44.699 
-0.742 45.874 
-0.72 41.215 
-0.676 36.256 
-0.653 32.383 
-0.627 31.107 
-0.705 40.64 
-0.699 37.228 
-0.725 44.568 
-0.674 35.865 
-0.742 45.874 
-0.628 31.38 
-0.699 37.228 
-0.678 36.259 
-0.719 41.017 
-0.701 40.359 
-0.719 41.017 
-0.718 40.855 
-0.741 45.742 
-0.756 49.837 
-0.679 36.305 
-0.721 41.303 
-0.758 51.343 
-0.757 51.274 
-0.741 45.742 
-0.718 40.855 
-0.654 32.44 
-0.7 37.28 
-0.711 40.692 
-0.749 49.67 
-0.717 40.794 
-0.712 40.76 
-0.721 41.303 
-0.628 31.38 
-0.654 32.44 
-0.678 36.259 
-0.676 36.256 
-0.662 35.356 
-0.634 32.183 
-0.629 31.395 
-0.74 45.674 
-0.705 40.64 
-0.725 44.568 
-0.742 45.874 
-0.701 40.359 
-0.679 36.305 
-0.758 51.343 
-0.757 51.274 
-0.741 45.742 
-0.711 40.692 
-0.749 49.67 
