-0.66 32.698 
-0.829 84.31 
-0.66 32.698 
-0.821 64.204 
-0.828 83.876 
-0.794 54.237 
-0.727 38.351 
-0.813 60.9 
-0.691 36.404 
-0.786 52.884 
-0.673 32.791 
-0.711 37.833 
-0.746 42.433 
-0.804 59.553 
-0.801 58.753 
-0.764 44.216 
-0.743 40.509 
-0.704 36.546 
-0.782 51.929 
-0.734 39.954 
-0.794 54.237 
-0.756 42.833 
-0.765 47.192 
-0.69 34.051 
-0.687 33.582 
-0.778 51.607 
-0.678 33.511 
-0.708 37.247 
-0.812 60.578 
-0.828 83.876 
-0.778 51.607 
-0.77 49.571 
-0.771 49.69 
-0.771 49.69 
-0.801 58.753 
-0.769 47.975 
-0.677 33.175 
-0.761 43.653 
-0.743 40.509 
-0.734 39.954 
-0.761 43.653 
-0.704 36.546 
-0.812 60.578 
-0.746 42.433 
-0.758 43.131 
-0.731 39.198 
-0.758 43.131 
-0.802 58.795 
-0.731 39.198 
-0.767 47.773 
-0.756 42.833 
-0.687 33.582 
-0.729 38.943 
-0.71 37.55 
-0.711 37.833 
-0.69 34.051 
-0.677 33.175 
-0.802 58.795 
-0.766 47.428 
-0.729 38.943 
-0.71 37.55 
-0.766 47.428 
-0.765 47.192 
-0.73 38.98 
-0.691 36.404 
-0.769 47.975 
-0.768 47.853 
-0.768 47.853 
-0.678 33.511 
-0.73 38.98 
-0.66 32.698 
-0.794 54.237 
-0.778 51.607 
-0.771 49.69 
-0.801 58.753 
-0.743 40.509 
-0.734 39.954 
-0.765 47.192 
-0.729 38.943 
-0.711 37.833 
-0.704 36.546 
-0.812 60.578 
-0.731 39.198 
-0.756 42.833 
-0.687 33.582 
-0.802 58.795 
-0.766 47.428 
-0.677 33.175 
-0.769 47.975 
-0.768 47.853 
-0.678 33.511 
-0.73 38.98 
-0.66 32.698 
-0.743 40.509 
-0.794 54.237 
-0.771 49.69 
-0.801 58.753 
-0.734 39.954 
-0.765 47.192 
-0.729 38.943 
