-0.829 65.485 
-0.655 32.407 
-0.829 65.485 
-0.655 32.407 
-0.788 50.229 
-0.804 54.719 
-0.81 58.803 
-0.814 63.29 
-0.769 46.923 
-0.813 59.974 
-0.789 53.089 
-0.746 42.354 
-0.782 48.916 
-0.766 44.489 
-0.675 32.851 
-0.709 35.282 
-0.744 40.48 
-0.804 54.719 
-0.797 53.823 
-0.66 32.698 
-0.819 63.658 
-0.695 33.937 
-0.669 32.725 
-0.684 32.896 
-0.71 36.776 
-0.797 53.823 
-0.828 65.246 
-0.791 53.491 
-0.701 34.114 
-0.821 64.202 
-0.81 58.803 
-0.753 42.589 
-0.741 40.001 
-0.693 33.694 
-0.812 59.928 
-0.828 65.246 
-0.821 64.202 
-0.759 43.063 
-0.727 38.309 
-0.732 38.686 
-0.713 37.38 
-0.78 48.608 
-0.739 39.712 
-0.743 40.267 
-0.811 59.099 
-0.66 32.698 
-0.718 37.921 
-0.754 42.628 
-0.722 37.924 
-0.82 64.092 
-0.705 34.5 
-0.715 37.704 
-0.757 42.788 
-0.707 35.278 
-0.766 44.489 
-0.673 32.783 
-0.736 39.095 
-0.669 32.725 
-0.69 33.341 
-0.725 38.113 
-0.711 37.123 
-0.732 38.686 
-0.727 38.309 
-0.701 34.114 
-0.773 47.41 
-0.791 53.491 
-0.777 48.063 
-0.687 32.904 
-0.706 35.015 
-0.776 48.01 
-0.764 44.198 
-0.762 43.694 
-0.781 48.87 
-0.689 33.041 
-0.765 44.223 
-0.778 48.341 
-0.775 47.742 
-0.773 47.41 
-0.771 47.146 
-0.684 32.896 
-0.746 42.354 
-0.771 47.146 
-0.734 38.877 
-0.715 37.704 
-0.744 40.48 
-0.789 53.089 
-0.704 34.494 
-0.722 37.924 
-0.718 37.921 
-0.734 38.877 
-0.704 34.494 
-0.725 38.113 
-0.814 63.29 
-0.757 42.788 
-0.738 39.484 
-0.737 39.134 
-0.71 36.776 
-0.76 43.405 
-0.775 47.742 
-0.811 59.099 
