-0.711 25.77 
-0.928 49.336 
-0.928 49.336 
-0.711 25.77 
-0.81 26.29 
-0.778 26.268 
-0.925 48.505 
-0.815 30.363 
-0.9 38.619 
-0.907 42.653 
-0.919 43.833 
-0.872 32.275 
-0.881 36.234 
-0.861 30.909 
-0.748 26.211 
-0.837 30.575 
-0.747 26.073 
-0.728 25.935 
-0.894 37.098 
-0.832 30.427 
-0.728 25.935 
-0.916 42.923 
-0.919 43.833 
-0.868 31.883 
-0.872 32.275 
-0.881 36.234 
-0.897 37.634 
-0.885 36.792 
-0.868 31.883 
-0.861 30.909 
-0.908 42.857 
-0.882 36.56 
-0.837 30.575 
-0.899 38.067 
-0.885 36.792 
-0.832 30.427 
-0.815 30.363 
-0.916 42.923 
-0.898 37.873 
-0.899 38.067 
-0.898 37.873 
-0.908 42.857 
-0.748 26.211 
-0.928 49.336 
-0.711 25.77 
-0.919 43.833 
-0.872 32.275 
-0.881 36.234 
-0.868 31.883 
-0.861 30.909 
-0.837 30.575 
-0.832 30.427 
-0.815 30.363 
-0.728 25.935 
-0.916 42.923 
-0.899 38.067 
-0.898 37.873 
-0.928 49.336 
-0.711 25.77 
-0.919 43.833 
-0.872 32.275 
-0.881 36.234 
-0.868 31.883 
-0.861 30.909 
-0.837 30.575 
-0.832 30.427 
-0.728 25.935 
-0.916 42.923 
-0.899 38.067 
-0.898 37.873 
-0.711 25.77 
-0.728 25.935 
-0.919 43.833 
-0.868 31.883 
-0.861 30.909 
-0.837 30.575 
-0.832 30.427 
-0.899 38.067 
-0.898 37.873 
-0.711 25.77 
-0.728 25.935 
-0.919 43.833 
-0.868 31.883 
-0.861 30.909 
-0.832 30.427 
-0.899 38.067 
-0.898 37.873 
-0.919 43.833 
-0.868 31.883 
-0.832 30.427 
-0.899 38.067 
-0.898 37.873 
-0.919 43.833 
-0.916 42.923 
-0.919 43.833 
-0.832 30.427 
-0.919 43.833 
-0.899 38.067 
-0.916 42.923 
-0.832 30.427 
