-0.711 25.77 
-0.928 49.336 
-0.928 49.336 
-0.711 25.77 
-0.814 26.267 
-0.748 26.211 
-0.925 48.49 
-0.919 43.829 
-0.831 27.234 
-0.881 36.233 
-0.873 32.504 
-0.901 42.195 
-0.9 38.615 
-0.833 30.411 
-0.861 30.909 
-0.839 30.586 
-0.819 27.233 
-0.728 25.935 
-0.747 26.073 
-0.728 25.935 
-0.916 42.902 
-0.892 36.669 
-0.925 48.49 
-0.881 36.233 
-0.873 32.504 
-0.866 31.339 
-0.908 42.857 
-0.884 36.614 
-0.919 43.829 
-0.861 30.909 
-0.903 42.623 
-0.894 37.098 
-0.927 49.089 
-0.883 36.477 
-0.897 37.512 
-0.9 38.615 
-0.899 38.065 
-0.868 31.883 
-0.866 31.339 
-0.907 42.653 
-0.894 37.098 
-0.814 26.267 
-0.872 32.275 
-0.917 43.341 
-0.819 27.233 
-0.839 30.586 
-0.901 42.195 
-0.897 37.512 
-0.872 32.275 
-0.869 31.884 
-0.927 49.089 
-0.898 37.852 
-0.837 30.574 
-0.918 43.499 
-0.837 30.574 
-0.833 30.411 
-0.869 31.884 
-0.899 38.065 
-0.898 37.852 
-0.892 36.669 
-0.918 43.499 
-0.917 43.341 
-0.903 42.623 
-0.747 26.073 
-0.868 31.883 
-0.748 26.211 
-0.884 36.614 
-0.916 42.902 
-0.908 42.857 
-0.907 42.653 
-0.711 25.77 
-0.928 49.336 
-0.728 25.935 
-0.881 36.233 
-0.873 32.504 
-0.919 43.829 
-0.861 30.909 
-0.9 38.615 
-0.866 31.339 
-0.894 37.098 
-0.814 26.267 
-0.839 30.586 
-0.901 42.195 
-0.872 32.275 
-0.837 30.574 
-0.869 31.884 
-0.899 38.065 
-0.898 37.852 
-0.892 36.669 
-0.918 43.499 
-0.917 43.341 
-0.903 42.623 
-0.747 26.073 
-0.868 31.883 
-0.748 26.211 
-0.884 36.614 
-0.916 42.902 
-0.908 42.857 
-0.907 42.653 
-0.711 25.77 
