-0.928 49.336 
-0.928 49.336 
-0.72 22.535 
-0.814 26.267 
-0.748 26.211 
-0.834 26.541 
-0.728 25.935 
-0.922 48.076 
-0.919 43.828 
-0.901 42.195 
-0.837 30.574 
-0.9 38.226 
-0.881 36.233 
-0.873 32.504 
-0.861 30.909 
-0.839 30.586 
-0.814 26.267 
-0.747 26.073 
-0.869 31.781 
-0.913 42.492 
-0.894 37.096 
-0.892 36.669 
-0.881 36.233 
-0.873 32.504 
-0.904 42.247 
-0.728 25.935 
-0.884 36.614 
-0.866 31.339 
-0.861 30.909 
-0.925 48.49 
-0.916 42.902 
-0.866 31.339 
-0.919 43.828 
-0.897 37.512 
-0.925 48.49 
-0.927 48.929 
-0.834 26.541 
-0.913 42.492 
-0.904 42.247 
-0.872 32.275 
-0.872 32.275 
-0.839 30.586 
-0.927 48.929 
-0.917 43.341 
-0.897 37.512 
-0.916 42.902 
-0.918 43.496 
-0.898 37.843 
-0.837 30.574 
-0.883 36.477 
-0.883 36.477 
-0.899 38.065 
-0.898 37.843 
-0.892 36.669 
-0.9 38.226 
-0.899 38.065 
-0.918 43.496 
-0.917 43.341 
-0.747 26.073 
-0.748 26.211 
-0.884 36.614 
-0.901 42.195 
-0.928 49.336 
-0.814 26.267 
-0.728 25.935 
-0.881 36.233 
-0.873 32.504 
-0.861 30.909 
-0.866 31.339 
-0.919 43.828 
-0.925 48.49 
-0.913 42.492 
-0.904 42.247 
-0.872 32.275 
-0.839 30.586 
-0.897 37.512 
-0.916 42.902 
-0.883 36.477 
-0.837 30.574 
-0.898 37.843 
-0.892 36.669 
-0.899 38.065 
-0.918 43.496 
-0.917 43.341 
-0.747 26.073 
-0.748 26.211 
-0.884 36.614 
-0.901 42.195 
-0.928 49.336 
-0.728 25.935 
-0.814 26.267 
-0.881 36.233 
-0.873 32.504 
-0.861 30.909 
-0.866 31.339 
-0.925 48.49 
-0.904 42.247 
-0.872 32.275 
-0.839 30.586 
-0.897 37.512 
