-0.897 58.742 
-0.714 26.998 
-0.887 53.512 
-0.896 58.307 
-0.826 41.795 
-0.858 46.789 
-0.723 27.916 
-0.852 42.856 
-0.749 30.537 
-0.871 49.034 
-0.824 37.865 
-0.807 37.163 
-0.839 41.823 
-0.723 27.916 
-0.877 52.143 
-0.784 33.348 
-0.822 37.461 
-0.749 30.537 
-0.869 47.461 
-0.794 36.55 
-0.785 35.428 
-0.842 42.684 
-0.851 42.73 
-0.881 53.496 
-0.773 32.292 
-0.719 27.147 
-0.87 48.903 
-0.802 36.561 
-0.78 33.062 
-0.78 33.062 
-0.761 31.308 
-0.753 31.016 
-0.841 42.508 
-0.767 31.328 
-0.761 31.308 
-0.862 47.303 
-0.877 52.143 
-0.75 30.672 
-0.789 36.46 
-0.88 52.862 
-0.773 32.292 
-0.88 52.862 
-0.878 52.145 
-0.719 27.147 
-0.771 31.724 
-0.769 31.56 
-0.86 47.221 
-0.824 37.865 
-0.788 36.341 
-0.787 35.808 
-0.804 36.85 
-0.822 37.461 
-0.772 31.843 
-0.862 47.303 
-0.752 31.003 
-0.804 36.85 
-0.753 31.016 
-0.86 47.221 
-0.786 35.664 
-0.785 35.428 
-0.826 41.795 
-0.752 31.003 
-0.878 52.145 
-0.869 47.461 
-0.803 36.695 
-0.787 35.808 
-0.786 35.664 
-0.803 36.695 
-0.87 48.903 
-0.772 31.843 
-0.788 36.341 
-0.768 31.446 
-0.768 31.446 
-0.789 36.46 
-0.851 42.73 
-0.842 42.684 
-0.881 53.496 
-0.802 36.561 
-0.719 27.147 
-0.723 27.916 
-0.78 33.062 
-0.761 31.308 
-0.877 52.143 
-0.773 32.292 
-0.752 31.003 
-0.862 47.303 
-0.804 36.85 
-0.753 31.016 
-0.785 35.428 
-0.878 52.145 
-0.787 35.808 
-0.803 36.695 
-0.772 31.843 
-0.788 36.341 
-0.768 31.446 
-0.789 36.46 
-0.851 42.73 
-0.842 42.684 
-0.881 53.496 
-0.802 36.561 
