-0.897 58.742 
-0.714 26.998 
-0.714 26.998 
-0.897 58.742 
-0.749 30.53 
-0.887 53.512 
-0.723 27.916 
-0.896 58.307 
-0.871 49.029 
-0.858 46.789 
-0.853 43.067 
-0.825 41.459 
-0.824 37.862 
-0.869 47.24 
-0.723 27.916 
-0.877 52.143 
-0.839 41.823 
-0.826 41.628 
-0.784 33.347 
-0.761 31.304 
-0.818 37.154 
-0.773 32.288 
-0.804 36.85 
-0.719 27.139 
-0.785 35.428 
-0.87 48.813 
-0.896 58.307 
-0.86 47.221 
-0.851 42.728 
-0.842 42.635 
-0.881 53.496 
-0.887 53.512 
-0.802 36.56 
-0.78 33.062 
-0.794 36.549 
-0.78 33.062 
-0.753 31.016 
-0.858 46.789 
-0.767 31.328 
-0.853 43.067 
-0.877 52.143 
-0.715 27.004 
-0.818 37.154 
-0.789 36.46 
-0.88 52.862 
-0.772 31.832 
-0.88 52.862 
-0.878 52.145 
-0.794 36.549 
-0.841 42.508 
-0.788 36.341 
-0.787 35.808 
-0.822 37.461 
-0.803 36.694 
-0.824 37.862 
-0.823 37.472 
-0.839 41.823 
-0.752 31.003 
-0.75 30.65 
-0.822 37.461 
-0.804 36.85 
-0.841 42.508 
-0.75 30.65 
-0.753 31.016 
-0.769 31.56 
-0.784 33.347 
-0.771 31.724 
-0.786 35.661 
-0.785 35.428 
-0.852 42.856 
-0.86 47.221 
-0.752 31.003 
-0.878 52.145 
-0.825 41.459 
-0.771 31.724 
-0.769 31.56 
-0.787 35.808 
-0.786 35.661 
-0.852 42.856 
-0.788 36.341 
-0.768 31.446 
-0.768 31.446 
-0.851 42.728 
-0.842 42.635 
-0.789 36.46 
-0.767 31.328 
-0.881 53.496 
-0.802 36.56 
-0.823 37.472 
-0.714 26.998 
-0.897 58.742 
-0.723 27.916 
-0.887 53.512 
-0.78 33.062 
-0.858 46.789 
-0.877 52.143 
-0.88 52.862 
-0.822 37.461 
-0.804 36.85 
-0.841 42.508 
