-0.837 53.399 
-0.837 53.399 
-0.771 36.015 
-0.722 32.348 
-0.765 35.858 
-0.835 52.417 
-0.722 32.348 
-0.722 32.348 
-0.771 36.015 
-0.765 35.858 
-0.722 32.348 
-0.774 36.914 
-0.794 40.545 
-0.765 35.858 
-0.818 45.874 
-0.835 52.417 
-0.82 46.252 
-0.765 35.858 
-0.727 32.643 
-0.854 58.284 
-0.765 35.858 
-0.771 36.015 
-0.765 35.858 
-0.765 35.858 
-0.719 31.498 
-0.818 45.874 
-0.765 35.858 
-0.712 30.973 
-0.797 41.324 
-0.771 36.015 
-0.773 36.765 
-0.821 47.616 
-0.778 39.712 
-0.855 58.502 
-0.798 45.684 
-0.821 47.616 
-0.818 45.874 
-0.763 35.583 
-0.765 35.858 
-0.722 32.348 
-0.828 47.733 
-0.756 34.825 
-0.771 36.015 
-0.765 35.858 
-0.828 47.733 
-0.765 35.858 
-0.794 40.545 
-0.854 58.284 
