-0.716 30.771 
-0.86 57.885 
-0.716 30.771 
-0.86 57.885 
-0.744 30.874 
-0.833 51.983 
-0.858 57.487 
-0.852 52.973 
-0.829 47.801 
-0.755 34.697 
-0.769 35.179 
-0.777 39.627 
-0.775 36.906 
-0.81 45.402 
-0.804 42.692 
-0.756 34.741 
-0.744 30.874 
-0.755 34.697 
-0.842 52.001 
-0.778 39.693 
-0.85 52.49 
-0.812 45.777 
-0.787 40.068 
-0.785 39.705 
-0.804 42.692 
-0.825 46.615 
-0.793 40.138 
-0.82 46.252 
-0.858 57.487 
-0.852 52.973 
-0.844 52.478 
-0.81 45.402 
-0.818 45.874 
-0.829 47.801 
-0.799 41.98 
-0.77 35.979 
-0.797 41.308 
-0.843 52.39 
-0.797 41.308 
-0.775 36.906 
-0.833 51.983 
-0.801 42.287 
-0.799 41.98 
-0.796 40.837 
-0.774 36.441 
-0.803 42.434 
-0.756 34.741 
-0.851 52.884 
-0.828 47.413 
-0.826 46.997 
-0.795 40.629 
-0.794 40.261 
-0.825 46.615 
-0.82 46.252 
-0.801 42.287 
-0.859 57.577 
-0.819 45.96 
-0.811 45.488 
-0.786 39.788 
-0.827 47.258 
-0.826 46.997 
-0.777 39.627 
-0.796 40.837 
-0.795 40.629 
-0.774 36.441 
-0.773 36.236 
-0.828 47.413 
-0.827 47.258 
-0.803 42.434 
-0.794 40.261 
-0.773 36.236 
-0.772 36.119 
-0.772 36.119 
-0.771 36.015 
-0.818 45.874 
-0.812 45.777 
-0.859 57.577 
-0.851 52.884 
-0.819 45.96 
-0.811 45.488 
-0.786 39.788 
-0.793 40.138 
-0.787 40.068 
-0.771 36.015 
-0.77 35.979 
-0.842 52.001 
-0.85 52.49 
-0.785 39.705 
-0.844 52.478 
-0.716 30.771 
-0.744 30.874 
-0.755 34.697 
-0.804 42.692 
-0.852 52.973 
-0.81 45.402 
-0.829 47.801 
-0.797 41.308 
-0.775 36.906 
-0.833 51.983 
-0.799 41.98 
