-0.709 30.765 
-0.709 30.765 
-0.707 30.427 
-0.823 46.656 
-0.709 30.765 
-0.75 36.804 
-0.778 37.185 
-0.762 37.173 
-0.789 42.927 
-0.805 42.969 
-0.853 53.648 
-0.83 47.772 
-0.753 37.098 
-0.778 37.185 
-0.709 30.765 
-0.709 30.765 
-0.823 46.656 
-0.753 37.098 
-0.781 37.199 
-0.708 30.539 
-0.789 42.927 
-0.709 30.765 
-0.707 30.427 
-0.751 36.933 
-0.778 37.185 
-0.805 42.969 
-0.838 48.889 
-0.709 30.765 
-0.837 48.744 
-0.753 37.098 
-0.805 42.969 
-0.786 37.514 
-0.83 47.772 
-0.789 42.927 
-0.853 53.648 
-0.745 36.344 
-0.707 30.427 
-0.778 37.185 
-0.805 42.969 
-0.823 46.656 
-0.707 30.427 
-0.709 30.765 
-0.709 30.765 
-0.748 36.44 
-0.789 42.927 
-0.762 37.173 
-0.709 30.765 
-0.823 46.656 
-0.737 32.215 
-0.853 53.648 
-0.83 47.772 
-0.709 30.765 
-0.709 30.765 
-0.805 42.969 
-0.83 47.772 
-0.709 30.765 
-0.707 30.427 
-0.705 28.527 
-0.728 31.789 
-0.829 47.663 
-0.786 37.514 
-0.786 37.514 
-0.83 47.772 
-0.75 36.804 
