-0.675 24.162 
-0.889 61.467 
-0.889 61.467 
-0.675 24.162 
-0.879 51.816 
-0.727 26.409 
-0.683 24.222 
-0.872 50.878 
-0.842 40.194 
-0.863 46.986 
-0.761 30.001 
-0.858 45.058 
-0.854 41.427 
-0.782 30.337 
-0.805 31.718 
-0.683 24.222 
-0.81 34.619 
-0.756 29.148 
-0.838 37.299 
-0.727 26.409 
-0.731 28.112 
-0.863 46.986 
-0.743 28.96 
-0.819 35.307 
-0.813 34.713 
-0.782 30.337 
-0.793 30.449 
-0.849 40.302 
-0.824 35.857 
-0.862 45.816 
-0.832 36.106 
-0.737 28.247 
-0.822 35.576 
-0.805 31.718 
-0.796 30.646 
-0.74 28.637 
-0.76 29.828 
-0.838 37.299 
-0.8 31.272 
-0.797 31.131 
-0.854 41.427 
-0.8 31.272 
-0.81 34.619 
-0.837 36.982 
-0.858 45.058 
-0.731 28.112 
-0.842 40.194 
-0.758 29.428 
-0.737 28.247 
-0.833 36.198 
-0.836 36.753 
-0.758 29.428 
-0.862 45.816 
-0.86 45.392 
-0.824 35.857 
-0.852 40.895 
-0.85 40.529 
-0.852 40.895 
-0.85 40.529 
-0.86 45.392 
-0.761 30.001 
-0.853 41.13 
-0.835 36.688 
-0.834 36.409 
-0.832 36.106 
-0.853 41.13 
-0.742 28.913 
-0.741 28.686 
-0.834 36.409 
-0.794 30.457 
-0.859 45.205 
-0.794 30.457 
-0.859 45.205 
-0.797 31.131 
-0.835 36.688 
-0.741 28.686 
-0.742 28.913 
-0.675 24.162 
-0.683 24.222 
-0.782 30.337 
-0.805 31.718 
-0.81 34.619 
-0.854 41.427 
-0.8 31.272 
-0.824 35.857 
-0.858 45.058 
-0.737 28.247 
-0.758 29.428 
-0.85 40.529 
-0.797 31.131 
-0.741 28.686 
-0.862 45.816 
-0.832 36.106 
-0.852 40.895 
-0.86 45.392 
-0.834 36.409 
-0.853 41.13 
-0.859 45.205 
-0.742 28.913 
-0.675 24.162 
