-0.675 24.162 
-0.889 61.373 
-0.675 24.162 
-0.889 61.373 
-0.879 51.816 
-0.727 26.406 
-0.683 24.222 
-0.868 50.154 
-0.842 40.194 
-0.838 37.29 
-0.761 30.001 
-0.858 45.058 
-0.854 41.427 
-0.782 30.337 
-0.683 24.222 
-0.81 34.619 
-0.863 46.986 
-0.805 31.718 
-0.727 26.406 
-0.731 28.112 
-0.756 29.148 
-0.743 28.905 
-0.782 30.337 
-0.878 51.611 
-0.863 46.986 
-0.879 51.816 
-0.793 30.449 
-0.801 31.043 
-0.822 35.576 
-0.849 40.302 
-0.871 50.555 
-0.829 35.712 
-0.872 50.878 
-0.862 45.816 
-0.819 35.307 
-0.737 28.247 
-0.813 34.713 
-0.819 35.307 
-0.813 34.713 
-0.85 40.514 
-0.803 31.339 
-0.805 31.718 
-0.854 41.427 
-0.797 30.594 
-0.81 34.619 
-0.739 28.449 
-0.872 50.878 
-0.837 36.982 
-0.858 45.058 
-0.797 30.594 
-0.731 28.112 
-0.842 40.194 
-0.741 28.649 
-0.758 29.428 
-0.804 31.592 
-0.822 35.576 
-0.833 36.182 
-0.758 29.428 
-0.756 29.148 
-0.743 28.905 
-0.861 45.808 
-0.86 45.392 
-0.852 40.895 
-0.76 29.828 
-0.831 35.884 
-0.852 40.895 
-0.794 30.457 
-0.76 29.828 
-0.761 30.001 
-0.829 35.712 
-0.737 28.247 
-0.853 41.13 
-0.835 36.688 
-0.834 36.409 
-0.853 41.13 
-0.836 36.753 
-0.834 36.409 
-0.832 36.106 
-0.74 28.637 
-0.86 45.392 
-0.859 45.205 
-0.831 35.884 
-0.859 45.205 
-0.794 30.457 
-0.793 30.449 
-0.849 40.302 
-0.832 36.106 
-0.836 36.753 
-0.835 36.688 
-0.74 28.637 
-0.862 45.816 
-0.861 45.808 
-0.675 24.162 
-0.683 24.222 
-0.727 26.406 
-0.782 30.337 
-0.863 46.986 
-0.872 50.878 
-0.819 35.307 
-0.854 41.427 
