-0.877 46.33 
-0.875 40.604 
-0.87 36.152 
-0.875 40.604 
-0.842 35.539 
-0.875 40.604 
-0.875 40.604 
-0.877 46.33 
-0.875 40.604 
-0.876 40.794 
-0.842 35.539 
-0.842 35.539 
-0.833 31.158 
-0.829 30.793 
-0.805 30.268 
-0.84 31.42 
-0.875 40.604 
-0.822 30.536 
-0.84 31.42 
-0.875 40.604 
-0.842 35.539 
-0.78 27.157 
-0.829 30.793 
-0.875 40.604 
-0.826 30.593 
-0.86 35.644 
-0.87 36.152 
-0.829 30.793 
-0.875 40.604 
-0.87 36.152 
-0.842 35.539 
-0.732 26.587 
-0.875 40.604 
-0.877 46.33 
-0.842 35.539 
