P=? [ F (x=9&y=9&crashed=0) ]	R{"cost"}=? [ C<=100 ]
-0.0	0.0
0.91	99.075
0.91	99.075
-0.0	0.0
0.679	21.032
0.679	21.032
0.909	79.016
0.9	68.132
0.9	68.132
0.897	57.9
0.909	79.016
0.691	24.928
0.879	46.793
0.889	57.837
0.879	46.793
0.869	42.147
0.887	51.761
0.888	52.879
0.736	25.025
0.797	30.611
0.859	40.68
0.825	31.667
0.852	36.709
0.827	35.082
0.683	21.387
0.792	27.445
0.763	26.168
0.755	25.432
0.783	26.304
0.887	51.761
0.739	25.12
0.809	30.757
0.85	36.195
0.834	35.557
0.869	42.147
0.852	36.709
0.888	52.879
0.683	21.387
0.859	40.68
0.842	35.875
0.842	35.875
0.834	35.557
0.691	24.928
0.817	31.217
0.862	41.115
0.786	26.883
0.755	25.432
0.809	30.757
0.864	41.906
0.815	31.163
0.863	41.701
0.827	35.082
0.797	30.611
0.76	26.003
0.825	31.667
0.817	31.217
0.784	26.329
0.739	25.12
0.815	31.163
0.792	27.445
0.76	26.003
0.862	41.115
0.85	36.195
0.786	26.883
0.736	25.025
0.791	27.43
0.79	27.135
0.897	57.9
0.763	26.168
0.864	41.906
0.789	27.119
0.789	27.119
0.863	41.701
0.761	26.018
0.783	26.304
0.784	26.329
0.761	26.018
0.889	57.837
0.79	27.135
0.791	27.43
-0.0	0.0
0.91	99.075
0.679	21.032
0.9	68.132
0.909	79.016
0.879	46.793
0.869	42.147
0.852	36.709
0.888	52.879
0.683	21.387
0.859	40.68
0.842	35.875
0.834	35.557
0.691	24.928
0.809	30.757
0.827	35.082
0.797	30.611
0.825	31.667
0.817	31.217
0.739	25.12
