-0.891 68.446 
-0.708 28.024 
-0.708 28.024 
-0.891 68.446 
-0.889 63.58 
-0.881 53.327 
-0.882 58.764 
-0.835 41.358 
-0.727 30.591 
-0.882 58.764 
-0.854 46.906 
-0.84 42.197 
-0.89 68.17 
-0.799 36.777 
-0.819 36.857 
-0.865 48.876 
-0.727 30.591 
-0.739 30.908 
-0.756 31.364 
-0.824 37.894 
-0.857 48.789 
-0.854 46.906 
-0.87 51.743 
-0.84 42.197 
-0.739 30.908 
-0.793 36.07 
-0.783 33.423 
-0.824 37.894 
-0.783 33.423 
-0.87 51.743 
-0.793 36.07 
-0.766 31.837 
-0.873 53.241 
-0.774 32.114 
-0.795 36.49 
-0.763 31.472 
-0.856 47.443 
-0.872 52.989 
-0.782 33.087 
-0.757 31.387 
-0.836 41.971 
-0.865 48.876 
-0.78 32.638 
-0.839 42.135 
-0.799 36.777 
-0.778 32.357 
-0.82 37.144 
-0.766 31.837 
-0.823 37.703 
-0.823 37.703 
-0.82 37.144 
-0.763 31.472 
-0.872 52.989 
-0.756 31.364 
-0.776 32.34 
-0.794 36.154 
-0.855 47.193 
-0.774 32.114 
-0.89 68.17 
-0.779 32.632 
-0.856 47.443 
-0.855 47.193 
-0.775 32.123 
-0.836 41.971 
-0.873 53.241 
-0.757 31.387 
-0.794 36.154 
-0.819 36.857 
-0.776 32.34 
-0.775 32.123 
-0.779 32.632 
-0.891 68.446 
-0.708 28.024 
-0.882 58.764 
-0.727 30.591 
-0.84 42.197 
-0.739 30.908 
-0.783 33.423 
-0.793 36.07 
-0.799 36.777 
-0.766 31.837 
-0.82 37.144 
-0.763 31.472 
-0.872 52.989 
-0.756 31.364 
-0.774 32.114 
-0.89 68.17 
-0.856 47.443 
-0.836 41.971 
-0.873 53.241 
-0.757 31.387 
-0.775 32.123 
-0.891 68.446 
-0.882 58.764 
-0.727 30.591 
-0.84 42.197 
-0.739 30.908 
-0.783 33.423 
-0.793 36.07 
-0.799 36.777 
