-0.891 68.446 
-0.686 27.748 
-0.891 68.446 
-0.686 27.748 
-0.89 58.504 
-0.87 47.494 
-0.843 42.311 
-0.872 52.988 
-0.859 46.77 
-0.882 57.607 
-0.795 36.394 
-0.727 30.568 
-0.723 28.136 
-0.817 36.609 
-0.881 53.327 
-0.741 31.186 
-0.76 31.299 
-0.859 46.77 
-0.703 27.754 
-0.834 41.07 
-0.824 37.871 
-0.793 36.068 
-0.785 33.415 
-0.739 30.905 
-0.766 31.837 
-0.834 41.07 
-0.824 37.871 
-0.712 28.082 
-0.776 32.105 
-0.88 53.032 
-0.793 36.068 
-0.785 33.415 
-0.727 30.568 
-0.89 58.504 
-0.882 57.607 
-0.822 37.488 
-0.708 28.024 
-0.708 28.024 
-0.703 27.754 
-0.763 31.472 
-0.838 41.845 
-0.835 41.358 
-0.766 31.837 
-0.782 33.086 
-0.78 32.623 
-0.723 28.136 
-0.712 28.082 
-0.763 31.472 
-0.739 30.905 
-0.76 31.299 
-0.838 41.845 
-0.835 41.358 
-0.782 33.086 
-0.78 32.623 
-0.778 32.355 
-0.776 32.105 
-0.84 42.197 
-0.82 37.115 
-0.778 32.355 
-0.82 37.115 
-0.741 31.186 
-0.881 53.327 
-0.839 42.135 
-0.784 33.356 
-0.823 37.61 
-0.819 36.857 
-0.784 33.356 
-0.872 52.988 
-0.794 36.154 
-0.817 36.609 
-0.818 36.747 
-0.823 37.61 
-0.84 42.197 
-0.819 36.857 
-0.818 36.747 
-0.794 36.154 
-0.839 42.135 
-0.88 53.032 
-0.891 68.446 
-0.686 27.748 
-0.834 41.07 
-0.824 37.871 
-0.785 33.415 
-0.727 30.568 
-0.882 57.607 
-0.708 28.024 
-0.703 27.754 
-0.766 31.837 
-0.723 28.136 
-0.712 28.082 
-0.763 31.472 
-0.739 30.905 
-0.76 31.299 
-0.823 37.61 
-0.82 37.115 
-0.835 41.358 
-0.838 41.845 
-0.782 33.086 
-0.78 32.623 
-0.776 32.105 
