-0.691 29.133 
-0.874 54.119 
-0.874 54.119 
-0.691 29.133 
-0.777 31.393 
-0.746 31.156 
-0.792 35.4 
-0.746 31.156 
-0.848 43.12 
-0.865 49.092 
-0.851 47.11 
-0.825 41.487 
-0.824 37.655 
-0.84 41.665 
-0.8 35.984 
-0.814 36.178 
-0.862 48.431 
-0.826 41.522 
-0.865 49.092 
-0.844 42.231 
-0.8 35.984 
-0.844 42.231 
-0.857 48.048 
-0.856 47.683 
-0.851 47.11 
-0.816 36.591 
-0.822 37.159 
-0.856 47.683 
-0.815 36.218 
-0.823 37.609 
-0.822 37.159 
-0.82 36.767 
-0.857 48.048 
-0.819 36.764 
-0.819 36.764 
-0.816 36.591 
-0.826 41.522 
-0.82 36.767 
-0.824 37.655 
-0.823 37.609 
-0.825 41.487 
-0.691 29.133 
-0.746 31.156 
-0.851 47.11 
-0.826 41.522 
-0.856 47.683 
-0.822 37.159 
-0.857 48.048 
-0.819 36.764 
-0.816 36.591 
-0.824 37.655 
-0.823 37.609 
-0.825 41.487 
-0.691 29.133 
-0.746 31.156 
-0.851 47.11 
-0.826 41.522 
-0.856 47.683 
-0.857 48.048 
-0.822 37.159 
-0.819 36.764 
-0.816 36.591 
-0.824 37.655 
-0.823 37.609 
-0.825 41.487 
-0.691 29.133 
-0.746 31.156 
-0.851 47.11 
-0.826 41.522 
-0.856 47.683 
-0.857 48.048 
-0.822 37.159 
-0.819 36.764 
-0.816 36.591 
-0.824 37.655 
-0.823 37.609 
-0.825 41.487 
-0.746 31.156 
-0.851 47.11 
-0.826 41.522 
-0.856 47.683 
-0.816 36.591 
-0.824 37.655 
-0.823 37.609 
-0.825 41.487 
-0.746 31.156 
-0.851 47.11 
-0.816 36.591 
-0.824 37.655 
-0.823 37.609 
-0.825 41.487 
-0.851 47.11 
-0.816 36.591 
-0.825 41.487 
-0.824 37.655 
-0.857 48.048 
-0.857 48.048 
-0.825 41.487 
-0.816 36.591 
-0.823 37.609 
