-0.874 54.119 
-0.69 29.125 
-0.69 29.125 
-0.874 54.119 
-0.695 29.639 
-0.746 31.156 
-0.746 31.156 
-0.865 49.092 
-0.851 47.09 
-0.777 31.393 
-0.848 43.12 
-0.792 35.4 
-0.825 41.44 
-0.824 37.655 
-0.78 32.006 
-0.8 35.984 
-0.84 41.665 
-0.814 36.178 
-0.78 32.006 
-0.792 35.4 
-0.862 48.334 
-0.695 29.639 
-0.865 49.092 
-0.826 41.498 
-0.844 42.231 
-0.848 43.12 
-0.8 35.984 
-0.844 42.231 
-0.857 48.048 
-0.856 47.683 
-0.852 47.453 
-0.822 37.159 
-0.84 41.665 
-0.816 36.582 
-0.777 31.393 
-0.691 29.133 
-0.823 37.609 
-0.691 29.133 
-0.822 37.159 
-0.82 36.767 
-0.815 36.218 
-0.817 36.608 
-0.857 48.048 
-0.82 36.767 
-0.819 36.635 
-0.856 47.683 
-0.852 47.453 
-0.826 41.498 
-0.824 37.655 
-0.823 37.609 
-0.815 36.218 
-0.819 36.635 
-0.874 54.119 
-0.746 31.156 
-0.792 35.4 
-0.777 31.393 
-0.865 49.092 
-0.848 43.12 
-0.8 35.984 
-0.844 42.231 
-0.84 41.665 
-0.691 29.133 
-0.822 37.159 
-0.857 48.048 
-0.82 36.767 
-0.856 47.683 
-0.826 41.498 
-0.824 37.655 
-0.823 37.609 
-0.815 36.218 
-0.874 54.119 
-0.746 31.156 
-0.865 49.092 
-0.8 35.984 
-0.844 42.231 
-0.691 29.133 
-0.822 37.159 
-0.857 48.048 
-0.82 36.767 
-0.856 47.683 
-0.824 37.655 
-0.823 37.609 
-0.691 29.133 
-0.746 31.156 
-0.8 35.984 
-0.856 47.683 
-0.822 37.159 
-0.857 48.048 
-0.824 37.655 
-0.823 37.609 
-0.691 29.133 
-0.746 31.156 
-0.856 47.683 
-0.822 37.159 
-0.857 48.048 
-0.824 37.655 
-0.823 37.609 
-0.691 29.133 
-0.746 31.156 
-0.856 47.683 
