-0.936 58.746 
-0.936 58.746 
-0.845 32.541 
-0.902 47.205 
-0.872 36.825 
-0.845 32.541 
-0.936 58.746 
-0.851 33.054 
-0.812 30.823 
-0.872 36.825 
-0.848 32.907 
-0.935 53.745 
-0.936 58.746 
-0.828 30.889 
-0.833 31.032 
-0.919 52.96 
-0.845 32.541 
-0.851 33.054 
-0.851 33.054 
-0.872 36.825 
-0.812 30.823 
-0.851 33.054 
-0.828 30.889 
-0.919 52.96 
-0.862 36.373 
-0.935 53.745 
-0.845 32.541 
-0.882 37.595 
-0.909 47.456 
-0.918 47.514 
-0.852 36.337 
-0.851 33.054 
-0.851 33.054 
-0.847 32.568 
-0.851 33.054 
-0.901 47.096 
-0.879 37.403 
-0.889 41.617 
-0.883 38.138 
-0.899 42.711 
-0.851 33.054 
-0.804 30.208 
-0.891 42.456 
