-0.715 24.863 
-0.894 46.715 
-0.775 30.35 
-0.852 37.069 
-0.8 33.899 
-0.835 36.604 
-0.715 24.863 
-0.715 24.863 
-0.809 35.414 
-0.877 41.763 
-0.806 34.447 
-0.76 28.873 
-0.894 46.715 
-0.894 46.715 
-0.795 31.656 
-0.937 64.165 
-0.813 35.652 
-0.814 36.098 
-0.877 41.763 
-0.86 41.086 
-0.851 36.914 
-0.76 28.873 
-0.8 33.899 
-0.877 41.763 
-0.852 37.069 
-0.806 34.447 
-0.877 41.763 
-0.887 42.192 
-0.711 24.539 
-0.776 30.558 
-0.763 29.201 
-0.751 28.474 
-0.805 34.328 
-0.858 37.542 
-0.936 64.033 
-0.85 36.755 
-0.808 35.364 
-0.83 36.246 
-0.76 28.873 
-0.895 46.836 
-0.901 46.858 
-0.776 30.558 
-0.718 25.118 
-0.853 37.217 
-0.86 41.086 
-0.803 33.921 
-0.916 53.259 
-0.917 62.922 
-0.906 52.719 
-0.806 34.447 
-0.806 34.447 
-0.905 52.616 
-0.852 37.069 
-0.804 34.097 
-0.888 46.676 
-0.769 30.223 
-0.894 46.715 
-0.809 35.414 
-0.883 41.884 
-0.803 33.921 
-0.776 30.558 
-0.894 46.715 
-0.833 36.6 
-0.903 52.069 
