-0.706 24.138 
-0.937 64.159 
-0.706 24.138 
-0.917 53.385 
-0.936 64.031 
-0.718 24.998 
-0.749 28.201 
-0.901 46.856 
-0.86 41.086 
-0.893 42.308 
-0.903 52.065 
-0.894 46.713 
-0.858 37.541 
-0.776 30.555 
-0.936 64.031 
-0.795 31.655 
-0.797 31.777 
-0.877 41.76 
-0.835 36.604 
-0.8 33.899 
-0.916 53.253 
-0.751 28.469 
-0.849 36.633 
-0.906 52.719 
-0.814 34.828 
-0.818 35.532 
-0.812 34.317 
-0.825 35.999 
-0.767 30.159 
-0.821 35.824 
-0.83 36.228 
-0.805 34.207 
-0.76 28.866 
-0.877 41.76 
-0.795 31.655 
-0.711 24.423 
-0.776 30.555 
-0.775 30.35 
-0.882 41.879 
-0.895 46.836 
-0.71 24.416 
-0.769 30.22 
-0.887 42.188 
-0.86 41.086 
-0.764 29.329 
-0.763 29.2 
-0.715 24.863 
-0.761 28.871 
-0.853 37.214 
-0.715 24.863 
-0.832 36.433 
-0.857 37.41 
-0.903 52.065 
-0.885 42.142 
-0.833 36.533 
-0.803 33.918 
-0.851 36.91 
-0.852 37.067 
-0.764 29.329 
-0.884 42.011 
-0.904 52.476 
-0.76 28.866 
-0.8 33.899 
-0.858 37.541 
-0.769 30.22 
-0.887 42.188 
-0.857 37.41 
-0.853 37.214 
-0.804 34.087 
-0.85 36.755 
-0.905 52.616 
-0.904 52.476 
-0.775 30.35 
-0.883 41.884 
-0.85 36.755 
-0.804 34.087 
-0.905 52.616 
-0.849 36.633 
-0.895 46.836 
-0.803 33.918 
-0.883 41.884 
-0.877 41.76 
-0.795 31.655 
-0.936 64.031 
-0.776 30.555 
-0.86 41.086 
-0.769 30.22 
-0.715 24.863 
-0.8 33.899 
-0.853 37.214 
-0.904 52.476 
-0.804 34.087 
-0.85 36.755 
-0.895 46.836 
-0.715 24.863 
-0.715 24.863 
-0.715 24.863 
-0.715 24.863 
-0.936 64.031 
-0.877 41.76 
