-0.706 24.138 
-0.937 64.159 
-0.706 24.138 
-0.937 64.159 
-0.925 58.99 
-0.917 53.38 
-0.86 41.086 
-0.895 46.701 
-0.893 42.308 
-0.749 28.201 
-0.902 47.036 
-0.718 24.998 
-0.936 64.031 
-0.903 52.065 
-0.858 37.54 
-0.718 24.998 
-0.749 28.201 
-0.776 30.555 
-0.795 31.655 
-0.833 36.407 
-0.797 31.777 
-0.877 41.76 
-0.848 36.448 
-0.8 33.899 
-0.751 28.469 
-0.906 52.719 
-0.818 35.532 
-0.812 34.317 
-0.821 35.824 
-0.936 64.031 
-0.828 35.968 
-0.916 53.253 
-0.767 30.159 
-0.805 34.207 
-0.76 28.866 
-0.877 41.76 
-0.795 31.655 
-0.83 36.228 
-0.776 30.555 
-0.901 46.856 
-0.853 37.212 
-0.814 34.828 
-0.882 41.879 
-0.71 24.416 
-0.887 42.188 
-0.814 34.828 
-0.86 41.086 
-0.764 29.329 
-0.715 24.863 
-0.771 30.27 
-0.715 24.863 
-0.857 37.41 
-0.774 30.293 
-0.916 53.253 
-0.711 24.423 
-0.885 42.142 
-0.803 33.918 
-0.764 29.329 
-0.852 37.067 
-0.711 24.423 
-0.884 42.011 
-0.904 52.476 
-0.903 52.065 
-0.76 28.866 
-0.8 33.899 
-0.763 29.2 
-0.761 28.871 
-0.883 41.883 
-0.763 29.2 
-0.887 42.188 
-0.769 30.22 
-0.769 30.22 
-0.775 30.35 
-0.857 37.41 
-0.849 36.633 
-0.761 28.871 
-0.804 34.087 
-0.851 36.91 
-0.901 46.856 
-0.851 36.91 
-0.85 36.755 
-0.905 52.616 
-0.904 52.476 
-0.85 36.755 
-0.849 36.633 
-0.804 34.087 
-0.905 52.616 
-0.775 30.35 
-0.803 33.918 
-0.706 24.138 
-0.936 64.031 
-0.877 41.76 
-0.795 31.655 
-0.776 30.555 
-0.86 41.086 
-0.715 24.863 
-0.903 52.065 
-0.764 29.329 
-0.76 28.866 
-0.8 33.899 
