-0.847 59.171 
-0.847 59.171 
-0.819 47.086 
-0.845 54.093 
-0.837 49.084 
-0.733 32.413 
-0.777 42.26 
-0.838 53.604 
-0.713 31.613 
-0.713 31.613 
-0.813 42.796 
-0.81 42.358 
-0.791 42.351 
-0.745 35.838 
-0.719 32.129 
-0.764 37.608 
-0.791 42.351 
-0.828 47.767 
-0.733 32.413 
-0.745 35.838 
-0.756 36.79 
-0.751 36.715 
-0.756 36.79 
-0.813 42.796 
-0.748 36.055 
-0.718 32.03 
-0.828 47.767 
-0.838 53.604 
-0.777 42.26 
-0.718 32.03 
-0.81 42.358 
-0.746 35.957 
-0.746 35.957 
-0.847 59.171 
-0.713 31.613 
-0.828 47.767 
-0.813 42.796 
-0.756 36.79 
-0.838 53.604 
-0.777 42.26 
-0.718 32.03 
-0.81 42.358 
-0.746 35.957 
-0.756 36.79 
-0.718 32.03 
-0.838 53.604 
-0.777 42.26 
-0.718 32.03 
-0.777 42.26 
-0.745 35.838 
-0.718 32.03 
-0.7 27.489 
-0.72 32.281 
-0.718 32.03 
-0.713 31.613 
-0.777 42.26 
-0.81 42.358 
-0.718 32.03 
-0.733 32.413 
-0.776 37.627 
-0.718 32.03 
-0.777 42.26 
-0.756 36.79 
-0.838 53.604 
-0.837 49.084 
-0.756 36.79 
-0.81 42.358 
-0.81 42.358 
-0.828 47.767 
-0.745 35.838 
-0.791 42.351 
-0.745 35.838 
-0.745 35.838 
-0.746 35.957 
-0.756 36.79 
-0.838 53.604 
-0.828 47.767 
-0.838 53.604 
-0.836 48.493 
-0.756 36.79 
-0.748 36.055 
-0.819 47.086 
-0.756 36.79 
-0.745 35.838 
-0.81 42.358 
-0.713 31.613 
-0.718 32.03 
-0.751 36.715 
-0.75 36.272 
