P=? [ F (x=9&y=9&crashed=0) ]	R{"cost"}=? [ C<=100 ]
0.621	20.288
0.919	78.976
0.919	78.976
0.621	20.288
0.907	58.17
0.905	57.934
0.898	48.603
0.656	21.528
0.725	25.561
0.691	24.77
0.623	20.358
0.857	40.554
0.81	30.742
0.725	25.561
0.831	31.981
0.848	35.739
0.743	26.021
0.884	46.724
0.782	26.634
0.848	35.739
0.881	43.307
0.831	31.981
0.765	26.371
0.856	37.39
0.889	47.98
0.674	24.4
0.862	41.345
0.743	26.021
0.659	23.938
0.798	30.404
0.789	27.774
0.674	24.4
0.658	23.937
0.907	58.17
0.822	30.856
0.756	26.297
0.799	30.585
0.685	24.615
0.875	41.786
0.691	24.77
0.798	30.404
0.867	41.632
0.789	27.774
0.905	57.934
0.785	27.004
0.898	48.603
0.656	21.528
0.623	20.358
0.896	48.306
0.765	26.371
0.685	24.615
0.886	46.979
0.759	26.307
0.867	41.632
0.877	42.326
0.879	42.552
0.825	31.473
0.876	42.089
0.788	27.763
0.787	27.247
0.827	31.575
0.782	26.634
0.886	46.979
0.884	46.724
0.88	43.164
0.881	43.307
0.659	23.938
0.757	26.304
0.852	36.36
0.85	36.243
0.856	37.39
0.855	37.041
0.896	48.306
0.849	36.059
0.829	31.873
0.756	26.297
0.854	36.823
0.853	36.554
0.759	26.307
0.824	31.22
0.787	27.247
0.879	42.552
0.897	48.384
0.855	37.041
0.854	36.823
0.823	31.07
0.658	23.937
0.853	36.554
0.849	36.059
0.828	31.759
0.799	30.585
0.824	31.22
0.823	31.07
0.88	43.164
0.852	36.36
0.85	36.243
0.822	30.856
0.828	31.759
0.829	31.873
0.897	48.384
