-0.709 24.878 
-0.863 66.513 
-0.863 66.513 
-0.709 24.878 
-0.855 61.955 
-0.854 55.981 
-0.853 51.125 
-0.752 28.965 
-0.841 45.749 
-0.732 26.455 
-0.845 47.108 
-0.732 26.455 
-0.803 38.859 
-0.714 25.338 
-0.802 35.471 
-0.828 42.222 
-0.828 42.222 
-0.782 33.881 
-0.774 31.063 
-0.799 35.122 
-0.789 35.072 
-0.774 31.063 
-0.809 39.365 
-0.714 25.338 
-0.782 33.881 
-0.816 39.591 
-0.76 29.908 
-0.819 40.384 
-0.767 29.932 
-0.756 29.676 
-0.825 41.555 
-0.81 39.455 
-0.825 41.555 
-0.819 40.384 
-0.844 46.644 
-0.773 30.535 
-0.753 29.089 
-0.784 34.166 
-0.771 30.522 
-0.76 29.908 
-0.818 39.901 
-0.754 29.606 
-0.842 45.968 
-0.817 39.837 
-0.77 30.23 
-0.783 34.083 
-0.785 34.689 
-0.786 34.854 
-0.843 46.242 
-0.768 30.008 
-0.8 35.172 
-0.827 42.135 
-0.826 41.824 
-0.8 35.172 
-0.843 46.242 
-0.826 41.824 
-0.77 30.23 
-0.768 30.008 
-0.785 34.689 
-0.81 39.455 
-0.788 35.039 
-0.787 34.917 
-0.827 42.135 
-0.754 29.606 
-0.787 34.917 
-0.789 35.072 
-0.788 35.039 
-0.767 29.932 
-0.709 24.878 
-0.732 26.455 
-0.828 42.222 
-0.782 33.881 
-0.774 31.063 
-0.76 29.908 
-0.8 35.172 
-0.768 30.008 
-0.826 41.824 
-0.81 39.455 
-0.789 35.072 
-0.788 35.039 
-0.767 29.932 
-0.709 24.878 
-0.76 29.908 
-0.826 41.824 
-0.81 39.455 
-0.788 35.039 
-0.81 39.455 
-0.709 24.878 
-0.76 29.908 
-0.76 29.908 
-0.788 35.039 
-0.788 35.039 
-0.81 39.455 
-0.76 29.908 
-0.76 29.908 
-0.81 39.455 
-0.826 41.824 
-0.826 41.824 
-0.76 29.908 
-0.76 29.908 
