-0.709 24.878 
-0.863 57.133 
-0.709 24.878 
-0.752 28.961 
-0.854 55.981 
-0.829 42.579 
-0.804 39.067 
-0.853 51.125 
-0.851 50.437 
-0.733 26.503 
-0.845 46.789 
-0.803 35.823 
-0.782 33.881 
-0.774 31.006 
-0.84 45.349 
-0.733 26.503 
-0.789 34.706 
-0.84 45.349 
-0.815 39.236 
-0.727 26.175 
-0.774 31.006 
-0.798 34.998 
-0.851 50.437 
-0.756 29.676 
-0.782 33.881 
-0.82 40.379 
-0.764 29.864 
-0.845 46.789 
-0.714 25.338 
-0.721 25.633 
-0.854 55.981 
-0.768 29.889 
-0.732 26.455 
-0.825 41.47 
-0.764 29.864 
-0.713 25.199 
-0.786 34.214 
-0.853 51.125 
-0.723 25.7 
-0.724 25.899 
-0.823 40.981 
-0.823 40.981 
-0.721 25.633 
-0.773 30.533 
-0.788 34.459 
-0.754 29.496 
-0.753 29.078 
-0.842 45.968 
-0.841 45.566 
-0.772 30.404 
-0.844 46.425 
-0.824 41.109 
-0.828 42.22 
-0.819 40.114 
-0.818 39.757 
-0.803 35.823 
-0.802 35.471 
-0.827 42.1 
-0.826 41.773 
-0.713 25.199 
-0.826 41.773 
-0.714 25.338 
-0.798 34.998 
-0.732 26.455 
-0.724 25.899 
-0.819 40.114 
-0.801 35.421 
-0.8 35.172 
-0.788 34.459 
-0.842 45.968 
-0.843 46.206 
-0.844 46.425 
-0.843 46.206 
-0.841 45.566 
-0.818 39.757 
-0.817 39.545 
-0.816 39.447 
-0.785 34.166 
-0.784 33.966 
-0.77 30.205 
-0.769 30.009 
-0.756 29.676 
-0.815 39.236 
-0.804 39.067 
-0.755 29.512 
-0.771 30.366 
-0.77 30.205 
-0.773 30.533 
-0.824 41.109 
-0.799 35.122 
-0.769 30.009 
-0.828 42.22 
-0.827 42.1 
-0.753 29.078 
-0.817 39.545 
-0.816 39.447 
-0.784 33.966 
-0.783 33.916 
-0.802 35.471 
-0.8 35.172 
