-0.675 33.027 
-0.833 64.719 
-0.833 64.719 
-0.675 33.027 
-0.819 64.191 
-0.8 53.887 
-0.785 52.349 
-0.777 48.569 
-0.695 34.862 
-0.801 58.019 
-0.816 58.486 
-0.732 42.346 
-0.708 35.467 
-0.818 60.383 
-0.729 39.871 
-0.718 38.26 
-0.681 34.136 
-0.763 46.974 
-0.802 58.302 
-0.737 42.471 
-0.763 46.974 
-0.718 38.26 
-0.792 53.513 
-0.785 52.349 
-0.752 44.734 
-0.769 47.652 
-0.817 59.968 
-0.752 44.734 
-0.777 48.569 
-0.746 42.977 
-0.708 35.467 
-0.771 47.98 
-0.745 42.702 
-0.701 35.376 
-0.792 53.513 
-0.75 43.797 
-0.679 33.427 
-0.723 39.211 
-0.751 44.727 
-0.729 39.871 
-0.7 35.263 
-0.75 43.797 
-0.722 39.036 
-0.722 39.036 
-0.681 34.136 
-0.68 33.451 
-0.723 39.211 
-0.818 60.383 
-0.7 35.263 
-0.8 53.887 
-0.77 47.94 
-0.745 42.702 
-0.816 58.486 
-0.802 58.302 
-0.77 47.94 
-0.68 33.451 
-0.675 33.027 
-0.763 46.974 
-0.718 38.26 
-0.752 44.734 
-0.729 39.871 
-0.681 34.136 
-0.723 39.211 
-0.777 48.569 
-0.77 47.94 
-0.68 33.451 
-0.7 35.263 
-0.802 58.302 
-0.75 43.797 
-0.745 42.702 
-0.816 58.486 
-0.752 44.734 
-0.718 38.26 
-0.681 34.136 
-0.77 47.94 
-0.68 33.451 
-0.802 58.302 
-0.75 43.797 
-0.816 58.486 
-0.752 44.734 
-0.75 43.797 
-0.681 34.136 
-0.68 33.451 
-0.802 58.302 
-0.681 34.136 
-0.681 34.136 
-0.681 34.136 
-0.681 34.136 
-0.681 34.136 
-0.681 34.136 
-0.681 34.136 
-0.681 34.136 
-0.681 34.136 
-0.681 34.136 
-0.681 34.136 
-0.681 34.136 
-0.681 34.136 
-0.681 34.136 
-0.681 34.136 
-0.752 44.734 
