-0.834 65.019 
-0.675 33.026 
-0.675 33.026 
-0.834 65.019 
-0.819 64.191 
-0.74 42.383 
-0.801 57.668 
-0.8 53.887 
-0.755 43.507 
-0.761 46.663 
-0.733 39.558 
-0.714 37.859 
-0.783 52.167 
-0.818 60.383 
-0.833 64.556 
-0.808 58.113 
-0.681 34.136 
-0.778 48.723 
-0.708 35.467 
-0.703 34.605 
-0.696 34.482 
-0.816 58.484 
-0.786 52.317 
-0.763 46.973 
-0.817 59.926 
-0.752 43.379 
-0.777 48.529 
-0.792 52.951 
-0.708 35.467 
-0.746 42.414 
-0.726 38.803 
-0.718 38.244 
-0.793 52.996 
-0.771 47.98 
-0.697 34.528 
-0.778 48.723 
-0.783 52.167 
-0.748 42.675 
-0.8 53.887 
-0.793 52.996 
-0.748 42.675 
-0.768 47.612 
-0.726 38.803 
-0.718 38.244 
-0.68 33.451 
-0.768 47.612 
-0.679 33.427 
-0.73 39.448 
-0.729 39.249 
-0.716 38.228 
-0.771 47.98 
-0.818 60.383 
-0.801 57.668 
-0.679 33.427 
-0.728 39.056 
-0.816 58.484 
-0.819 64.191 
-0.696 34.482 
-0.681 34.136 
-0.728 39.056 
-0.716 38.228 
-0.77 47.805 
-0.77 47.805 
-0.769 47.652 
-0.73 39.448 
-0.697 34.528 
-0.769 47.652 
-0.68 33.451 
-0.675 33.026 
-0.834 65.019 
-0.696 34.482 
-0.708 35.467 
-0.778 48.723 
-0.726 38.803 
-0.8 53.887 
-0.793 52.996 
-0.718 38.244 
-0.768 47.612 
-0.801 57.668 
-0.771 47.98 
-0.748 42.675 
-0.818 60.383 
-0.679 33.427 
-0.819 64.191 
-0.681 34.136 
-0.716 38.228 
-0.77 47.805 
-0.73 39.448 
-0.769 47.652 
-0.68 33.451 
-0.834 65.019 
-0.726 38.803 
-0.696 34.482 
-0.793 52.996 
-0.718 38.244 
-0.768 47.612 
-0.801 57.668 
-0.771 47.98 
-0.708 35.467 
-0.818 60.383 
