-0.9 52.739 
-0.754 26.41 
-0.9 52.739 
-0.792 27.329 
-0.811 30.859 
-0.891 48.04 
-0.89 42.707 
-0.894 51.574 
-0.859 36.392 
-0.771 27.285 
-0.857 33.046 
-0.886 41.862 
-0.882 38.26 
-0.891 48.04 
-0.758 26.992 
-0.821 31.259 
-0.834 31.281 
-0.771 27.285 
-0.835 31.303 
-0.845 31.477 
-0.82 30.977 
-0.814 30.921 
-0.899 52.508 
-0.886 41.862 
-0.874 37.057 
-0.882 38.26 
-0.869 37.018 
-0.867 36.805 
-0.856 32.89 
-0.854 32.685 
-0.863 36.771 
-0.846 31.494 
-0.756 26.745 
-0.86 36.596 
-0.897 52.003 
-0.889 42.495 
-0.896 51.752 
-0.878 37.339 
-0.853 32.531 
-0.851 32.089 
-0.897 52.003 
-0.85 31.994 
-0.863 36.771 
-0.868 36.999 
-0.887 42.248 
-0.895 51.697 
-0.876 37.172 
-0.853 32.531 
-0.88 37.937 
-0.879 37.619 
-0.755 26.725 
-0.876 37.172 
-0.848 31.789 
-0.879 37.619 
-0.851 32.089 
-0.848 31.789 
-0.874 37.057 
-0.881 38.044 
-0.89 42.707 
-0.812 30.873 
-0.86 36.596 
-0.845 31.477 
-0.835 31.303 
-0.878 37.339 
-0.888 42.4 
-0.887 42.248 
-0.849 31.845 
-0.881 38.044 
-0.88 37.937 
-0.888 42.4 
-0.849 31.845 
-0.812 30.873 
-0.869 37.018 
-0.867 36.805 
-0.821 31.259 
-0.755 26.725 
-0.9 52.739 
-0.891 48.04 
-0.835 31.303 
-0.882 38.26 
-0.863 36.771 
-0.853 32.531 
-0.897 52.003 
-0.876 37.172 
-0.879 37.619 
-0.848 31.789 
-0.874 37.057 
-0.86 36.596 
-0.887 42.248 
-0.88 37.937 
-0.849 31.845 
-0.9 52.739 
-0.835 31.303 
-0.879 37.619 
-0.897 52.003 
-0.848 31.789 
-0.86 36.596 
-0.887 42.248 
-0.849 31.845 
-0.9 52.739 
