-0.9 52.738 
-0.761 26.384 
-0.761 26.384 
-0.9 52.738 
-0.892 51.333 
-0.891 42.96 
-0.817 30.624 
-0.794 27.651 
-0.838 31.18 
-0.883 41.67 
-0.882 38.26 
-0.775 27.207 
-0.792 27.325 
-0.82 30.971 
-0.769 26.87 
-0.794 27.651 
-0.859 36.262 
-0.858 33.294 
-0.84 31.474 
-0.862 36.559 
-0.869 36.606 
-0.775 27.207 
-0.873 36.811 
-0.845 31.477 
-0.89 42.678 
-0.852 32.168 
-0.887 42.125 
-0.885 41.725 
-0.899 52.504 
-0.854 32.563 
-0.874 36.976 
-0.87 36.628 
-0.849 31.786 
-0.847 31.691 
-0.898 52.37 
-0.897 52.003 
-0.853 32.531 
-0.894 51.559 
-0.819 30.838 
-0.792 27.325 
-0.88 37.855 
-0.879 37.554 
-0.891 42.96 
-0.886 41.862 
-0.897 52.003 
-0.896 51.752 
-0.858 33.294 
-0.855 32.811 
-0.857 33.046 
-0.859 36.262 
-0.861 36.507 
-0.861 36.507 
-0.889 42.495 
-0.888 42.263 
-0.894 51.559 
-0.882 38.26 
-0.879 37.554 
-0.878 37.338 
-0.881 38.044 
-0.877 37.328 
-0.876 37.113 
-0.819 30.838 
-0.82 30.971 
-0.85 31.984 
-0.846 31.494 
-0.881 38.044 
-0.88 37.855 
-0.889 42.495 
-0.87 36.628 
-0.857 33.046 
-0.856 32.89 
-0.895 51.697 
-0.888 42.263 
-0.886 41.862 
-0.898 52.37 
-0.851 32.089 
-0.85 31.984 
-0.875 37.078 
-0.849 31.786 
-0.847 31.691 
-0.856 32.89 
-0.851 32.089 
-0.855 32.811 
-0.896 51.752 
-0.895 51.697 
-0.883 41.67 
-0.869 36.606 
-0.862 36.559 
-0.876 37.113 
-0.875 37.078 
-0.853 32.531 
-0.846 31.494 
-0.878 37.338 
-0.877 37.328 
-0.845 31.477 
-0.9 52.738 
-0.775 27.207 
-0.897 52.003 
-0.859 36.262 
-0.862 36.559 
