-0.869 41.638 
-0.849 40.632 
-0.798 31.552 
-0.874 42.88 
-0.869 41.638 
-0.701 26.813 
-0.829 31.857 
-0.798 31.552 
-0.798 31.552 
-0.869 41.638 
-0.847 37.652 
-0.869 41.638 
-0.869 41.638 
-0.847 37.652 
-0.698 26.0 
-0.836 35.773 
-0.701 26.813 
-0.701 26.813 
-0.701 26.813 
-0.869 41.638 
-0.793 30.38 
-0.831 32.069 
-0.798 31.552 
-0.855 41.149 
-0.851 40.958 
-0.798 31.552 
-0.698 26.0 
-0.869 41.638 
-0.907 57.212 
-0.899 56.699 
-0.874 42.88 
-0.831 32.069 
-0.698 26.0 
-0.832 32.235 
-0.698 26.0 
-0.698 26.0 
-0.849 40.632 
-0.869 41.638 
-0.828 31.618 
-0.847 37.652 
-0.84 36.738 
-0.838 36.352 
-0.897 47.589 
-0.874 42.88 
