-0.883 66.948 
-0.715 25.197 
-0.715 25.197 
-0.883 66.948 
-0.882 48.028 
-0.748 25.58 
-0.716 25.206 
-0.871 46.554 
-0.796 30.179 
-0.817 30.45 
-0.767 29.089 
-0.769 29.438 
-0.865 42.087 
-0.787 29.556 
-0.853 40.827 
-0.849 36.921 
-0.767 29.089 
-0.836 35.664 
-0.833 32.07 
-0.872 46.774 
-0.845 36.044 
-0.79 30.038 
-0.863 41.869 
-0.796 30.179 
-0.839 35.91 
-0.865 42.087 
-0.872 46.774 
-0.858 41.628 
-0.823 30.892 
-0.849 36.921 
-0.827 30.931 
-0.853 40.827 
-0.82 30.472 
-0.817 30.45 
-0.857 41.429 
-0.854 41.017 
-0.831 31.774 
-0.846 36.441 
-0.833 32.07 
-0.836 35.664 
-0.823 30.892 
-0.82 30.472 
-0.864 41.978 
-0.848 36.707 
-0.857 41.429 
-0.854 41.017 
-0.79 30.038 
-0.788 29.687 
-0.716 25.206 
-0.769 29.438 
-0.788 29.687 
-0.848 36.707 
-0.846 36.441 
-0.829 31.398 
-0.828 31.135 
-0.858 41.628 
-0.832 32.006 
-0.83 31.603 
-0.829 31.398 
-0.828 31.135 
-0.83 31.603 
-0.838 35.761 
-0.839 35.91 
-0.787 29.556 
-0.832 32.006 
-0.838 35.761 
-0.837 35.703 
-0.827 30.931 
-0.837 35.703 
-0.715 25.197 
-0.865 42.087 
-0.849 36.921 
-0.853 40.827 
-0.833 32.07 
-0.823 30.892 
-0.82 30.472 
-0.716 25.206 
-0.854 41.017 
-0.79 30.038 
-0.769 29.438 
-0.788 29.687 
-0.846 36.441 
-0.858 41.628 
-0.872 46.774 
-0.828 31.135 
-0.839 35.91 
-0.83 31.603 
-0.787 29.556 
-0.832 32.006 
-0.838 35.761 
-0.827 30.931 
-0.837 35.703 
-0.715 25.197 
-0.865 42.087 
-0.853 40.827 
-0.854 41.017 
-0.833 32.07 
-0.823 30.892 
-0.82 30.472 
-0.769 29.438 
