-0.7 28.01 
-0.88 53.702 
-0.88 53.702 
-0.7 28.01 
-0.877 53.044 
-0.782 33.045 
-0.824 38.318 
-0.765 32.025 
-0.873 48.518 
-0.733 31.684 
-0.856 47.118 
-0.849 43.079 
-0.724 31.169 
-0.724 31.169 
-0.79 36.452 
-0.841 41.694 
-0.767 32.292 
-0.824 38.318 
-0.792 37.177 
-0.871 47.403 
-0.806 37.302 
-0.841 41.694 
-0.782 33.045 
-0.79 36.452 
-0.86 47.268 
-0.873 48.518 
-0.813 37.987 
-0.808 37.902 
-0.849 43.079 
-0.843 41.774 
-0.856 47.118 
-0.847 42.727 
-0.733 31.684 
-0.813 37.987 
-0.728 31.458 
-0.728 31.458 
-0.86 47.268 
-0.843 41.774 
-0.765 32.025 
-0.847 42.727 
-0.848 42.771 
-0.871 47.403 
-0.806 37.302 
-0.792 37.177 
-0.808 37.902 
-0.848 42.771 
-0.7 28.01 
-0.88 53.702 
-0.724 31.169 
-0.824 38.318 
-0.79 36.452 
-0.873 48.518 
-0.733 31.684 
-0.813 37.987 
-0.728 31.458 
-0.86 47.268 
-0.843 41.774 
-0.765 32.025 
-0.847 42.727 
-0.806 37.302 
-0.792 37.177 
-0.808 37.902 
-0.848 42.771 
-0.7 28.01 
-0.88 53.702 
-0.724 31.169 
-0.733 31.684 
-0.728 31.458 
-0.765 32.025 
-0.824 38.318 
-0.843 41.774 
-0.806 37.302 
-0.808 37.902 
-0.86 47.268 
-0.7 28.01 
-0.88 53.702 
-0.806 37.302 
-0.733 31.684 
-0.728 31.458 
-0.843 41.774 
-0.824 38.318 
-0.808 37.902 
-0.86 47.268 
-0.88 53.702 
-0.7 28.01 
-0.806 37.302 
-0.733 31.684 
-0.728 31.458 
-0.808 37.902 
-0.824 38.318 
-0.86 47.268 
-0.88 53.702 
-0.7 28.01 
-0.733 31.684 
-0.728 31.458 
-0.824 38.318 
-0.86 47.268 
-0.7 28.01 
-0.88 53.702 
-0.728 31.458 
