-0.7 28.01 
-0.887 52.538 
-0.7 28.01 
-0.782 33.043 
-0.724 31.169 
-0.786 36.025 
-0.856 47.116 
-0.849 43.078 
-0.873 48.517 
-0.841 41.693 
-0.824 38.318 
-0.724 31.169 
-0.741 31.429 
-0.873 48.517 
-0.824 38.318 
-0.75 31.953 
-0.841 41.693 
-0.767 32.291 
-0.765 32.025 
-0.82 37.668 
-0.871 47.401 
-0.801 37.284 
-0.79 36.451 
-0.792 37.177 
-0.806 37.301 
-0.849 43.078 
-0.86 47.267 
-0.741 31.429 
-0.75 31.953 
-0.856 47.116 
-0.806 37.301 
-0.767 32.291 
-0.848 42.504 
-0.872 47.691 
-0.843 41.774 
-0.822 37.87 
-0.844 42.373 
-0.82 37.668 
-0.857 47.256 
-0.86 47.267 
-0.845 42.441 
-0.872 47.691 
-0.823 38.029 
-0.792 37.177 
-0.765 32.025 
-0.823 38.029 
-0.843 41.774 
-0.844 42.373 
-0.848 42.504 
-0.845 42.441 
-0.857 47.256 
-0.7 28.01 
-0.724 31.169 
-0.824 38.318 
-0.873 48.517 
-0.741 31.429 
-0.75 31.953 
-0.806 37.301 
-0.767 32.291 
-0.82 37.668 
-0.872 47.691 
-0.792 37.177 
-0.765 32.025 
-0.823 38.029 
-0.843 41.774 
-0.845 42.441 
-0.857 47.256 
-0.7 28.01 
-0.724 31.169 
-0.824 38.318 
-0.806 37.301 
-0.741 31.429 
-0.823 38.029 
-0.872 47.691 
-0.792 37.177 
-0.765 32.025 
-0.843 41.774 
-0.857 47.256 
-0.7 28.01 
-0.724 31.169 
-0.824 38.318 
-0.806 37.301 
-0.792 37.177 
-0.765 32.025 
-0.843 41.774 
-0.857 47.256 
-0.7 28.01 
-0.724 31.169 
-0.824 38.318 
-0.792 37.177 
-0.765 32.025 
-0.843 41.774 
-0.857 47.256 
-0.7 28.01 
-0.724 31.169 
-0.824 38.318 
-0.765 32.025 
-0.792 37.177 
-0.843 41.774 
-0.7 28.01 
