P=? [ F (x=9&y=9&crashed=0) ]	R{"cost"}=? [ C<=100 ]
0.679	25.802
0.868	54.256
0.679	25.802
0.774	36.282
0.764	32.994
0.85	53.297
0.697	29.456
0.845	49.564
0.742	32.297
0.805	41.254
0.795	38.157
0.692	26.455
0.831	46.696
0.758	32.371
0.734	31.442
0.826	44.496
0.815	42.029
0.713	30.458
0.725	30.667
0.835	47.504
0.778	36.817
0.863	53.355
0.852	53.341
0.795	38.157
0.809	42.026
0.805	41.254
0.788	37.065
0.818	43.443
0.831	46.696
0.742	32.297
0.867	53.861
0.706	29.954
0.845	49.564
0.686	25.87
0.703	29.541
0.727	30.918
0.837	47.802
0.84	48.19
0.712	30.456
0.732	31.29
0.806	41.336
0.839	47.899
0.697	29.456
0.692	26.455
0.843	48.673
0.826	44.496
0.85	53.297
0.841	48.516
0.825	44.449
0.732	31.29
0.727	30.918
0.776	36.456
0.865	53.5
0.712	30.456
0.706	29.954
0.823	43.754
0.844	49.165
0.762	32.88
0.76	32.576
0.705	29.672
0.792	37.816
0.791	37.385
0.844	49.165
0.778	36.817
0.806	41.336
0.821	43.536
0.69	26.177
0.793	37.894
0.725	30.667
0.76	32.576
0.824	44.104
0.824	44.104
0.776	36.456
0.687	25.916
0.842	48.656
0.818	43.443
0.815	42.029
0.809	42.026
0.865	53.5
0.762	32.88
0.788	37.065
0.821	43.536
0.703	29.541
0.758	32.371
0.823	43.754
0.691	26.393
0.863	53.355
0.852	53.341
0.819	43.447
0.689	26.176
0.688	26.042
0.794	38.027
0.705	29.672
0.79	37.274
0.789	37.143
0.794	38.027
0.688	26.042
0.791	37.385
0.79	37.274
0.819	43.447
