-0.605 22.894 
-0.813 53.901 
-0.605 22.894 
-0.779 44.226 
-0.761 37.688 
-0.798 52.699 
-0.774 40.801 
-0.787 44.302 
-0.796 49.121 
-0.626 23.03 
-0.729 30.02 
-0.73 33.082 
-0.788 47.009 
-0.654 25.187 
-0.752 34.81 
-0.633 23.519 
-0.645 23.777 
-0.805 53.303 
-0.665 25.696 
-0.679 27.019 
-0.716 29.196 
-0.713 28.893 
-0.703 27.373 
-0.666 25.959 
-0.771 40.061 
-0.644 23.743 
-0.679 27.019 
-0.79 47.79 
-0.654 25.187 
-0.692 27.262 
-0.81 53.805 
-0.727 29.661 
-0.794 48.503 
-0.689 27.048 
-0.752 34.81 
-0.745 33.56 
-0.767 38.949 
-0.666 25.959 
-0.736 33.506 
-0.707 27.959 
-0.707 27.959 
-0.735 33.294 
-0.767 38.949 
-0.798 52.699 
-0.764 37.996 
-0.628 23.14 
-0.75 34.342 
-0.705 27.591 
-0.751 34.618 
-0.741 33.55 
-0.763 37.884 
-0.772 40.36 
-0.773 40.515 
-0.749 34.091 
-0.731 33.183 
-0.628 23.14 
-0.69 27.084 
-0.728 29.807 
-0.741 33.55 
-0.748 33.903 
-0.796 49.121 
-0.765 38.464 
-0.727 29.661 
-0.789 47.338 
-0.766 38.599 
-0.748 33.903 
-0.795 48.791 
-0.789 47.338 
-0.715 29.056 
-0.795 48.791 
-0.692 27.262 
-0.706 27.733 
-0.715 29.056 
-0.706 27.733 
-0.766 38.599 
-0.765 38.464 
-0.731 33.183 
-0.605 22.894 
-0.679 27.019 
-0.654 25.187 
-0.707 27.959 
-0.767 38.949 
-0.628 23.14 
-0.796 49.121 
-0.727 29.661 
-0.748 33.903 
-0.795 48.791 
-0.692 27.262 
-0.766 38.599 
-0.731 33.183 
-0.679 27.019 
-0.707 27.959 
-0.767 38.949 
-0.628 23.14 
-0.796 49.121 
-0.692 27.262 
-0.766 38.599 
-0.731 33.183 
-0.628 23.14 
-0.707 27.959 
