-0.696 37.134 
-0.78 53.771 
-0.818 63.579 
-0.78 53.771 
-0.741 42.508 
-0.731 39.201 
-0.789 53.852 
-0.811 59.361 
-0.779 52.652 
-0.739 42.239 
-0.802 58.966 
-0.696 37.134 
-0.818 63.579 
-0.696 37.134 
-0.811 59.361 
-0.742 42.546 
-0.741 42.508 
-0.688 33.476 
-0.819 63.742 
-0.696 37.134 
-0.696 37.134 
-0.811 59.361 
-0.696 37.134 
-0.739 42.239 
-0.818 63.579 
-0.739 42.239 
-0.688 33.476 
-0.737 39.758 
-0.742 42.546 
-0.811 59.361 
-0.773 47.785 
-0.731 39.201 
-0.696 37.134 
-0.696 37.134 
-0.731 39.201 
-0.774 48.107 
-0.726 38.345 
-0.762 46.836 
-0.71 38.041 
-0.744 42.77 
-0.669 32.903 
-0.696 37.134 
-0.769 47.104 
-0.736 39.496 
-0.78 53.771 
-0.811 59.361 
-0.696 37.134 
-0.659 32.453 
-0.73 39.119 
-0.796 54.869 
-0.709 37.181 
-0.818 63.579 
-0.693 33.906 
-0.78 53.771 
-0.779 52.652 
-0.736 39.496 
-0.818 63.579 
-0.736 39.496 
-0.696 37.134 
-0.696 37.134 
-0.731 39.201 
-0.755 42.882 
-0.811 59.361 
-0.78 53.771 
-0.696 37.134 
-0.759 43.69 
-0.73 39.119 
-0.737 39.758 
-0.819 63.742 
-0.818 63.579 
-0.696 37.134 
-0.729 39.108 
-0.741 42.508 
-0.696 37.134 
-0.78 53.771 
-0.696 37.134 
-0.688 33.476 
-0.802 58.966 
-0.73 39.119 
-0.696 37.134 
-0.819 63.742 
-0.818 63.579 
-0.696 37.134 
-0.661 32.682 
-0.741 42.508 
-0.819 63.742 
-0.71 38.041 
-0.696 37.134 
-0.78 53.771 
-0.669 32.903 
-0.741 42.508 
-0.756 43.054 
-0.688 33.476 
