-0.886 56.336 
-0.699 24.856 
-0.699 24.856 
-0.838 37.012 
-0.727 26.381 
-0.879 51.983 
-0.84 41.274 
-0.863 46.895 
-0.854 41.502 
-0.871 51.341 
-0.706 25.219 
-0.857 45.653 
-0.779 29.82 
-0.811 35.062 
-0.758 29.452 
-0.807 32.075 
-0.736 27.573 
-0.745 28.846 
-0.756 29.339 
-0.825 36.761 
-0.789 30.901 
-0.779 29.82 
-0.745 28.846 
-0.872 51.815 
-0.789 30.901 
-0.735 27.246 
-0.797 30.937 
-0.798 31.245 
-0.823 36.373 
-0.819 35.878 
-0.804 31.535 
-0.735 27.246 
-0.861 45.946 
-0.701 24.968 
-0.817 35.275 
-0.821 36.0 
-0.862 46.246 
-0.857 45.653 
-0.854 41.502 
-0.824 36.723 
-0.815 35.24 
-0.805 31.673 
-0.701 24.968 
-0.84 41.274 
-0.815 35.24 
-0.862 46.246 
-0.861 45.946 
-0.804 31.535 
-0.798 31.245 
-0.806 31.905 
-0.817 35.275 
-0.806 31.905 
-0.82 35.966 
-0.797 30.937 
-0.82 35.966 
-0.817 35.275 
-0.798 31.245 
-0.798 31.245 
-0.817 35.275 
-0.817 35.275 
-0.798 31.245 
-0.798 31.245 
-0.817 35.275 
-0.806 31.905 
-0.798 31.245 
-0.797 30.937 
-0.797 30.937 
-0.817 35.275 
-0.798 31.245 
-0.798 31.245 
-0.745 28.846 
-0.861 45.946 
-0.797 30.937 
-0.798 31.245 
-0.798 31.245 
-0.817 35.275 
-0.789 30.901 
-0.798 31.245 
-0.862 46.246 
-0.817 35.275 
-0.861 45.946 
-0.817 35.275 
-0.806 31.905 
-0.817 35.275 
-0.817 35.275 
-0.798 31.245 
-0.806 31.905 
-0.798 31.245 
-0.806 31.905 
-0.817 35.275 
-0.817 35.275 
-0.817 35.275 
-0.735 27.246 
-0.798 31.245 
-0.798 31.245 
-0.798 31.245 
-0.817 35.275 
-0.779 29.82 
-0.798 31.245 
-0.861 45.946 
