-0.737 26.477 
-0.924 52.744 
-0.924 52.744 
-0.737 26.477 
-0.789 26.55 
-0.829 27.278 
-0.789 26.55 
-0.923 52.394 
-0.917 48.122 
-0.885 41.067 
-0.905 47.362 
-0.899 43.503 
-0.845 31.039 
-0.838 27.797 
-0.881 38.396 
-0.864 35.348 
-0.863 33.411 
-0.899 43.503 
-0.906 47.702 
-0.915 47.844 
-0.838 27.797 
-0.881 38.396 
-0.923 52.394 
-0.905 47.362 
-0.891 41.232 
-0.917 48.122 
-0.845 31.039 
-0.851 31.478 
-0.898 42.67 
-0.857 32.695 
-0.855 32.001 
-0.88 37.738 
-0.865 35.623 
-0.868 35.734 
-0.851 31.478 
-0.895 41.929 
-0.847 31.101 
-0.853 31.898 
-0.893 41.474 
-0.847 31.101 
-0.87 36.361 
-0.869 35.999 
-0.876 37.093 
-0.898 42.67 
-0.897 42.341 
-0.88 37.738 
-0.879 37.414 
-0.863 33.411 
-0.862 33.092 
-0.891 41.232 
-0.864 35.348 
-0.894 41.747 
-0.861 33.042 
-0.86 32.774 
-0.869 35.999 
-0.837 27.535 
-0.878 37.363 
-0.873 36.857 
-0.872 36.607 
-0.893 41.474 
-0.836 27.439 
-0.855 32.001 
-0.897 42.341 
-0.896 42.12 
-0.916 47.902 
-0.877 37.298 
-0.875 37.087 
-0.874 36.889 
-0.832 27.371 
-0.831 27.314 
-0.834 27.422 
-0.896 42.12 
-0.894 41.747 
-0.857 32.695 
-0.872 36.607 
-0.871 36.43 
-0.853 31.898 
-0.834 27.422 
-0.915 47.844 
-0.906 47.702 
-0.868 35.734 
-0.865 35.623 
-0.837 27.535 
-0.854 31.92 
-0.871 36.43 
-0.87 36.361 
-0.877 37.298 
-0.916 47.902 
-0.879 37.414 
-0.832 27.371 
-0.862 33.092 
-0.861 33.042 
-0.846 31.08 
-0.858 32.733 
-0.831 27.314 
-0.874 36.889 
-0.859 32.765 
-0.858 32.733 
-0.873 36.857 
-0.854 31.92 
