-0.685 24.155 
-0.869 51.565 
-0.685 24.155 
-0.869 51.565 
-0.782 34.377 
-0.844 41.25 
-0.833 39.928 
-0.868 51.317 
-0.858 46.713 
-0.827 36.054 
-0.849 45.073 
-0.751 28.694 
-0.706 24.693 
-0.73 28.411 
-0.804 35.227 
-0.78 31.53 
-0.823 35.317 
-0.714 26.124 
-0.799 34.434 
-0.727 28.029 
-0.727 28.029 
-0.714 26.124 
-0.713 25.181 
-0.868 51.317 
-0.839 40.43 
-0.858 46.713 
-0.706 24.693 
-0.852 45.402 
-0.775 30.993 
-0.833 39.928 
-0.857 46.573 
-0.767 30.421 
-0.827 36.054 
-0.757 29.209 
-0.757 29.209 
-0.852 45.402 
-0.762 29.6 
-0.857 46.573 
-0.752 28.823 
-0.775 30.993 
-0.849 45.073 
-0.778 31.237 
-0.767 30.421 
-0.713 25.181 
-0.84 40.566 
-0.78 31.53 
-0.73 28.411 
-0.762 29.6 
-0.752 28.823 
-0.766 30.38 
-0.765 30.033 
-0.803 34.911 
-0.85 45.1 
-0.826 35.754 
-0.728 28.147 
-0.728 28.147 
-0.777 31.229 
-0.843 41.114 
-0.842 40.884 
-0.782 34.377 
-0.841 40.748 
-0.85 45.1 
-0.803 34.911 
-0.802 34.739 
-0.825 35.621 
-0.824 35.452 
-0.777 31.229 
-0.765 30.033 
-0.764 29.877 
-0.763 29.755 
-0.842 40.884 
-0.841 40.748 
-0.843 41.114 
-0.824 35.452 
-0.802 34.739 
-0.801 34.605 
-0.826 35.754 
-0.825 35.621 
-0.8 34.564 
-0.764 29.877 
-0.763 29.755 
-0.823 35.317 
-0.804 35.227 
-0.799 34.434 
-0.766 30.38 
-0.801 34.605 
-0.8 34.564 
-0.685 24.155 
-0.868 51.317 
-0.727 28.029 
-0.714 26.124 
-0.858 46.713 
-0.706 24.693 
-0.833 39.928 
-0.827 36.054 
-0.843 41.114 
-0.757 29.209 
-0.852 45.402 
-0.849 45.073 
-0.857 46.573 
