-0.656 24.025 
-0.847 51.66 
-0.847 51.66 
-0.656 24.025 
-0.714 25.808 
-0.837 47.039 
-0.718 29.609 
-0.742 29.855 
-0.829 45.975 
-0.828 41.23 
-0.768 32.17 
-0.792 35.018 
-0.81 40.005 
-0.806 36.662 
-0.717 26.388 
-0.76 30.524 
-0.769 34.553 
-0.772 34.832 
-0.811 40.179 
-0.758 30.021 
-0.822 40.756 
-0.714 25.808 
-0.822 40.756 
-0.829 45.975 
-0.795 35.309 
-0.801 35.608 
-0.805 36.489 
-0.802 35.752 
-0.81 40.005 
-0.806 36.662 
-0.772 34.832 
-0.828 41.23 
-0.716 26.336 
-0.715 25.864 
-0.805 36.489 
-0.802 35.752 
-0.759 30.184 
-0.794 35.139 
-0.801 35.608 
-0.795 35.309 
-0.718 29.609 
-0.758 30.021 
-0.759 30.184 
-0.794 35.139 
-0.715 25.864 
-0.717 26.388 
-0.716 26.336 
-0.847 51.66 
-0.829 45.975 
-0.822 40.756 
-0.81 40.005 
-0.806 36.662 
-0.772 34.832 
-0.828 41.23 
-0.805 36.489 
-0.795 35.309 
-0.718 29.609 
-0.758 30.021 
-0.794 35.139 
-0.717 26.388 
-0.716 26.336 
-0.829 45.975 
-0.81 40.005 
-0.806 36.662 
-0.772 34.832 
-0.828 41.23 
-0.805 36.489 
-0.795 35.309 
-0.718 29.609 
-0.758 30.021 
-0.794 35.139 
-0.717 26.388 
-0.716 26.336 
-0.806 36.662 
-0.806 36.662 
-0.806 36.662 
-0.716 26.336 
-0.806 36.662 
-0.805 36.489 
-0.716 26.336 
-0.795 35.309 
-0.772 34.832 
-0.772 34.832 
-0.805 36.489 
-0.805 36.489 
-0.806 36.662 
-0.716 26.336 
-0.806 36.662 
-0.718 29.609 
-0.716 26.336 
-0.805 36.489 
-0.718 29.609 
-0.805 36.489 
-0.805 36.489 
-0.805 36.489 
-0.805 36.489 
-0.806 36.662 
-0.81 40.005 
-0.794 35.139 
-0.795 35.309 
