-0.656 24.014 
-0.871 56.671 
-0.656 24.014 
-0.871 56.671 
-0.718 29.608 
-0.712 25.801 
-0.846 51.28 
-0.854 51.475 
-0.755 29.733 
-0.845 45.617 
-0.842 45.409 
-0.83 41.91 
-0.717 26.388 
-0.775 34.343 
-0.854 51.475 
-0.809 39.23 
-0.806 36.662 
-0.792 35.017 
-0.83 41.91 
-0.712 25.801 
-0.842 45.409 
-0.763 31.078 
-0.771 33.736 
-0.768 32.17 
-0.817 39.867 
-0.81 39.344 
-0.768 32.17 
-0.766 31.394 
-0.795 35.309 
-0.801 35.608 
-0.792 35.017 
-0.822 40.756 
-0.76 30.317 
-0.806 36.662 
-0.775 34.343 
-0.771 33.736 
-0.825 40.883 
-0.844 45.593 
-0.829 41.407 
-0.717 26.388 
-0.716 25.9 
-0.826 41.096 
-0.766 31.394 
-0.821 40.298 
-0.805 36.208 
-0.802 35.739 
-0.76 30.317 
-0.809 39.23 
-0.758 30.014 
-0.819 40.145 
-0.794 35.138 
-0.774 34.041 
-0.801 35.608 
-0.795 35.309 
-0.755 29.733 
-0.773 33.98 
-0.715 25.841 
-0.757 29.965 
-0.773 33.98 
-0.757 29.965 
-0.846 51.28 
-0.714 25.808 
-0.829 41.407 
-0.828 41.23 
-0.805 36.208 
-0.804 36.035 
-0.759 30.184 
-0.803 35.904 
-0.818 39.989 
-0.759 30.184 
-0.804 36.035 
-0.803 35.904 
-0.825 40.883 
-0.822 40.756 
-0.718 29.608 
-0.818 39.989 
-0.794 35.138 
-0.821 40.298 
-0.827 41.207 
-0.82 40.187 
-0.774 34.041 
-0.716 25.9 
-0.82 40.187 
-0.845 45.617 
-0.828 41.23 
-0.827 41.207 
-0.714 25.808 
-0.656 24.014 
-0.712 25.801 
-0.842 45.409 
-0.766 31.394 
-0.768 32.17 
-0.76 30.317 
-0.792 35.017 
-0.806 36.662 
-0.775 34.343 
-0.771 33.736 
-0.717 26.388 
-0.809 39.23 
-0.801 35.608 
