P=? [ F (x=9&y=9&crashed=0) ]	R{"cost"}=? [ C<=100 ]
0.619	19.767
0.863	61.171
0.619	19.767
0.853	46.834
0.859	55.725
0.621	19.824
0.657	23.23
0.862	56.362
0.754	27.154
0.666	23.399
0.851	46.228
0.838	42.132
0.621	19.824
0.685	23.585
0.657	23.23
0.768	30.227
0.787	30.408
0.765	29.836
0.851	46.228
0.822	40.118
0.838	42.132
0.821	37.742
0.833	40.552
0.699	24.733
0.722	25.756
0.765	29.836
0.732	25.795
0.703	24.985
0.688	23.843
0.713	25.053
0.824	40.419
0.796	31.401
0.859	55.725
0.806	34.67
0.801	33.282
0.699	24.733
0.797	32.437
0.715	25.233
0.66	23.377
0.735	26.076
0.82	37.482
0.801	33.282
0.816	36.316
0.75	26.961
0.816	36.316
0.741	26.13
0.819	36.821
0.688	23.843
0.835	41.083
0.806	34.67
0.812	35.531
0.766	29.949
0.835	41.083
0.812	35.531
0.837	41.768
0.718	25.561
0.862	56.362
0.795	31.107
0.837	41.768
0.799	32.952
0.797	32.437
0.747	26.59
0.721	25.596
0.807	34.815
0.811	35.342
0.753	27.023
0.81	35.217
0.818	36.747
0.81	35.217
0.807	34.815
0.735	26.076
0.732	25.795
0.702	24.949
0.718	25.561
0.744	26.571
0.742	26.204
0.745	26.589
0.787	30.408
0.768	30.227
0.748	26.761
0.794	31.01
0.793	30.943
0.791	30.625
0.79	30.572
0.8	32.979
0.824	40.419
0.822	40.118
0.821	37.742
0.789	30.488
0.742	26.204
0.818	36.747
0.713	25.053
0.793	30.943
0.791	30.625
0.702	24.949
0.748	26.761
0.799	32.952
0.744	26.571
0.686	23.591
0.687	23.742
