-0.9 62.322 
-0.9 62.322 
-0.723 25.082 
-0.771 29.009 
-0.729 26.869 
-0.899 51.694 
-0.856 35.958 
-0.83 30.961 
-0.808 30.713 
-0.888 42.531 
-0.889 46.603 
-0.899 51.694 
-0.898 47.701 
-0.871 41.485 
-0.87 37.694 
-0.795 30.074 
-0.846 32.667 
-0.778 30.024 
-0.808 30.713 
-0.781 30.028 
-0.795 30.074 
-0.841 31.577 
-0.846 32.667 
-0.833 31.17 
-0.882 41.946 
-0.727 26.494 
-0.876 41.907 
-0.891 47.105 
-0.841 31.577 
-0.865 37.521 
-0.845 32.498 
-0.895 47.291 
-0.833 31.17 
-0.887 42.392 
-0.859 36.541 
-0.872 41.662 
-0.864 37.134 
-0.869 37.523 
-0.845 32.498 
-0.861 36.569 
-0.876 41.907 
-0.727 26.494 
-0.858 36.176 
-0.864 37.134 
-0.889 46.603 
-0.781 30.028 
-0.861 36.569 
-0.895 47.291 
-0.891 47.105 
-0.897 47.519 
-0.728 26.497 
-0.885 42.126 
-0.884 42.066 
-0.885 42.126 
-0.872 41.662 
-0.897 47.519 
-0.858 36.176 
-0.898 47.701 
-0.871 41.485 
-0.87 37.694 
-0.884 42.066 
-0.728 26.497 
-0.869 37.523 
-0.865 37.521 
-0.9 62.322 
-0.808 30.713 
-0.795 30.074 
-0.846 32.667 
-0.861 36.569 
-0.845 32.498 
-0.876 41.907 
-0.864 37.134 
-0.858 36.176 
-0.889 46.603 
-0.895 47.291 
-0.891 47.105 
-0.872 41.662 
-0.897 47.519 
-0.898 47.701 
-0.727 26.494 
-0.884 42.066 
-0.9 62.322 
-0.808 30.713 
-0.795 30.074 
-0.846 32.667 
-0.845 32.498 
-0.876 41.907 
-0.858 36.176 
-0.889 46.603 
-0.895 47.291 
-0.891 47.105 
-0.872 41.662 
-0.898 47.701 
-0.884 42.066 
-0.9 62.322 
-0.808 30.713 
-0.795 30.074 
-0.846 32.667 
-0.845 32.498 
-0.876 41.907 
