-0.7 24.291 
-0.891 57.21 
-0.752 27.217 
-0.814 34.832 
-0.727 26.262 
-0.886 56.467 
-0.824 36.32 
-0.882 52.099 
-0.869 50.106 
-0.865 46.122 
-0.861 45.04 
-0.848 41.453 
-0.799 31.63 
-0.832 39.416 
-0.788 30.627 
-0.715 24.913 
-0.799 31.63 
-0.861 45.04 
-0.767 30.11 
-0.848 41.453 
-0.758 29.474 
-0.777 30.339 
-0.777 30.339 
-0.706 24.815 
-0.721 25.46 
-0.794 30.676 
-0.832 39.416 
-0.877 51.105 
-0.843 40.303 
-0.758 29.474 
-0.724 25.954 
-0.869 50.106 
-0.871 50.523 
-0.845 40.73 
-0.865 46.122 
-0.705 24.728 
-0.838 40.288 
-0.882 52.099 
-0.877 51.105 
-0.76 29.922 
-0.726 25.983 
-0.822 35.763 
-0.871 50.523 
-0.702 24.51 
-0.817 34.925 
-0.836 39.979 
-0.862 45.385 
-0.864 45.777 
-0.847 41.242 
-0.765 29.955 
-0.797 31.166 
-0.796 30.915 
-0.823 36.194 
-0.797 31.166 
-0.864 45.777 
-0.862 45.385 
-0.702 24.51 
-0.87 50.491 
-0.846 41.112 
-0.722 25.584 
-0.759 29.553 
-0.835 39.814 
-0.834 39.448 
-0.762 29.939 
-0.89 56.951 
-0.844 40.391 
-0.889 56.612 
-0.881 51.842 
-0.88 51.51 
-0.888 56.548 
-0.879 51.372 
-0.722 25.584 
-0.818 35.217 
-0.822 35.763 
-0.82 35.488 
-0.879 51.372 
-0.82 35.488 
-0.89 56.951 
-0.816 34.84 
-0.881 51.842 
-0.795 30.88 
-0.837 40.173 
-0.765 29.955 
-0.762 29.939 
-0.819 35.397 
-0.818 35.217 
-0.835 39.814 
-0.88 51.51 
-0.846 41.112 
-0.823 36.194 
-0.837 40.173 
-0.819 35.397 
-0.844 40.391 
-0.759 29.553 
-0.887 56.474 
-0.889 56.612 
-0.795 30.88 
-0.87 50.491 
-0.834 39.448 
-0.833 39.425 
