-0.864 47.652 
-0.822 30.901 
-0.827 31.419 
-0.827 31.419 
-0.825 31.251 
-0.762 29.382 
-0.838 36.456 
-0.762 29.382 
-0.855 37.328 
-0.86 47.385 
-0.855 37.328 
-0.822 30.901 
-0.855 37.328 
-0.827 31.419 
-0.838 36.456 
-0.741 26.59 
-0.864 47.652 
-0.835 35.998 
-0.855 37.328 
-0.855 37.328 
-0.762 29.382 
-0.827 31.419 
-0.762 29.382 
-0.741 26.59 
-0.812 30.589 
-0.855 37.328 
-0.838 36.456 
-0.855 37.328 
-0.856 46.245 
-0.855 37.328 
-0.851 36.859 
-0.827 31.419 
-0.827 31.419 
-0.855 37.328 
-0.854 37.159 
-0.829 31.75 
-0.864 47.652 
-0.855 37.328 
-0.832 35.645 
-0.812 30.589 
-0.822 30.901 
-0.827 31.419 
-0.827 31.419 
-0.835 35.998 
-0.822 30.901 
-0.762 29.382 
-0.828 31.503 
-0.838 36.456 
-0.799 30.271 
-0.851 36.859 
-0.855 37.328 
-0.832 35.645 
-0.855 37.328 
-0.825 31.251 
-0.829 31.75 
-0.829 31.75 
-0.766 29.857 
-0.762 29.382 
-0.812 30.589 
-0.854 37.159 
-0.855 37.328 
-0.822 30.901 
-0.854 37.159 
-0.832 35.645 
