-0.788 59.156 
-0.671 27.37 
-0.773 51.615 
-0.75 42.765 
-0.757 46.569 
-0.773 51.615 
-0.771 50.975 
-0.765 47.37 
-0.703 32.192 
-0.691 28.176 
-0.741 41.476 
-0.736 38.365 
-0.7 29.162 
-0.682 28.13 
-0.724 36.685 
-0.722 34.439 
-0.679 27.658 
-0.729 37.443 
-0.748 42.152 
-0.715 33.81 
-0.765 47.37 
-0.771 50.975 
-0.736 38.365 
-0.758 46.875 
-0.743 41.862 
-0.72 33.994 
-0.741 41.476 
-0.763 46.904 
-0.734 37.912 
-0.709 32.404 
-0.725 36.979 
-0.714 33.054 
-0.706 32.376 
-0.703 32.192 
-0.735 37.988 
-0.7 29.162 
-0.693 28.535 
-0.712 32.864 
-0.698 28.842 
-0.706 32.376 
-0.724 36.685 
-0.68 27.92 
-0.722 34.439 
-0.727 36.993 
-0.734 37.912 
-0.713 32.919 
-0.772 51.191 
-0.749 42.36 
-0.764 46.983 
-0.695 28.593 
-0.693 28.535 
-0.682 28.13 
-0.711 32.568 
-0.743 41.862 
-0.679 27.658 
-0.742 41.585 
-0.721 34.197 
-0.728 37.212 
-0.728 37.212 
-0.772 51.191 
-0.68 27.92 
-0.749 42.36 
-0.721 34.197 
-0.72 33.994 
-0.715 33.81 
-0.699 29.024 
-0.699 29.024 
-0.711 32.568 
-0.697 28.705 
-0.71 32.431 
-0.714 33.054 
-0.742 41.585 
-0.764 46.983 
-0.696 28.665 
-0.695 28.593 
-0.697 28.705 
-0.696 28.665 
-0.763 46.904 
-0.758 46.875 
-0.71 32.431 
-0.727 36.993 
-0.773 51.615 
-0.741 41.476 
-0.703 32.192 
-0.724 36.685 
-0.706 32.376 
-0.722 34.439 
-0.749 42.36 
-0.743 41.862 
-0.693 28.535 
-0.728 37.212 
-0.772 51.191 
-0.682 28.13 
-0.68 27.92 
-0.721 34.197 
-0.72 33.994 
-0.715 33.81 
-0.699 29.024 
-0.711 32.568 
-0.764 46.983 
