P=? [ F (x=9&y=9&crashed=0) ]	R{"cost"}=? [ C<=100 ]
-0.0	0.0
0.919	102.35
-0.0	0.0
0.919	102.35
0.62	19.713
0.62	19.713
0.918	87.609
0.91	86.172
0.899	61.066
0.89	46.35
0.909	71.837
0.697	23.451
0.908	66.258
0.909	71.837
0.697	23.451
0.908	66.258
0.9	61.16
0.769	29.513
0.888	45.747
0.872	41.539
0.84	34.998
0.764	26.15
0.829	31.71
0.733	24.421
0.854	39.952
0.853	37.287
0.757	25.572
0.809	29.879
0.888	45.747
0.789	29.854
0.872	41.539
0.785	29.539
0.869	40.656
0.713	23.47
0.84	34.998
0.855	40.041
0.851	36.29
0.918	87.609
0.91	86.172
0.733	24.421
0.829	31.71
0.757	25.572
0.899	61.066
0.89	46.35
0.819	30.688
0.819	30.688
0.9	61.16
0.852	37.161
0.724	23.711
0.812	30.145
0.764	26.15
0.869	40.656
0.717	23.64
0.812	30.145
0.855	40.041
0.823	30.97
0.871	41.083
0.845	35.559
0.845	35.559
0.787	29.64
0.889	46.257
0.769	29.513
0.871	41.083
0.731	24.237
0.731	24.237
0.824	31.241
0.848	35.973
0.788	29.834
0.848	35.973
0.728	23.925
0.761	25.844
0.724	23.711
0.823	30.97
0.761	25.844
0.826	31.301
0.728	23.925
0.727	23.902
0.713	23.47
0.716	23.628
0.81	29.976
0.76	25.811
0.758	25.606
0.847	35.84
0.846	35.647
0.727	23.902
0.81	29.976
0.716	23.628
0.828	31.588
0.827	31.437
0.758	25.606
0.76	25.811
0.827	31.437
0.847	35.84
0.853	37.287
0.852	37.161
0.828	31.588
0.889	46.257
0.854	39.952
0.846	35.647
0.717	23.64
