-0.668 23.808 
-0.889 56.487 
-0.889 56.487 
-0.668 23.808 
-0.755 28.88 
-0.793 30.446 
-0.869 49.975 
-0.811 34.719 
-0.842 40.246 
-0.849 40.666 
-0.871 55.116 
-0.852 45.286 
-0.701 26.396 
-0.869 49.975 
-0.687 24.686 
-0.854 45.706 
-0.8 30.915 
-0.832 36.192 
-0.721 26.409 
-0.873 55.701 
-0.817 35.73 
-0.854 45.706 
-0.741 28.807 
-0.701 26.396 
-0.829 35.754 
-0.815 34.804 
-0.73 27.988 
-0.722 26.45 
-0.8 30.915 
-0.832 36.192 
-0.683 24.269 
-0.674 24.084 
-0.73 27.988 
-0.722 26.45 
-0.673 24.078 
-0.873 55.701 
-0.844 40.481 
-0.739 28.521 
-0.831 36.049 
-0.871 55.116 
-0.796 30.863 
-0.732 28.112 
-0.852 45.286 
-0.684 24.49 
-0.736 28.229 
-0.74 28.771 
-0.844 40.481 
-0.795 30.726 
-0.795 30.726 
-0.732 28.112 
-0.737 28.267 
-0.853 45.527 
-0.684 24.49 
-0.737 28.267 
-0.683 24.269 
-0.674 24.084 
-0.853 45.527 
-0.829 35.754 
-0.817 35.73 
-0.736 28.229 
-0.741 28.807 
-0.796 30.863 
-0.721 26.409 
-0.668 23.808 
-0.869 49.975 
-0.854 45.706 
-0.701 26.396 
-0.832 36.192 
-0.8 30.915 
-0.852 45.286 
-0.844 40.481 
-0.73 27.988 
-0.722 26.45 
-0.871 55.116 
-0.829 35.754 
-0.795 30.726 
-0.684 24.49 
-0.737 28.267 
-0.683 24.269 
-0.853 45.527 
-0.817 35.73 
-0.796 30.863 
-0.721 26.409 
-0.869 49.975 
-0.701 26.396 
-0.832 36.192 
-0.852 45.286 
-0.844 40.481 
-0.73 27.988 
-0.722 26.45 
-0.795 30.726 
-0.737 28.267 
-0.683 24.269 
-0.853 45.527 
-0.817 35.73 
-0.796 30.863 
-0.869 49.975 
-0.853 45.527 
-0.701 26.396 
-0.852 45.286 
