-0.719 28.126 
-0.719 28.126 
-0.836 40.644 
-0.853 46.519 
-0.874 60.359 
-0.824 35.859 
-0.719 28.126 
-0.832 40.045 
-0.719 28.126 
-0.836 40.644 
-0.781 30.73 
-0.671 24.211 
-0.871 55.913 
-0.798 31.477 
-0.832 40.045 
-0.865 55.737 
-0.719 28.126 
-0.832 40.045 
-0.836 40.644 
-0.781 30.73 
-0.836 40.644 
-0.852 45.286 
-0.719 28.126 
-0.719 28.126 
-0.781 30.73 
-0.719 28.126 
-0.815 35.587 
-0.813 35.327 
-0.784 31.189 
-0.832 40.045 
-0.736 28.23 
-0.827 36.245 
-0.874 60.359 
-0.836 40.644 
-0.882 61.729 
-0.719 28.126 
-0.798 31.477 
-0.719 28.126 
-0.781 30.73 
-0.853 46.519 
-0.719 28.126 
-0.836 40.644 
-0.719 28.126 
-0.719 28.126 
-0.798 31.477 
-0.739 28.553 
-0.781 30.73 
-0.832 40.045 
-0.719 28.126 
-0.719 28.126 
-0.865 55.737 
-0.719 28.126 
-0.701 26.423 
-0.739 28.553 
-0.844 45.056 
-0.719 28.126 
-0.836 40.644 
-0.865 55.737 
-0.827 36.245 
-0.836 40.644 
-0.836 40.644 
-0.832 40.045 
-0.741 28.979 
-0.863 50.257 
-0.719 28.126 
-0.813 35.327 
-0.843 40.885 
-0.824 35.859 
-0.798 31.477 
-0.671 24.211 
-0.798 31.477 
-0.874 60.359 
-0.832 40.045 
