-0.835 35.486 
-0.835 35.486 
-0.835 35.486 
-0.836 35.565 
-0.868 40.678 
-0.77 30.122 
-0.835 35.486 
-0.835 35.486 
-0.723 26.173 
-0.811 31.561 
-0.835 35.486 
-0.77 30.122 
-0.835 35.486 
-0.835 35.486 
-0.758 26.211 
-0.723 26.173 
-0.89 53.083 
-0.835 35.486 
-0.838 35.636 
-0.815 34.776 
-0.873 41.53 
-0.811 31.561 
-0.835 35.486 
-0.835 35.486 
-0.77 30.122 
-0.809 30.242 
-0.716 26.017 
-0.723 26.173 
-0.86 40.565 
-0.838 35.636 
-0.835 35.486 
-0.835 35.486 
-0.878 42.019 
-0.879 42.191 
-0.77 30.122 
-0.851 35.758 
-0.89 53.083 
-0.836 35.565 
-0.835 35.486 
-0.815 34.776 
-0.815 34.776 
-0.852 36.026 
-0.887 46.681 
-0.838 35.636 
-0.77 30.122 
-0.835 35.486 
-0.888 51.402 
-0.835 35.486 
-0.834 35.331 
-0.84 35.706 
-0.77 30.122 
-0.838 35.636 
-0.88 42.197 
-0.891 57.72 
-0.836 35.565 
-0.873 41.53 
-0.77 30.122 
-0.77 30.122 
-0.838 35.636 
-0.86 40.565 
