-0.768 26.689 
-0.928 44.179 
-0.768 26.689 
-0.806 30.453 
-0.802 27.652 
-0.887 36.889 
-0.886 32.976 
-0.912 42.415 
-0.91 38.455 
-0.774 27.643 
-0.835 30.608 
-0.835 30.608 
-0.86 30.943 
-0.919 43.773 
-0.918 43.257 
-0.913 42.688 
-0.902 37.011 
-0.907 37.507 
-0.895 36.953 
-0.882 32.483 
-0.876 31.827 
-0.895 36.953 
-0.882 32.483 
-0.87 31.483 
-0.868 31.137 
-0.917 42.917 
-0.876 31.827 
-0.907 37.507 
-0.774 27.643 
-0.86 30.943 
-0.91 38.455 
-0.909 38.012 
-0.909 38.012 
-0.903 37.024 
-0.806 30.453 
-0.884 32.645 
-0.919 43.773 
-0.912 42.415 
-0.864 31.103 
-0.874 31.593 
-0.875 31.614 
-0.903 37.024 
-0.802 27.652 
-0.886 32.976 
-0.863 31.049 
-0.884 32.645 
-0.917 42.917 
-0.87 31.483 
-0.868 31.137 
-0.874 31.593 
-0.863 31.049 
-0.864 31.103 
-0.768 26.689 
-0.835 30.608 
-0.919 43.773 
-0.882 32.483 
-0.774 27.643 
-0.876 31.827 
-0.907 37.507 
-0.91 38.455 
-0.806 30.453 
-0.912 42.415 
-0.909 38.012 
-0.903 37.024 
-0.886 32.976 
-0.884 32.645 
-0.87 31.483 
-0.863 31.049 
-0.917 42.917 
-0.864 31.103 
-0.768 26.689 
-0.835 30.608 
-0.919 43.773 
-0.882 32.483 
-0.876 31.827 
-0.806 30.453 
-0.907 37.507 
-0.91 38.455 
-0.912 42.415 
-0.909 38.012 
-0.903 37.024 
-0.886 32.976 
-0.884 32.645 
-0.87 31.483 
-0.917 42.917 
-0.864 31.103 
-0.863 31.049 
-0.768 26.689 
-0.919 43.773 
-0.806 30.453 
-0.876 31.827 
-0.907 37.507 
-0.91 38.455 
-0.912 42.415 
-0.909 38.012 
-0.87 31.483 
-0.903 37.024 
-0.886 32.976 
-0.884 32.645 
-0.917 42.917 
