-0.927 54.173 
-0.748 25.19 
-0.748 25.19 
-0.778 29.656 
-0.764 29.333 
-0.917 48.665 
-0.888 42.816 
-0.85 33.411 
-0.925 53.528 
-0.906 47.716 
-0.854 36.794 
-0.805 30.224 
-0.884 38.765 
-0.901 43.923 
-0.764 29.333 
-0.876 37.32 
-0.805 30.224 
-0.917 48.665 
-0.821 30.521 
-0.863 36.797 
-0.845 32.829 
-0.925 53.528 
-0.867 37.277 
-0.908 48.136 
-0.813 30.517 
-0.834 31.695 
-0.895 42.909 
-0.825 31.063 
-0.846 32.91 
-0.88 37.852 
-0.813 30.517 
-0.835 32.291 
-0.824 31.02 
-0.839 32.311 
-0.83 31.532 
-0.882 38.544 
-0.839 32.311 
-0.83 31.532 
-0.901 43.923 
-0.884 38.765 
-0.88 37.852 
-0.864 37.08 
-0.888 42.816 
-0.899 43.453 
-0.908 48.136 
-0.897 43.421 
-0.854 36.794 
-0.926 53.918 
-0.882 38.544 
-0.896 43.287 
-0.9 43.831 
-0.867 37.277 
-0.821 30.521 
-0.926 53.918 
-0.907 47.955 
-0.864 37.08 
-0.907 47.955 
-0.896 43.287 
-0.895 42.909 
-0.9 43.831 
-0.899 43.453 
-0.835 32.291 
-0.863 36.797 
-0.764 29.333 
-0.805 30.224 
-0.917 48.665 
-0.925 53.528 
-0.813 30.517 
-0.884 38.765 
-0.83 31.532 
-0.888 42.816 
-0.854 36.794 
-0.882 38.544 
-0.926 53.918 
-0.864 37.08 
-0.899 43.453 
-0.896 43.287 
-0.895 42.909 
-0.9 43.831 
-0.835 32.291 
-0.863 36.797 
-0.764 29.333 
-0.805 30.224 
-0.917 48.665 
-0.925 53.528 
-0.888 42.816 
-0.854 36.794 
-0.882 38.544 
-0.835 32.291 
-0.926 53.918 
-0.864 37.08 
-0.83 31.532 
-0.899 43.453 
-0.896 43.287 
-0.895 42.909 
-0.9 43.831 
-0.863 36.797 
-0.764 29.333 
-0.805 30.224 
-0.925 53.528 
