-0.689 25.525 
-0.689 25.525 
-0.797 30.551 
-0.831 36.273 
-0.797 30.551 
-0.838 36.339 
-0.865 47.77 
-0.689 25.525 
-0.731 26.293 
-0.787 30.229 
-0.689 25.525 
-0.739 26.679 
-0.831 36.273 
-0.861 42.11 
-0.777 30.029 
-0.851 36.346 
-0.865 47.77 
-0.797 30.551 
-0.689 25.525 
-0.689 25.525 
-0.689 25.525 
-0.689 25.525 
-0.797 30.551 
-0.851 36.346 
-0.709 25.899 
-0.825 35.167 
-0.831 36.273 
-0.689 25.525 
-0.797 30.551 
-0.689 25.525 
-0.826 35.812 
-0.709 25.899 
-0.814 30.686 
-0.831 36.273 
-0.689 25.525 
-0.831 36.273 
-0.83 36.258 
-0.709 25.899 
-0.856 41.409 
-0.865 47.77 
-0.689 25.525 
-0.689 25.525 
-0.689 25.525 
-0.797 30.551 
-0.831 36.273 
