-0.701 31.081 
-0.871 59.405 
-0.701 31.081 
-0.853 53.519 
-0.83 47.828 
-0.855 58.951 
-0.837 52.329 
-0.781 36.825 
-0.809 42.048 
-0.752 33.684 
-0.809 42.048 
-0.789 37.937 
-0.727 32.828 
-0.746 32.83 
-0.789 37.937 
-0.752 33.684 
-0.781 36.825 
-0.816 46.626 
-0.715 31.214 
-0.813 44.201 
-0.823 47.587 
-0.847 53.037 
-0.82 47.149 
-0.812 43.618 
-0.845 52.413 
-0.862 59.019 
-0.862 59.019 
-0.72 31.902 
-0.837 52.329 
-0.813 44.201 
-0.812 43.618 
-0.721 31.961 
-0.721 31.961 
-0.749 33.319 
-0.727 32.828 
-0.787 37.759 
-0.716 31.455 
-0.751 33.636 
-0.782 37.043 
-0.786 37.512 
-0.817 46.651 
-0.716 31.455 
-0.748 33.125 
-0.817 46.651 
-0.846 52.694 
-0.785 37.388 
-0.748 33.125 
-0.846 52.694 
-0.855 58.951 
-0.784 37.376 
-0.783 37.204 
-0.783 37.204 
-0.845 52.413 
-0.784 37.376 
-0.701 31.081 
-0.752 33.684 
-0.789 37.937 
-0.846 52.694 
-0.855 58.951 
-0.862 59.019 
-0.721 31.961 
-0.783 37.204 
-0.845 52.413 
-0.784 37.376 
-0.701 31.081 
-0.789 37.937 
-0.752 33.684 
-0.846 52.694 
-0.862 59.019 
-0.784 37.376 
-0.701 31.081 
-0.752 33.684 
-0.789 37.937 
-0.846 52.694 
-0.862 59.019 
-0.846 52.694 
-0.846 52.694 
-0.789 37.937 
-0.789 37.937 
-0.846 52.694 
-0.846 52.694 
-0.846 52.694 
-0.701 31.081 
-0.701 31.081 
-0.752 33.684 
-0.846 52.694 
-0.752 33.684 
-0.846 52.694 
-0.846 52.694 
-0.846 52.694 
-0.846 52.694 
-0.846 52.694 
-0.701 31.081 
-0.701 31.081 
-0.846 52.694 
-0.752 33.684 
-0.862 59.019 
-0.789 37.937 
-0.846 52.694 
-0.752 33.684 
