-0.672 27.325 
-0.872 59.856 
-0.672 27.325 
-0.872 59.856 
-0.694 28.201 
-0.789 37.892 
-0.823 46.368 
-0.775 36.707 
-0.755 36.662 
-0.813 42.579 
-0.842 51.766 
-0.804 41.451 
-0.862 57.48 
-0.855 54.382 
-0.711 30.798 
-0.711 30.798 
-0.687 27.616 
-0.839 49.34 
-0.754 36.036 
-0.752 33.684 
-0.804 41.451 
-0.735 32.571 
-0.871 58.954 
-0.745 32.631 
-0.733 32.211 
-0.723 32.014 
-0.813 42.579 
-0.831 48.524 
-0.863 57.829 
-0.837 48.753 
-0.855 54.382 
-0.862 57.48 
-0.687 27.616 
-0.854 53.984 
-0.871 58.954 
-0.863 57.829 
-0.715 31.208 
-0.812 42.447 
-0.847 53.037 
-0.839 49.34 
-0.846 52.692 
-0.852 53.235 
-0.754 36.036 
-0.78 36.716 
-0.845 52.299 
-0.83 47.828 
-0.718 31.656 
-0.828 47.239 
-0.722 31.867 
-0.824 46.547 
-0.853 53.384 
-0.825 46.826 
-0.809 42.048 
-0.845 52.299 
-0.809 42.048 
-0.75 33.481 
-0.749 33.27 
-0.807 41.842 
-0.829 47.72 
-0.716 31.254 
-0.784 37.262 
-0.785 37.364 
-0.837 48.753 
-0.783 37.087 
-0.807 41.842 
-0.751 33.636 
-0.746 32.83 
-0.733 32.211 
-0.805 41.511 
-0.748 33.118 
-0.788 37.827 
-0.826 46.956 
-0.748 33.118 
-0.746 32.83 
-0.828 47.239 
-0.826 46.956 
-0.787 37.754 
-0.786 37.512 
-0.717 31.487 
-0.831 48.524 
-0.805 41.511 
-0.782 37.043 
-0.781 36.825 
-0.722 31.867 
-0.718 31.656 
-0.752 33.684 
-0.852 53.235 
-0.847 53.037 
-0.723 32.014 
-0.717 31.487 
-0.853 53.384 
-0.786 37.512 
-0.781 36.825 
-0.83 47.828 
-0.829 47.72 
-0.787 37.754 
-0.782 37.043 
-0.78 36.716 
-0.872 59.856 
-0.672 27.325 
