-0.741 25.534 
-0.938 73.44 
-0.938 73.44 
-0.741 25.534 
-0.929 58.284 
-0.937 68.58 
-0.804 26.665 
-0.775 26.056 
-0.918 52.582 
-0.768 25.677 
-0.937 68.58 
-0.889 46.368 
-0.927 57.722 
-0.87 40.545 
-0.818 30.003 
-0.884 42.46 
-0.804 26.665 
-0.818 30.003 
-0.907 51.337 
-0.901 48.299 
-0.841 34.851 
-0.866 37.642 
-0.918 52.582 
-0.901 48.299 
-0.927 57.722 
-0.909 51.771 
-0.929 58.284 
-0.838 32.657 
-0.879 41.129 
-0.775 26.056 
-0.852 35.65 
-0.898 46.397 
-0.823 30.41 
-0.827 30.757 
-0.768 25.677 
-0.838 32.657 
-0.9 46.842 
-0.87 40.545 
-0.846 35.212 
-0.907 51.337 
-0.884 42.46 
-0.866 37.642 
-0.889 46.368 
-0.837 31.657 
-0.846 35.212 
-0.831 31.059 
-0.909 51.771 
-0.824 30.663 
-0.843 35.183 
-0.836 31.453 
-0.833 31.162 
-0.879 41.129 
-0.861 36.662 
-0.831 31.059 
-0.833 31.162 
-0.883 42.283 
-0.882 41.778 
-0.854 36.192 
-0.853 35.745 
-0.908 51.341 
-0.9 46.842 
-0.899 46.416 
-0.882 41.778 
-0.881 41.361 
-0.865 37.235 
-0.857 36.545 
-0.863 36.995 
-0.859 36.617 
-0.836 31.453 
-0.861 36.662 
-0.859 36.617 
-0.863 36.995 
-0.842 34.947 
-0.88 41.36 
-0.855 36.417 
-0.854 36.192 
-0.865 37.235 
-0.864 37.024 
-0.837 31.657 
-0.883 42.283 
-0.856 36.443 
-0.842 34.947 
-0.853 35.745 
-0.824 30.663 
-0.857 36.545 
-0.864 37.024 
-0.843 35.183 
-0.898 46.397 
-0.856 36.443 
-0.855 36.417 
-0.899 46.416 
-0.908 51.341 
-0.881 41.361 
-0.88 41.36 
-0.938 73.44 
-0.741 25.534 
-0.937 68.58 
-0.804 26.665 
-0.818 30.003 
-0.929 58.284 
