-0.741 25.534 
-0.938 68.681 
-0.741 25.534 
-0.938 68.681 
-0.937 68.567 
-0.929 58.284 
-0.797 25.779 
-0.768 25.677 
-0.768 25.677 
-0.92 53.52 
-0.926 57.607 
-0.818 30.003 
-0.907 51.337 
-0.902 47.797 
-0.887 45.926 
-0.868 37.467 
-0.809 26.922 
-0.885 42.898 
-0.869 40.447 
-0.843 34.878 
-0.842 32.577 
-0.818 30.003 
-0.809 26.922 
-0.889 46.045 
-0.898 46.316 
-0.929 58.284 
-0.87 40.543 
-0.914 52.532 
-0.878 41.012 
-0.918 52.582 
-0.902 47.797 
-0.885 42.898 
-0.804 26.665 
-0.926 57.607 
-0.847 35.369 
-0.884 41.77 
-0.855 36.344 
-0.8 26.032 
-0.852 35.65 
-0.859 36.398 
-0.823 30.41 
-0.8 26.032 
-0.907 51.337 
-0.808 26.724 
-0.854 36.173 
-0.927 57.706 
-0.928 58.185 
-0.804 26.665 
-0.84 32.23 
-0.837 31.657 
-0.836 31.453 
-0.823 30.41 
-0.91 52.223 
-0.909 51.612 
-0.901 47.187 
-0.828 30.699 
-0.901 47.187 
-0.9 46.587 
-0.84 32.23 
-0.837 31.657 
-0.919 53.151 
-0.833 31.162 
-0.867 37.293 
-0.911 52.32 
-0.833 31.162 
-0.847 35.369 
-0.899 46.352 
-0.861 36.662 
-0.86 36.412 
-0.825 30.445 
-0.825 30.445 
-0.878 41.012 
-0.87 40.543 
-0.883 41.525 
-0.881 41.361 
-0.853 35.745 
-0.831 31.058 
-0.844 34.971 
-0.864 36.853 
-0.829 30.868 
-0.919 53.151 
-0.866 37.149 
-0.879 41.031 
-0.831 31.058 
-0.845 35.06 
-0.845 35.06 
-0.866 37.149 
-0.864 36.853 
-0.836 31.453 
-0.852 35.65 
-0.898 46.316 
-0.909 51.612 
-0.889 46.045 
-0.908 51.341 
-0.828 30.699 
-0.884 41.77 
-0.9 46.587 
-0.88 41.131 
-0.911 52.32 
-0.841 32.435 
