P=? [ F (x=9&y=9&crashed=0) ]	R{"cost"}=? [ C<=100 ]
0.692	21.385
0.926	53.551
0.692	21.385
0.926	53.551
0.745	24.768
0.696	21.669
0.745	24.768
0.901	47.177
0.883	41.869
0.918	48.683
0.9	43.472
0.781	26.007
0.882	38.505
0.857	36.299
0.786	29.257
0.696	21.669
0.849	33.111
0.823	30.778
0.802	30.258
0.766	25.039
0.895	42.096
0.878	37.643
0.865	37.098
0.913	47.639
0.843	32.316
0.834	32.033
0.857	36.299
0.824	31.081
0.802	30.258
0.918	48.683
0.832	31.798
0.849	33.111
0.865	37.098
0.773	25.62
0.832	31.798
0.824	31.081
0.796	30.045
0.915	47.761
0.779	25.993
0.861	36.922
0.913	47.639
0.786	29.257
0.781	26.007
0.878	37.643
0.845	32.56
0.823	30.778
0.845	32.56
0.779	25.993
0.859	36.664
0.901	47.177
0.848	32.962
0.843	32.316
0.834	32.033
0.9	43.472
0.899	43.056
0.881	38.281
0.879	37.871
0.766	25.039
0.848	32.962
0.859	36.664
0.772	25.413
0.773	25.62
0.917	48.446
0.916	48.075
0.879	37.871
0.881	38.281
0.79	29.467
0.794	30.02
0.793	29.798
0.796	30.045
0.768	25.242
0.916	48.075
0.861	36.922
0.896	42.406
0.898	42.827
0.897	42.517
0.787	29.284
0.694	21.536
0.694	21.536
0.793	29.798
0.791	29.553
0.917	48.446
0.899	43.056
0.898	42.827
0.883	41.869
0.882	38.505
0.791	29.553
0.768	25.242
0.77	25.31
0.79	29.467
0.787	29.284
0.897	42.517
0.896	42.406
0.77	25.31
0.771	25.369
0.771	25.369
0.794	30.02
0.692	21.385
0.926	53.551
0.745	24.768
