P=? [ F (x=9&y=9&crashed=0) ]	R{"cost"}=? [ C<=100 ]
0.607	20.353
0.9	67.059
0.607	20.353
0.9	67.059
0.712	22.179
0.61	20.432
0.899	61.666
0.891	52.711
0.751	25.454
0.899	61.666
0.726	24.782
0.792	25.78
0.891	52.711
0.89	47.517
0.874	41.614
0.873	37.457
0.751	25.454
0.849	27.617
0.853	31.273
0.871	36.681
0.865	32.881
0.889	46.339
0.882	42.479
0.712	22.179
0.817	25.815
0.795	25.791
0.726	24.782
0.832	25.928
0.817	25.815
0.889	46.339
0.61	20.432
0.871	36.681
0.865	32.881
0.863	32.113
0.857	32.04
0.842	26.792
0.833	25.985
0.882	42.479
0.88	41.691
0.89	47.517
0.856	31.275
0.849	27.617
0.842	26.792
0.833	25.985
0.873	37.457
0.792	25.78
0.845	27.058
0.845	27.058
0.853	31.273
0.881	42.112
0.881	42.112
0.795	25.791
0.844	27.037
0.863	32.113
0.844	27.037
0.832	25.928
0.88	41.691
0.874	41.614
0.857	32.04
0.856	31.275
0.9	67.059
0.607	20.353
0.899	61.666
0.891	52.711
0.751	25.454
0.712	22.179
0.726	24.782
0.817	25.815
0.889	46.339
0.61	20.432
0.871	36.681
0.865	32.881
0.882	42.479
0.89	47.517
0.849	27.617
0.842	26.792
0.833	25.985
0.873	37.457
0.792	25.78
0.845	27.058
0.853	31.273
0.881	42.112
0.795	25.791
0.863	32.113
0.844	27.037
0.832	25.928
0.88	41.691
0.874	41.614
0.857	32.04
0.856	31.275
0.9	67.059
0.607	20.353
0.899	61.666
0.891	52.711
0.751	25.454
0.712	22.179
0.726	24.782
0.817	25.815
0.889	46.339
0.61	20.432
