-0.885 32.693 
-0.885 32.693 
-0.926 48.628 
-0.733 27.227 
-0.885 32.693 
-0.894 36.668 
-0.902 38.443 
-0.812 31.122 
-0.885 32.693 
-0.885 32.693 
-0.927 48.716 
-0.926 48.628 
-0.733 27.227 
-0.885 32.693 
-0.885 32.693 
-0.894 36.668 
-0.913 42.955 
-0.885 32.693 
-0.885 32.693 
-0.919 43.708 
-0.885 32.693 
-0.894 36.668 
-0.885 32.693 
-0.845 31.875 
-0.928 48.814 
-0.909 42.906 
-0.798 27.87 
-0.927 48.716 
-0.88 31.896 
-0.926 48.628 
-0.885 32.693 
-0.885 32.693 
-0.885 32.693 
-0.798 27.87 
-0.885 32.693 
-0.913 42.955 
-0.885 32.693 
-0.885 32.693 
-0.88 31.896 
-0.897 37.137 
-0.693 26.353 
-0.926 48.628 
-0.897 37.137 
-0.845 31.875 
-0.885 32.693 
-0.885 32.693 
-0.885 32.693 
-0.885 32.693 
-0.897 37.137 
-0.75 27.265 
-0.693 26.353 
-0.812 31.122 
-0.894 36.668 
-0.885 32.693 
-0.798 27.87 
-0.885 32.693 
-0.885 32.693 
-0.885 32.693 
-0.885 32.693 
-0.901 38.284 
-0.885 32.693 
-0.885 32.693 
-0.798 27.87 
-0.885 32.693 
-0.885 32.693 
-0.927 48.716 
-0.885 32.693 
-0.885 32.693 
-0.927 48.716 
