-0.928 48.814 
-0.928 48.814 
-0.718 25.434 
-0.858 31.856 
-0.792 27.613 
-0.926 43.88 
-0.817 31.356 
-0.902 38.443 
-0.743 26.617 
-0.75 27.265 
-0.927 48.715 
-0.886 32.719 
-0.909 42.906 
-0.894 36.668 
-0.798 27.87 
-0.812 31.122 
-0.88 31.896 
-0.798 27.87 
-0.812 31.122 
-0.899 37.427 
-0.894 36.668 
-0.918 43.462 
-0.75 27.265 
-0.915 43.006 
-0.919 43.708 
-0.901 38.284 
-0.909 42.906 
-0.881 32.23 
-0.897 37.137 
-0.897 37.137 
-0.885 32.693 
-0.881 32.23 
-0.913 42.955 
-0.885 32.693 
-0.901 38.284 
-0.919 43.708 
-0.913 42.955 
-0.88 31.896 
-0.798 27.87 
-0.812 31.122 
-0.894 36.668 
-0.885 32.693 
-0.909 42.906 
-0.919 43.708 
-0.897 37.137 
-0.913 42.955 
-0.88 31.896 
-0.885 32.693 
-0.885 32.693 
-0.885 32.693 
-0.885 32.693 
-0.885 32.693 
-0.885 32.693 
-0.894 36.668 
-0.885 32.693 
-0.885 32.693 
-0.885 32.693 
-0.894 36.668 
-0.885 32.693 
-0.885 32.693 
-0.885 32.693 
-0.885 32.693 
-0.798 27.87 
-0.885 32.693 
-0.885 32.693 
-0.885 32.693 
-0.88 31.896 
-0.897 37.137 
-0.885 32.693 
-0.885 32.693 
-0.885 32.693 
-0.885 32.693 
-0.897 37.137 
-0.812 31.122 
-0.894 36.668 
-0.885 32.693 
-0.798 27.87 
-0.885 32.693 
-0.885 32.693 
-0.885 32.693 
-0.885 32.693 
-0.885 32.693 
-0.885 32.693 
-0.798 27.87 
-0.885 32.693 
-0.885 32.693 
-0.885 32.693 
-0.885 32.693 
-0.885 32.693 
-0.885 32.693 
-0.798 27.87 
-0.812 31.122 
-0.919 43.708 
-0.885 32.693 
-0.885 32.693 
-0.798 27.87 
-0.798 27.87 
-0.798 27.87 
-0.885 32.693 
-0.885 32.693 
