-0.844 57.738 
-0.637 26.541 
-0.844 57.738 
-0.643 27.084 
-0.684 30.171 
-0.835 52.113 
-0.835 52.113 
-0.834 47.805 
-0.732 33.177 
-0.819 47.564 
-0.747 34.954 
-0.749 35.851 
-0.724 30.812 
-0.818 43.327 
-0.791 40.612 
-0.787 37.226 
-0.775 36.211 
-0.728 32.294 
-0.803 42.824 
-0.795 42.619 
-0.698 30.255 
-0.827 47.775 
-0.708 30.795 
-0.794 41.58 
-0.689 30.232 
-0.816 42.915 
-0.704 30.571 
-0.784 36.774 
-0.777 36.602 
-0.792 40.854 
-0.706 30.79 
-0.785 37.033 
-0.749 35.851 
-0.792 40.854 
-0.775 36.211 
-0.817 43.127 
-0.819 47.564 
-0.776 36.412 
-0.818 43.327 
-0.817 43.127 
-0.776 36.412 
-0.784 36.774 
-0.777 36.602 
-0.708 30.795 
-0.786 37.159 
-0.816 42.915 
-0.786 37.159 
-0.775 36.211 
-0.775 36.211 
-0.775 36.211 
-0.786 37.159 
-0.786 37.159 
-0.786 37.159 
-0.786 37.159 
-0.819 47.564 
-0.844 57.738 
-0.775 36.211 
-0.775 36.211 
-0.775 36.211 
-0.844 57.738 
-0.817 43.127 
-0.817 43.127 
-0.775 36.211 
-0.844 57.738 
-0.708 30.795 
-0.775 36.211 
-0.786 37.159 
-0.818 43.327 
-0.786 37.159 
-0.786 37.159 
-0.786 37.159 
-0.844 57.738 
-0.708 30.795 
-0.775 36.211 
-0.786 37.159 
-0.816 42.915 
-0.786 37.159 
-0.817 43.127 
-0.775 36.211 
-0.816 42.915 
-0.775 36.211 
-0.775 36.211 
-0.786 37.159 
-0.775 36.211 
-0.817 43.127 
-0.777 36.602 
-0.818 43.327 
-0.775 36.211 
-0.776 36.412 
-0.786 37.159 
-0.792 40.854 
-0.784 36.774 
-0.816 42.915 
-0.817 43.127 
-0.784 36.774 
-0.817 43.127 
-0.775 36.211 
-0.786 37.159 
-0.835 52.113 
-0.775 36.211 
