-0.838 68.775 
-0.838 68.775 
-0.814 57.97 
-0.78 42.975 
-0.772 38.154 
-0.774 38.407 
-0.764 37.577 
-0.764 37.577 
-0.694 27.674 
-0.696 27.922 
-0.766 37.808 
-0.778 42.74 
-0.709 28.52 
-0.708 28.279 
-0.773 38.252 
-0.764 37.577 
-0.696 27.922 
-0.755 32.976 
-0.829 68.652 
-0.822 63.126 
-0.788 43.62 
-0.695 27.785 
-0.774 38.407 
-0.757 33.43 
-0.814 57.97 
-0.814 57.97 
-0.822 63.126 
-0.805 48.94 
-0.814 57.97 
-0.693 27.574 
-0.814 57.97 
-0.694 27.674 
-0.774 38.407 
-0.75 32.909 
-0.79 44.627 
-0.814 57.97 
-0.689 27.327 
-0.788 43.62 
-0.757 33.43 
-0.814 57.97 
-0.772 38.154 
-0.704 28.239 
-0.795 48.049 
-0.829 68.652 
-0.789 43.777 
-0.764 37.577 
-0.788 43.62 
-0.821 58.793 
-0.757 33.43 
-0.788 43.62 
-0.797 48.289 
-0.764 37.577 
-0.709 28.52 
-0.735 29.02 
-0.828 64.414 
-0.749 32.84 
-0.814 57.97 
-0.764 37.577 
-0.774 38.407 
-0.784 43.183 
-0.772 38.154 
-0.764 37.577 
-0.758 33.517 
-0.806 53.131 
-0.814 57.97 
-0.838 68.775 
-0.769 37.915 
-0.813 53.852 
-0.757 33.43 
-0.822 63.126 
-0.757 33.43 
-0.728 28.545 
-0.766 37.808 
-0.838 68.775 
