-0.737 28.561 
-0.937 65.94 
-0.937 65.94 
-0.737 28.561 
-0.829 32.998 
-0.837 34.106 
-0.884 37.676 
-0.915 49.618 
-0.936 60.824 
-0.928 60.257 
-0.927 55.507 
-0.918 54.831 
-0.907 48.873 
-0.906 44.247 
-0.891 39.234 
-0.896 42.974 
-0.884 37.676 
-0.903 43.576 
-0.926 55.019 
-0.909 49.23 
-0.833 33.006 
-0.919 54.926 
-0.891 39.234 
-0.896 42.974 
-0.905 44.113 
-0.886 38.224 
-0.898 43.485 
-0.836 33.718 
-0.836 33.718 
-0.888 38.528 
-0.936 60.824 
-0.928 60.257 
-0.908 49.137 
-0.885 37.686 
-0.918 54.831 
-0.889 38.8 
-0.889 38.8 
-0.897 43.367 
-0.833 33.006 
-0.907 48.873 
-0.887 38.404 
-0.906 44.247 
-0.887 38.404 
-0.897 43.367 
-0.926 55.019 
-0.919 54.926 
-0.898 43.485 
-0.885 37.686 
-0.937 65.94 
-0.737 28.561 
-0.833 33.006 
-0.896 42.974 
-0.836 33.718 
-0.936 60.824 
-0.907 48.873 
-0.918 54.831 
-0.887 38.404 
-0.885 37.686 
-0.898 43.485 
-0.897 43.367 
-0.937 65.94 
-0.737 28.561 
-0.833 33.006 
-0.836 33.718 
-0.896 42.974 
-0.918 54.831 
-0.907 48.873 
-0.936 60.824 
-0.887 38.404 
-0.885 37.686 
-0.898 43.485 
-0.897 43.367 
-0.737 28.561 
-0.833 33.006 
-0.836 33.718 
-0.885 37.686 
-0.896 42.974 
-0.936 60.824 
-0.887 38.404 
-0.898 43.485 
-0.737 28.561 
-0.833 33.006 
-0.836 33.718 
-0.936 60.824 
-0.887 38.404 
-0.898 43.485 
-0.936 60.824 
-0.737 28.561 
-0.833 33.006 
-0.836 33.718 
-0.887 38.404 
-0.898 43.485 
-0.836 33.718 
-0.836 33.718 
-0.836 33.718 
-0.836 33.718 
-0.836 33.718 
-0.836 33.718 
-0.836 33.718 
-0.898 43.485 
