-0.737 28.559 
-0.937 65.772 
-0.737 28.559 
-0.829 32.989 
-0.78 32.931 
-0.837 34.106 
-0.88 37.647 
-0.771 32.62 
-0.936 60.824 
-0.919 54.926 
-0.918 49.927 
-0.771 32.62 
-0.908 44.829 
-0.936 60.824 
-0.928 55.616 
-0.909 49.23 
-0.895 42.821 
-0.88 37.647 
-0.891 39.234 
-0.837 34.106 
-0.928 55.616 
-0.78 32.931 
-0.926 55.019 
-0.903 43.576 
-0.833 33.006 
-0.913 49.369 
-0.891 39.234 
-0.898 43.46 
-0.836 33.718 
-0.836 33.718 
-0.89 38.853 
-0.906 44.247 
-0.884 37.676 
-0.905 44.113 
-0.915 49.618 
-0.886 38.081 
-0.885 37.686 
-0.897 43.367 
-0.896 42.974 
-0.833 33.006 
-0.927 55.342 
-0.887 38.404 
-0.886 38.081 
-0.906 44.247 
-0.905 44.113 
-0.915 49.618 
-0.903 43.576 
-0.927 55.342 
-0.889 38.8 
-0.888 38.528 
-0.896 42.974 
-0.909 49.23 
-0.914 49.484 
-0.888 38.528 
-0.887 38.404 
-0.898 43.46 
-0.914 49.484 
-0.897 43.367 
-0.926 55.019 
-0.919 54.926 
-0.889 38.8 
-0.884 37.676 
-0.885 37.686 
-0.737 28.559 
-0.936 60.824 
-0.837 34.106 
-0.78 32.931 
-0.896 42.974 
-0.836 33.718 
-0.833 33.006 
-0.886 38.081 
-0.906 44.247 
-0.905 44.113 
-0.915 49.618 
-0.903 43.576 
-0.927 55.342 
-0.889 38.8 
-0.888 38.528 
-0.887 38.404 
-0.898 43.46 
-0.914 49.484 
-0.897 43.367 
-0.926 55.019 
-0.919 54.926 
-0.884 37.676 
-0.885 37.686 
-0.737 28.559 
-0.936 60.824 
-0.884 37.676 
-0.896 42.974 
-0.836 33.718 
-0.915 49.618 
-0.833 33.006 
-0.886 38.081 
-0.905 44.113 
-0.903 43.576 
-0.889 38.8 
-0.906 44.247 
-0.888 38.528 
-0.887 38.404 
