-0.841 39.34 
-0.864 43.069 
-0.831 38.049 
-0.795 33.885 
-0.841 39.34 
-0.795 33.885 
-0.795 33.885 
-0.817 37.305 
-0.906 48.726 
-0.764 33.315 
-0.842 39.394 
-0.841 39.34 
-0.795 33.885 
-0.866 43.689 
-0.764 33.315 
-0.764 33.315 
-0.795 33.885 
-0.764 33.315 
-0.795 33.885 
-0.882 44.599 
-0.841 39.34 
-0.83 37.907 
-0.764 33.315 
-0.733 29.138 
-0.906 48.726 
-0.864 43.069 
-0.842 39.394 
-0.764 33.315 
-0.89 48.246 
-0.91 59.688 
-0.841 39.34 
-0.817 37.305 
-0.866 43.689 
-0.918 60.025 
-0.795 33.885 
-0.795 33.885 
-0.764 33.315 
-0.864 43.069 
-0.839 38.325 
-0.795 33.885 
-0.795 33.885 
-0.906 48.726 
-0.906 48.726 
