-0.855 56.25 
-0.695 25.494 
-0.695 25.494 
-0.855 56.25 
-0.723 26.858 
-0.746 27.347 
-0.854 46.9 
-0.838 42.616 
-0.799 34.871 
-0.795 31.442 
-0.851 46.161 
-0.764 30.188 
-0.783 30.563 
-0.764 30.188 
-0.767 30.441 
-0.806 34.873 
-0.851 46.161 
-0.835 41.266 
-0.825 39.745 
-0.825 39.745 
-0.818 38.14 
-0.818 38.14 
-0.814 37.456 
-0.829 40.745 
-0.785 30.6 
-0.811 35.653 
-0.813 36.511 
-0.81 35.358 
-0.795 31.442 
-0.853 46.59 
-0.789 30.667 
-0.836 42.044 
-0.826 40.329 
-0.817 37.943 
-0.793 31.156 
-0.793 31.156 
-0.799 34.871 
-0.835 41.266 
-0.829 40.745 
-0.812 36.173 
-0.81 35.358 
-0.79 30.691 
-0.79 30.691 
-0.828 40.541 
-0.837 42.415 
-0.836 42.044 
-0.852 46.23 
-0.813 36.511 
-0.812 36.173 
-0.854 46.9 
-0.816 37.641 
-0.766 30.366 
-0.828 40.541 
-0.826 40.329 
-0.837 42.415 
-0.766 30.366 
-0.815 37.58 
-0.767 30.441 
-0.852 46.23 
-0.816 37.641 
-0.815 37.58 
-0.855 56.25 
-0.695 25.494 
-0.764 30.188 
-0.818 38.14 
-0.825 39.745 
-0.793 31.156 
-0.799 34.871 
-0.813 36.511 
-0.829 40.745 
-0.851 46.161 
-0.79 30.691 
-0.837 42.415 
-0.836 42.044 
-0.812 36.173 
-0.816 37.641 
-0.815 37.58 
-0.826 40.329 
-0.767 30.441 
-0.766 30.366 
-0.852 46.23 
-0.855 56.25 
-0.695 25.494 
-0.818 38.14 
-0.825 39.745 
-0.829 40.745 
-0.816 37.641 
-0.813 36.511 
-0.793 31.156 
-0.799 34.871 
-0.79 30.691 
-0.851 46.161 
-0.837 42.415 
-0.812 36.173 
-0.826 40.329 
-0.764 30.188 
-0.767 30.441 
-0.766 30.366 
-0.852 46.23 
-0.836 42.044 
