-0.687 25.295 
-0.842 40.7 
-0.765 30.125 
-0.687 25.295 
-0.816 35.678 
-0.687 25.295 
-0.687 25.295 
-0.687 25.295 
-0.851 40.786 
-0.879 51.94 
-0.687 25.295 
-0.765 30.125 
-0.731 29.235 
-0.807 35.399 
-0.747 30.082 
-0.765 30.125 
-0.879 51.94 
-0.853 42.642 
-0.765 30.125 
-0.687 25.295 
-0.816 35.678 
-0.765 30.125 
-0.743 29.361 
-0.687 25.295 
-0.747 30.082 
-0.727 28.805 
-0.833 36.359 
-0.835 36.661 
-0.795 31.139 
-0.837 40.496 
-0.879 51.94 
-0.837 40.496 
-0.765 30.125 
-0.747 30.082 
-0.837 40.496 
-0.744 29.609 
-0.765 30.125 
-0.765 30.125 
-0.861 45.773 
-0.687 25.295 
-0.836 36.71 
-0.731 29.235 
-0.731 29.235 
-0.819 36.147 
-0.87 50.066 
-0.837 40.496 
-0.852 41.126 
-0.833 36.359 
-0.765 30.125 
-0.743 29.361 
-0.768 30.618 
-0.819 36.147 
-0.716 28.53 
-0.869 46.849 
-0.676 24.386 
-0.687 25.295 
-0.815 35.446 
-0.687 25.295 
-0.705 28.447 
