-0.871 50.23 
-0.864 47.277 
-0.853 36.667 
-0.854 41.776 
-0.852 36.537 
-0.744 30.647 
-0.746 30.926 
-0.855 45.652 
-0.817 35.429 
-0.852 36.537 
-0.803 32.047 
-0.854 41.776 
-0.744 30.647 
-0.89 61.939 
-0.803 32.047 
-0.871 50.23 
-0.871 50.23 
-0.871 50.23 
-0.873 55.973 
-0.852 36.537 
-0.864 47.277 
-0.783 31.32 
-0.854 41.776 
-0.852 36.537 
-0.872 51.09 
-0.836 35.836 
-0.805 32.214 
-0.853 36.667 
-0.753 30.972 
-0.863 46.366 
-0.765 31.18 
-0.796 31.634 
-0.803 32.047 
-0.745 30.884 
-0.852 36.537 
