-0.896 62.675 
-0.896 62.675 
-0.692 27.012 
-0.895 62.433 
-0.889 53.888 
-0.887 53.441 
-0.728 31.446 
-0.816 36.464 
-0.781 32.976 
-0.775 32.064 
-0.74 31.746 
-0.872 47.9 
-0.728 31.446 
-0.851 42.581 
-0.816 36.464 
-0.781 32.976 
-0.869 47.176 
-0.856 43.784 
-0.833 40.791 
-0.822 37.496 
-0.869 47.176 
-0.872 47.9 
-0.838 41.729 
-0.856 43.784 
-0.833 40.791 
-0.822 37.496 
-0.74 31.746 
-0.731 31.738 
-0.837 41.447 
-0.853 43.217 
-0.895 62.433 
-0.889 53.888 
-0.838 41.729 
-0.834 41.069 
-0.776 32.331 
-0.855 43.547 
-0.87 47.664 
-0.779 32.615 
-0.729 31.664 
-0.834 41.069 
-0.775 32.064 
-0.779 32.615 
-0.776 32.331 
-0.821 37.222 
-0.817 36.737 
-0.78 32.707 
-0.888 53.647 
-0.82 37.102 
-0.819 36.89 
-0.888 53.647 
-0.731 31.738 
-0.854 43.374 
-0.854 43.374 
-0.871 47.801 
-0.87 47.664 
-0.821 37.222 
-0.82 37.102 
-0.818 36.844 
-0.817 36.737 
-0.871 47.801 
-0.78 32.707 
-0.729 31.664 
-0.819 36.89 
-0.818 36.844 
-0.728 31.446 
-0.816 36.464 
-0.781 32.976 
-0.869 47.176 
-0.872 47.9 
-0.856 43.784 
-0.833 40.791 
-0.822 37.496 
-0.74 31.746 
-0.838 41.729 
-0.895 62.433 
-0.889 53.888 
-0.834 41.069 
-0.854 43.374 
-0.775 32.064 
-0.779 32.615 
-0.776 32.331 
-0.888 53.647 
-0.731 31.738 
-0.87 47.664 
-0.821 37.222 
-0.82 37.102 
-0.817 36.737 
-0.78 32.707 
-0.729 31.664 
-0.818 36.844 
-0.816 36.464 
-0.781 32.976 
-0.869 47.176 
-0.872 47.9 
-0.856 43.784 
-0.833 40.791 
-0.822 37.496 
-0.74 31.746 
-0.838 41.729 
-0.895 62.433 
