-0.792 25.994 
-0.889 46.937 
-0.889 46.937 
-0.792 25.994 
-0.82 26.597 
-0.881 41.65 
-0.821 30.185 
-0.861 35.749 
-0.856 31.685 
-0.84 30.407 
-0.874 40.683 
-0.872 37.233 
-0.87 36.037 
-0.866 35.976 
-0.852 30.751 
-0.856 31.685 
-0.879 40.854 
-0.846 30.601 
-0.844 30.477 
-0.861 35.749 
-0.872 37.233 
-0.853 31.102 
-0.855 31.149 
-0.863 35.882 
-0.871 36.581 
-0.871 36.581 
-0.876 40.717 
-0.841 30.432 
-0.846 30.601 
-0.879 40.854 
-0.876 40.717 
-0.874 40.683 
-0.84 30.407 
-0.821 30.185 
-0.852 30.751 
-0.862 35.881 
-0.855 31.149 
-0.841 30.432 
-0.862 35.881 
-0.889 46.937 
-0.792 25.994 
-0.821 30.185 
-0.856 31.685 
-0.852 30.751 
-0.855 31.149 
-0.846 30.601 
-0.879 40.854 
-0.874 40.683 
-0.84 30.407 
-0.871 36.581 
-0.841 30.432 
-0.862 35.881 
-0.889 46.937 
-0.792 25.994 
-0.821 30.185 
-0.856 31.685 
-0.852 30.751 
-0.855 31.149 
-0.874 40.683 
-0.84 30.407 
-0.879 40.854 
-0.871 36.581 
-0.841 30.432 
-0.792 25.994 
-0.821 30.185 
-0.856 31.685 
-0.852 30.751 
-0.874 40.683 
-0.855 31.149 
-0.84 30.407 
-0.879 40.854 
-0.841 30.432 
-0.792 25.994 
-0.821 30.185 
-0.856 31.685 
-0.852 30.751 
-0.874 40.683 
-0.84 30.407 
-0.841 30.432 
-0.879 40.854 
-0.792 25.994 
-0.821 30.185 
-0.856 31.685 
-0.874 40.683 
-0.84 30.407 
-0.841 30.432 
-0.792 25.994 
-0.821 30.185 
-0.856 31.685 
-0.874 40.683 
-0.84 30.407 
-0.841 30.432 
-0.792 25.994 
-0.84 30.407 
-0.856 31.685 
-0.841 30.432 
-0.792 25.994 
-0.792 25.994 
-0.84 30.407 
-0.792 25.994 
