-0.792 25.994 
-0.889 46.936 
-0.792 25.994 
-0.82 26.596 
-0.881 41.65 
-0.821 30.185 
-0.858 35.336 
-0.872 36.821 
-0.874 40.683 
-0.856 31.685 
-0.881 41.65 
-0.84 30.407 
-0.829 30.201 
-0.829 30.201 
-0.852 30.751 
-0.879 40.854 
-0.846 30.595 
-0.87 36.036 
-0.856 31.685 
-0.855 31.149 
-0.853 31.102 
-0.861 35.749 
-0.871 36.581 
-0.844 30.477 
-0.867 36.014 
-0.866 35.976 
-0.876 40.717 
-0.841 30.432 
-0.863 35.882 
-0.861 35.749 
-0.879 40.854 
-0.876 40.717 
-0.874 40.683 
-0.871 36.581 
-0.84 30.407 
-0.852 30.751 
-0.846 30.595 
-0.862 35.881 
-0.866 35.976 
-0.863 35.882 
-0.845 30.557 
-0.855 31.149 
-0.853 31.102 
-0.844 30.477 
-0.841 30.432 
-0.845 30.557 
-0.87 36.036 
-0.867 36.014 
-0.821 30.185 
-0.862 35.881 
-0.792 25.994 
-0.881 41.65 
-0.856 31.685 
-0.861 35.749 
-0.871 36.581 
-0.879 40.854 
-0.876 40.717 
-0.874 40.683 
-0.84 30.407 
-0.852 30.751 
-0.866 35.976 
-0.863 35.882 
-0.855 31.149 
-0.853 31.102 
-0.844 30.477 
-0.841 30.432 
-0.845 30.557 
-0.87 36.036 
-0.821 30.185 
-0.862 35.881 
-0.792 25.994 
-0.881 41.65 
-0.856 31.685 
-0.861 35.749 
-0.871 36.581 
-0.866 35.976 
-0.879 40.854 
-0.876 40.717 
-0.874 40.683 
-0.84 30.407 
-0.852 30.751 
-0.863 35.882 
-0.855 31.149 
-0.841 30.432 
-0.821 30.185 
-0.862 35.881 
-0.792 25.994 
-0.856 31.685 
-0.861 35.749 
-0.871 36.581 
-0.879 40.854 
-0.876 40.717 
-0.874 40.683 
-0.84 30.407 
-0.821 30.185 
-0.852 30.751 
-0.855 31.149 
-0.841 30.432 
-0.862 35.881 
-0.792 25.994 
