-0.792 25.994 
-0.889 46.936 
-0.889 46.936 
-0.792 25.994 
-0.829 30.201 
-0.817 26.332 
-0.881 41.649 
-0.886 46.566 
-0.849 30.391 
-0.857 35.111 
-0.874 40.683 
-0.821 26.7 
-0.856 31.685 
-0.873 37.367 
-0.879 40.853 
-0.829 30.201 
-0.881 41.649 
-0.821 26.7 
-0.867 35.669 
-0.86 35.334 
-0.886 46.566 
-0.817 26.332 
-0.86 35.334 
-0.867 35.669 
-0.873 37.367 
-0.872 36.821 
-0.871 36.581 
-0.87 36.036 
-0.856 31.685 
-0.855 31.149 
-0.82 26.596 
-0.876 40.716 
-0.887 46.799 
-0.849 30.391 
-0.869 35.896 
-0.854 31.011 
-0.876 40.716 
-0.851 30.719 
-0.82 26.596 
-0.854 31.011 
-0.852 30.751 
-0.852 30.751 
-0.851 30.719 
-0.872 36.821 
-0.871 36.581 
-0.869 35.896 
-0.857 35.111 
-0.87 36.036 
-0.855 31.149 
-0.887 46.799 
-0.874 40.683 
-0.792 25.994 
-0.889 46.936 
-0.829 30.201 
-0.881 41.649 
-0.821 26.7 
-0.886 46.566 
-0.817 26.332 
-0.873 37.367 
-0.856 31.685 
-0.876 40.716 
-0.82 26.596 
-0.854 31.011 
-0.852 30.751 
-0.851 30.719 
-0.872 36.821 
-0.871 36.581 
-0.869 35.896 
-0.857 35.111 
-0.87 36.036 
-0.855 31.149 
-0.887 46.799 
-0.874 40.683 
-0.792 25.994 
-0.889 46.936 
-0.829 30.201 
-0.881 41.649 
-0.821 26.7 
-0.886 46.566 
-0.856 31.685 
-0.876 40.716 
-0.82 26.596 
-0.854 31.011 
-0.852 30.751 
-0.851 30.719 
-0.872 36.821 
-0.871 36.581 
-0.857 35.111 
-0.87 36.036 
-0.855 31.149 
-0.874 40.683 
-0.889 46.936 
-0.792 25.994 
-0.829 30.201 
-0.881 41.649 
-0.821 26.7 
-0.886 46.566 
-0.856 31.685 
-0.876 40.716 
-0.82 26.596 
