-0.791 35.936 
-0.791 35.936 
-0.774 31.084 
-0.792 36.021 
-0.701 26.028 
-0.864 52.014 
-0.791 35.936 
-0.836 41.709 
-0.791 35.936 
-0.792 36.021 
-0.791 35.936 
-0.774 31.084 
-0.836 41.709 
-0.771 31.027 
-0.807 36.524 
-0.726 29.455 
-0.792 36.021 
-0.791 35.936 
-0.836 41.709 
-0.781 31.598 
-0.864 52.014 
-0.836 41.709 
-0.757 30.42 
-0.774 31.084 
-0.788 35.679 
-0.774 31.084 
-0.791 35.936 
-0.836 41.709 
-0.791 35.936 
-0.836 41.709 
-0.791 35.936 
-0.792 36.021 
-0.84 41.724 
-0.774 31.084 
-0.791 35.936 
-0.792 36.021 
-0.774 31.084 
-0.785 34.966 
-0.853 46.336 
-0.726 29.455 
-0.836 41.709 
-0.791 35.936 
-0.771 31.027 
-0.726 29.455 
-0.792 36.021 
-0.79 35.698 
-0.76 30.956 
-0.836 41.709 
-0.791 35.936 
-0.775 31.202 
-0.791 35.936 
-0.836 41.709 
-0.759 30.466 
-0.806 36.118 
-0.836 41.709 
-0.781 31.598 
-0.806 36.118 
-0.803 36.026 
-0.791 35.936 
-0.791 35.936 
-0.76 30.956 
-0.835 41.495 
-0.806 36.118 
-0.792 36.021 
-0.736 29.913 
-0.791 35.936 
-0.792 36.021 
-0.781 31.598 
-0.755 29.99 
-0.835 41.495 
-0.861 51.683 
-0.842 42.073 
-0.791 35.936 
-0.836 41.709 
-0.853 46.336 
-0.76 30.956 
-0.824 41.202 
-0.774 31.084 
-0.792 36.021 
-0.774 31.084 
-0.84 41.724 
-0.791 35.936 
-0.791 35.936 
-0.726 29.455 
-0.822 36.841 
-0.836 41.709 
-0.79 35.698 
-0.791 35.936 
-0.761 30.996 
-0.791 35.936 
-0.786 35.167 
-0.835 41.495 
-0.791 35.936 
-0.836 41.709 
-0.836 41.709 
-0.821 36.631 
-0.726 29.455 
-0.836 41.709 
