-0.697 33.486 
-0.898 55.902 
-0.898 55.902 
-0.697 33.486 
-0.745 33.505 
-0.877 49.645 
-0.876 46.295 
-0.805 38.256 
-0.791 34.831 
-0.897 55.653 
-0.896 52.059 
-0.856 44.733 
-0.855 41.362 
-0.787 34.291 
-0.761 33.64 
-0.814 38.899 
-0.761 33.64 
-0.831 39.27 
-0.791 34.831 
-0.805 38.256 
-0.745 33.505 
-0.854 40.823 
-0.87 45.101 
-0.888 50.726 
-0.833 39.555 
-0.85 40.223 
-0.843 39.776 
-0.861 45.079 
-0.787 34.291 
-0.895 51.839 
-0.889 50.915 
-0.881 50.318 
-0.812 38.641 
-0.895 51.839 
-0.889 50.915 
-0.843 39.776 
-0.873 45.592 
-0.873 45.592 
-0.855 41.362 
-0.809 38.524 
-0.875 45.92 
-0.88 50.13 
-0.831 39.27 
-0.809 38.524 
-0.848 40.007 
-0.857 44.944 
-0.88 50.13 
-0.881 50.318 
-0.833 39.555 
-0.875 45.92 
-0.86 45.041 
-0.897 55.653 
-0.87 45.101 
-0.848 40.007 
-0.896 52.059 
-0.849 40.011 
-0.856 44.733 
-0.86 45.041 
-0.857 44.944 
-0.849 40.011 
-0.697 33.486 
-0.791 34.831 
-0.805 38.256 
-0.745 33.505 
-0.895 51.839 
-0.889 50.915 
-0.843 39.776 
-0.873 45.592 
-0.855 41.362 
-0.88 50.13 
-0.831 39.27 
-0.809 38.524 
-0.875 45.92 
-0.897 55.653 
-0.87 45.101 
-0.848 40.007 
-0.856 44.733 
-0.86 45.041 
-0.857 44.944 
-0.849 40.011 
-0.697 33.486 
-0.791 34.831 
-0.805 38.256 
-0.843 39.776 
-0.88 50.13 
-0.745 33.505 
-0.895 51.839 
-0.889 50.915 
-0.873 45.592 
-0.849 40.011 
-0.897 55.653 
-0.87 45.101 
-0.855 41.362 
-0.856 44.733 
-0.86 45.041 
-0.857 44.944 
-0.697 33.486 
-0.745 33.505 
-0.791 34.831 
-0.895 51.839 
