-0.889 57.585 
-0.691 24.389 
-0.691 24.389 
-0.889 57.585 
-0.888 57.36 
-0.881 52.944 
-0.87 51.92 
-0.863 47.642 
-0.718 28.859 
-0.736 28.918 
-0.815 39.919 
-0.807 36.966 
-0.844 45.628 
-0.781 35.477 
-0.711 25.939 
-0.838 43.158 
-0.712 28.149 
-0.848 46.382 
-0.765 31.89 
-0.793 35.61 
-0.769 32.267 
-0.757 31.683 
-0.697 25.071 
-0.858 46.824 
-0.77 33.799 
-0.705 25.279 
-0.776 34.703 
-0.709 25.886 
-0.8 35.856 
-0.844 45.628 
-0.877 52.178 
-0.751 30.161 
-0.741 29.431 
-0.888 57.36 
-0.881 52.944 
-0.87 51.92 
-0.807 36.966 
-0.815 39.919 
-0.774 34.293 
-0.752 31.099 
-0.863 47.642 
-0.838 43.158 
-0.823 40.211 
-0.871 52.141 
-0.794 35.792 
-0.772 34.051 
-0.818 40.152 
-0.833 42.292 
-0.831 41.392 
-0.702 25.096 
-0.714 28.521 
-0.737 29.164 
-0.693 24.685 
-0.746 29.637 
-0.739 29.411 
-0.802 36.026 
-0.754 31.421 
-0.83 41.166 
-0.805 36.726 
-0.861 47.303 
-0.779 35.176 
-0.779 35.176 
-0.75 30.02 
-0.748 29.861 
-0.836 42.757 
-0.803 36.285 
-0.755 31.635 
-0.826 40.436 
-0.837 42.927 
-0.693 24.685 
-0.768 32.053 
-0.714 28.521 
-0.753 31.103 
-0.846 46.096 
-0.879 52.706 
-0.858 46.824 
-0.828 40.863 
-0.859 47.041 
-0.817 40.131 
-0.831 41.392 
-0.747 29.738 
-0.825 40.213 
-0.816 39.921 
-0.712 28.149 
-0.834 42.465 
-0.833 42.292 
-0.878 52.424 
-0.835 42.483 
-0.829 40.894 
-0.804 36.46 
-0.77 33.799 
-0.878 52.424 
-0.862 47.541 
-0.86 47.067 
-0.847 46.153 
-0.827 40.637 
-0.846 46.096 
-0.806 36.95 
-0.88 52.723 
-0.746 29.637 
