-0.889 57.586 
-0.71 26.245 
-0.873 52.59 
-0.863 47.643 
-0.881 52.998 
-0.817 40.165 
-0.806 36.966 
-0.826 40.675 
-0.727 29.435 
-0.838 43.159 
-0.858 46.883 
-0.845 46.062 
-0.727 29.435 
-0.833 42.293 
-0.765 34.336 
-0.78 35.519 
-0.76 32.594 
-0.847 46.668 
-0.755 31.641 
-0.793 35.793 
-0.801 36.091 
-0.845 46.062 
-0.76 32.594 
-0.735 29.65 
-0.752 31.1 
-0.771 34.862 
-0.767 34.762 
-0.775 35.414 
-0.745 31.019 
-0.794 35.82 
-0.773 35.173 
-0.741 30.627 
-0.779 35.473 
-0.803 36.338 
-0.837 43.002 
-0.834 42.35 
-0.803 36.338 
-0.736 29.658 
-0.837 43.002 
-0.744 30.897 
-0.834 42.35 
-0.753 31.317 
-0.766 34.37 
-0.847 46.668 
-0.739 30.421 
-0.738 30.066 
-0.737 30.011 
-0.753 31.317 
-0.793 35.793 
-0.794 35.82 
-0.744 30.897 
-0.74 30.561 
-0.739 30.421 
-0.745 31.019 
-0.74 30.561 
-0.738 30.066 
-0.737 30.011 
-0.766 34.37 
-0.753 31.317 
-0.753 31.317 
-0.753 31.317 
-0.834 42.35 
-0.737 30.011 
-0.737 30.011 
-0.753 31.317 
-0.753 31.317 
-0.794 35.82 
-0.847 46.668 
-0.737 30.011 
-0.738 30.066 
-0.834 42.35 
-0.847 46.668 
-0.745 31.019 
-0.738 30.066 
-0.753 31.317 
-0.834 42.35 
-0.739 30.421 
-0.837 43.002 
-0.847 46.668 
-0.76 32.594 
-0.727 29.435 
-0.834 42.35 
-0.845 46.062 
-0.737 30.011 
-0.793 35.793 
-0.834 42.35 
-0.834 42.35 
-0.834 42.35 
-0.837 43.002 
-0.737 30.011 
-0.753 31.317 
-0.847 46.668 
-0.745 31.019 
-0.837 43.002 
-0.737 30.011 
-0.753 31.317 
-0.834 42.35 
-0.738 30.066 
-0.738 30.066 
-0.766 34.37 
