-0.901 47.826 
-0.722 25.008 
-0.889 46.934 
-0.885 43.174 
-0.767 29.02 
-0.854 40.581 
-0.82 32.347 
-0.852 38.13 
-0.75 27.239 
-0.782 29.196 
-0.822 34.443 
-0.865 41.342 
-0.74 26.176 
-0.878 41.468 
-0.798 31.101 
-0.79 29.641 
-0.807 31.118 
-0.767 29.02 
-0.826 35.318 
-0.844 35.645 
-0.756 27.752 
-0.74 26.176 
-0.756 27.752 
-0.733 26.023 
-0.836 35.616 
-0.835 35.565 
-0.782 29.196 
-0.892 47.332 
-0.809 31.422 
-0.73 25.559 
-0.898 47.343 
-0.851 37.665 
-0.85 36.808 
-0.882 42.387 
-0.881 41.954 
-0.859 40.988 
-0.793 29.963 
-0.864 41.251 
-0.852 38.13 
-0.813 31.507 
-0.73 25.559 
-0.814 31.681 
-0.796 30.484 
-0.848 36.413 
-0.9 47.614 
-0.885 43.174 
-0.797 30.608 
-0.794 30.315 
-0.889 46.934 
-0.851 37.665 
-0.857 40.7 
-0.731 25.577 
-0.825 34.899 
-0.858 40.896 
-0.754 27.713 
-0.753 27.438 
-0.846 36.138 
-0.845 36.016 
-0.884 43.041 
-0.883 42.68 
-0.791 29.783 
-0.818 32.009 
-0.792 29.841 
-0.816 31.801 
-0.849 36.708 
-0.883 42.68 
-0.733 26.023 
-0.891 47.065 
-0.864 41.251 
-0.859 40.988 
-0.89 47.03 
-0.835 35.565 
-0.826 35.318 
-0.854 40.581 
-0.822 34.443 
-0.825 34.899 
-0.824 34.687 
-0.88 41.763 
-0.751 27.289 
-0.819 32.171 
-0.899 47.438 
-0.817 31.976 
-0.794 30.315 
-0.755 27.718 
-0.819 32.171 
-0.824 34.687 
-0.823 34.531 
-0.879 41.623 
-0.847 36.289 
-0.753 27.438 
-0.751 27.289 
-0.731 25.577 
-0.88 41.763 
-0.879 41.623 
-0.884 43.041 
-0.878 41.468 
-0.797 30.608 
-0.847 36.289 
-0.845 36.016 
-0.816 31.801 
