-0.909 52.3 
-0.721 24.969 
-0.909 52.3 
-0.908 52.204 
-0.901 47.826 
-0.888 46.774 
-0.885 43.174 
-0.854 40.541 
-0.767 29.02 
-0.807 31.063 
-0.853 37.668 
-0.782 29.196 
-0.822 34.442 
-0.865 41.342 
-0.878 41.414 
-0.826 35.316 
-0.74 26.175 
-0.821 32.522 
-0.814 31.36 
-0.767 29.02 
-0.756 27.752 
-0.74 26.175 
-0.797 30.608 
-0.75 27.238 
-0.733 26.023 
-0.756 27.752 
-0.835 35.565 
-0.782 29.196 
-0.851 37.068 
-0.79 29.641 
-0.901 47.826 
-0.75 27.238 
-0.722 25.007 
-0.841 35.633 
-0.73 25.559 
-0.891 47.065 
-0.908 52.204 
-0.898 47.299 
-0.882 42.05 
-0.836 35.616 
-0.86 41.249 
-0.864 41.251 
-0.884 42.945 
-0.844 35.645 
-0.883 42.68 
-0.794 30.315 
-0.88 41.63 
-0.853 37.668 
-0.848 36.411 
-0.845 35.993 
-0.881 41.954 
-0.73 25.559 
-0.722 25.007 
-0.849 36.708 
-0.885 43.174 
-0.85 36.798 
-0.857 40.7 
-0.847 36.272 
-0.754 27.713 
-0.753 27.388 
-0.899 47.384 
-0.797 30.608 
-0.731 25.577 
-0.79 29.641 
-0.816 31.801 
-0.825 34.899 
-0.888 46.774 
-0.824 34.669 
-0.879 41.489 
-0.793 29.963 
-0.791 29.783 
-0.89 46.969 
-0.796 30.484 
-0.795 30.437 
-0.816 31.801 
-0.733 26.023 
-0.883 42.68 
-0.859 40.988 
-0.835 35.565 
-0.898 47.299 
-0.891 47.065 
-0.825 34.899 
-0.9 47.614 
-0.824 34.669 
-0.822 34.442 
-0.9 47.614 
-0.846 36.072 
-0.858 40.896 
-0.751 27.287 
-0.82 32.347 
-0.819 32.171 
-0.821 32.522 
-0.82 32.347 
-0.817 31.967 
-0.731 25.577 
-0.819 32.171 
-0.818 32.009 
-0.857 40.7 
-0.793 29.963 
-0.792 29.841 
