-0.723 30.802 
-0.838 63.352 
-0.833 51.595 
-0.837 63.134 
-0.751 32.06 
-0.727 31.575 
-0.749 31.693 
-0.81 42.077 
-0.785 40.711 
-0.833 51.595 
-0.811 46.732 
-0.76 35.778 
-0.818 47.372 
-0.784 36.994 
-0.818 47.372 
-0.808 41.652 
-0.782 36.6 
-0.76 35.778 
-0.767 36.329 
-0.775 36.359 
-0.8 41.315 
-0.792 40.841 
-0.775 36.359 
-0.792 40.841 
-0.798 41.042 
-0.816 46.973 
-0.812 46.922 
-0.764 35.935 
-0.817 47.173 
-0.766 36.081 
-0.799 41.163 
-0.765 35.965 
-0.726 31.168 
-0.749 31.693 
-0.8 41.315 
-0.783 36.803 
-0.798 41.042 
-0.783 36.803 
-0.811 46.732 
-0.725 30.991 
-0.724 30.812 
-0.726 31.168 
-0.725 30.991 
-0.785 40.711 
-0.727 31.575 
-0.767 36.329 
-0.724 30.812 
-0.775 36.359 
-0.783 36.803 
-0.811 46.732 
-0.724 30.812 
-0.725 30.991 
-0.726 31.168 
-0.811 46.732 
-0.725 30.991 
-0.725 30.991 
-0.785 40.711 
-0.724 30.812 
-0.783 36.803 
-0.726 31.168 
-0.725 30.991 
-0.726 31.168 
-0.76 35.778 
-0.724 30.812 
-0.811 46.732 
-0.726 31.168 
-0.775 36.359 
-0.811 46.732 
-0.767 36.329 
-0.727 31.575 
-0.785 40.711 
-0.725 30.991 
-0.727 31.575 
-0.76 35.778 
-0.785 40.711 
-0.725 30.991 
-0.811 46.732 
-0.726 31.168 
-0.724 30.812 
-0.76 35.778 
-0.783 36.803 
-0.811 46.732 
-0.724 30.812 
-0.76 35.778 
-0.724 30.812 
-0.811 46.732 
-0.724 30.812 
-0.811 46.732 
-0.726 31.168 
-0.726 31.168 
-0.726 31.168 
-0.785 40.711 
-0.725 30.991 
-0.724 30.812 
-0.726 31.168 
-0.811 46.732 
-0.725 30.991 
-0.724 30.812 
-0.811 46.732 
-0.785 40.711 
