-0.723 30.802 
-0.838 63.211 
-0.723 30.802 
-0.838 63.211 
-0.834 51.721 
-0.837 63.084 
-0.811 46.732 
-0.742 30.974 
-0.81 41.899 
-0.724 30.812 
-0.833 51.595 
-0.826 46.922 
-0.825 46.797 
-0.798 40.997 
-0.794 37.556 
-0.751 32.06 
-0.758 35.206 
-0.8 41.24 
-0.768 36.225 
-0.791 37.156 
-0.808 41.652 
-0.784 36.948 
-0.751 32.06 
-0.833 51.595 
-0.826 46.922 
-0.758 35.206 
-0.775 36.348 
-0.748 31.681 
-0.782 36.554 
-0.777 36.549 
-0.76 35.767 
-0.794 37.556 
-0.744 31.348 
-0.798 40.997 
-0.764 35.935 
-0.759 35.321 
-0.837 63.084 
-0.743 31.166 
-0.799 41.118 
-0.749 31.692 
-0.808 41.652 
-0.766 36.081 
-0.744 31.348 
-0.784 36.948 
-0.783 36.757 
-0.793 37.362 
-0.792 37.168 
-0.793 37.362 
-0.783 36.757 
-0.75 31.877 
-0.75 31.877 
-0.776 36.375 
-0.764 35.935 
-0.76 35.767 
-0.724 30.812 
-0.766 36.081 
-0.81 41.899 
-0.809 41.775 
-0.775 36.348 
-0.809 41.775 
-0.765 35.965 
-0.825 46.797 
-0.811 46.732 
-0.765 35.965 
-0.776 36.375 
-0.792 37.168 
-0.782 36.554 
-0.777 36.549 
-0.723 30.802 
-0.751 32.06 
-0.76 35.767 
-0.833 51.595 
-0.798 40.997 
-0.837 63.084 
-0.744 31.348 
-0.808 41.652 
-0.766 36.081 
-0.784 36.948 
-0.783 36.757 
-0.75 31.877 
-0.724 30.812 
-0.764 35.935 
-0.81 41.899 
-0.809 41.775 
-0.825 46.797 
-0.811 46.732 
-0.775 36.348 
-0.765 35.965 
-0.776 36.375 
-0.782 36.554 
-0.777 36.549 
-0.723 30.802 
-0.751 32.06 
-0.76 35.767 
-0.833 51.595 
-0.825 46.797 
-0.798 40.997 
-0.837 63.084 
-0.808 41.652 
-0.784 36.948 
