-0.82 65.431 
-0.82 65.431 
-0.669 33.942 
-0.708 38.513 
-0.818 65.154 
-0.796 54.494 
-0.78 49.973 
-0.743 40.131 
-0.787 54.36 
-0.797 59.264 
-0.727 38.725 
-0.804 60.946 
-0.771 48.168 
-0.765 44.091 
-0.754 43.316 
-0.687 34.848 
-0.705 34.941 
-0.706 34.96 
-0.683 34.062 
-0.804 60.946 
-0.773 48.523 
-0.732 39.409 
-0.801 60.125 
-0.754 43.316 
-0.76 43.381 
-0.741 39.802 
-0.788 54.484 
-0.763 43.751 
-0.771 48.168 
-0.765 44.091 
-0.732 39.409 
-0.778 49.408 
-0.727 38.725 
-0.778 49.408 
-0.797 59.264 
-0.779 49.679 
-0.802 60.621 
-0.741 39.802 
-0.684 34.564 
-0.819 65.196 
-0.802 60.621 
-0.706 34.96 
-0.686 34.624 
-0.683 34.062 
-0.685 34.606 
-0.684 34.564 
-0.686 34.624 
-0.685 34.606 
-0.741 39.802 
-0.802 60.621 
-0.771 48.168 
-0.706 34.96 
-0.706 34.96 
-0.771 48.168 
-0.771 48.168 
-0.741 39.802 
-0.706 34.96 
-0.706 34.96 
-0.82 65.431 
-0.741 39.802 
-0.683 34.062 
-0.741 39.802 
-0.771 48.168 
-0.741 39.802 
-0.706 34.96 
-0.754 43.316 
-0.706 34.96 
-0.771 48.168 
-0.686 34.624 
-0.683 34.062 
-0.771 48.168 
-0.706 34.96 
-0.741 39.802 
-0.771 48.168 
-0.804 60.946 
-0.685 34.606 
-0.685 34.606 
-0.802 60.621 
-0.754 43.316 
-0.706 34.96 
-0.802 60.621 
-0.754 43.316 
-0.741 39.802 
-0.804 60.946 
-0.771 48.168 
-0.771 48.168 
-0.685 34.606 
-0.771 48.168 
-0.727 38.725 
-0.771 48.168 
-0.754 43.316 
-0.685 34.606 
-0.706 34.96 
-0.771 48.168 
-0.741 39.802 
-0.683 34.062 
-0.727 38.725 
-0.706 34.96 
-0.771 48.168 
-0.802 60.621 
