-0.82 65.431 
-0.669 33.942 
-0.82 65.431 
-0.804 59.101 
-0.804 59.101 
-0.818 65.154 
-0.78 49.973 
-0.786 53.961 
-0.703 34.597 
-0.796 54.494 
-0.684 34.413 
-0.771 48.128 
-0.765 44.091 
-0.754 43.316 
-0.724 38.316 
-0.724 38.316 
-0.706 34.96 
-0.743 40.131 
-0.706 34.96 
-0.683 34.062 
-0.818 65.154 
-0.773 48.523 
-0.743 40.131 
-0.754 43.316 
-0.74 39.722 
-0.76 43.381 
-0.788 54.484 
-0.795 54.49 
-0.796 54.494 
-0.771 48.128 
-0.765 44.091 
-0.733 39.448 
-0.727 38.722 
-0.778 49.408 
-0.727 38.722 
-0.778 49.408 
-0.732 39.409 
-0.732 39.409 
-0.705 34.941 
-0.763 43.751 
-0.787 54.147 
-0.741 39.801 
-0.779 49.679 
-0.763 43.751 
-0.762 43.666 
-0.741 39.801 
-0.762 43.666 
-0.733 39.448 
-0.779 49.679 
-0.819 65.196 
-0.705 34.941 
-0.787 54.147 
-0.683 34.062 
-0.819 65.196 
-0.82 65.431 
-0.754 43.316 
-0.765 44.091 
-0.732 39.409 
-0.778 49.408 
-0.706 34.96 
-0.683 34.062 
-0.706 34.96 
-0.706 34.96 
-0.706 34.96 
-0.706 34.96 
-0.82 65.431 
-0.683 34.062 
-0.706 34.96 
-0.754 43.316 
-0.706 34.96 
-0.683 34.062 
-0.706 34.96 
-0.754 43.316 
-0.706 34.96 
-0.754 43.316 
-0.754 43.316 
-0.706 34.96 
-0.683 34.062 
-0.706 34.96 
-0.82 65.431 
-0.706 34.96 
-0.705 34.941 
-0.754 43.316 
-0.706 34.96 
-0.706 34.96 
-0.706 34.96 
-0.754 43.316 
-0.771 48.128 
-0.778 49.408 
-0.683 34.062 
-0.683 34.062 
-0.706 34.96 
-0.706 34.96 
-0.754 43.316 
-0.706 34.96 
-0.706 34.96 
-0.754 43.316 
-0.706 34.96 
-0.705 34.941 
-0.706 34.96 
