-0.682 34.263 
-0.797 59.306 
-0.789 59.281 
-0.682 34.263 
-0.685 34.613 
-0.748 43.579 
-0.682 34.263 
-0.789 59.281 
-0.685 34.613 
-0.682 34.263 
-0.756 45.819 
-0.789 59.281 
-0.682 34.263 
-0.685 34.613 
-0.682 34.263 
-0.789 59.281 
-0.778 49.412 
-0.682 34.263 
-0.741 39.802 
-0.789 59.281 
-0.802 60.621 
-0.819 65.388 
-0.685 34.613 
-0.711 39.034 
-0.686 34.821 
-0.685 34.613 
-0.779 49.892 
-0.788 58.339 
-0.706 34.96 
-0.682 34.263 
-0.789 59.281 
-0.685 34.613 
-0.789 59.281 
-0.789 59.281 
-0.756 45.819 
-0.756 45.819 
-0.684 34.564 
-0.771 48.168 
-0.711 39.034 
-0.78 49.973 
-0.685 34.613 
-0.682 34.263 
-0.711 39.034 
-0.741 39.802 
-0.778 49.412 
-0.82 70.105 
-0.804 60.946 
-0.797 59.306 
-0.802 60.621 
-0.758 46.165 
-0.682 34.263 
-0.685 34.613 
-0.789 59.281 
-0.781 58.062 
