P=? [ F (x=9&y=9&crashed=0) ]	R{"cost"}=? [ C<=100 ]
0.626	19.749
0.909	58.036
0.909	58.036
0.626	19.749
0.709	23.317
0.882	48.014
0.906	57.321
0.9	53.461
0.709	23.317
0.885	51.526
0.733	27.239
0.832	37.134
0.716	24.046
0.764	29.266
0.741	28.588
0.811	34.479
0.808	31.77
0.716	24.046
0.733	27.239
0.834	39.438
0.856	42.992
0.787	30.158
0.859	45.067
0.857	43.2
0.799	30.543
0.855	41.46
0.787	30.158
0.775	30.09
0.814	34.713
0.823	34.929
0.906	57.321
0.825	35.147
0.738	28.454
0.895	52.255
0.9	53.461
0.737	27.847
0.736	27.548
0.712	23.331
0.869	45.839
0.741	28.588
0.828	35.536
0.831	36.466
0.83	36.339
0.889	52.031
0.871	46.54
0.843	40.11
0.849	40.458
0.862	45.476
0.875	46.551
0.836	39.806
0.802	30.901
0.805	31.372
0.86	45.102
0.764	29.266
0.806	31.733
0.715	23.652
0.767	29.657
0.829	35.68
0.77	29.729
0.866	45.609
0.8	30.819
0.84	39.888
0.851	40.679
0.843	40.11
0.878	46.92
0.773	30.04
0.896	52.34
0.898	52.823
0.88	47.39
0.885	51.526
0.888	51.795
0.811	34.479
0.834	39.438
0.852	40.811
0.908	57.817
0.814	34.713
0.849	40.458
0.855	41.46
0.853	41.043
0.866	45.609
0.772	29.772
0.799	30.543
0.878	46.92
0.853	41.043
0.899	53.096
0.881	47.659
0.908	57.817
0.84	39.888
0.823	34.929
0.87	46.189
0.87	46.189
0.857	43.2
0.765	29.452
0.897	52.683
0.766	29.474
0.879	47.253
0.804	31.177
0.715	23.652
0.808	31.77
0.875	46.551
