-0.618 31.306 
-0.756 55.937 
-0.618 31.306 
-0.756 55.937 
-0.742 51.272 
-0.713 41.607 
-0.644 34.685 
-0.685 37.886 
-0.731 49.371 
-0.716 45.029 
-0.672 37.785 
-0.64 32.133 
-0.69 39.317 
-0.739 49.549 
-0.699 41.434 
-0.728 47.126 
-0.741 50.299 
-0.655 34.716 
-0.727 45.668 
-0.662 34.953 
-0.629 31.385 
-0.668 36.81 
-0.728 47.126 
-0.636 31.497 
-0.666 35.609 
-0.692 40.348 
-0.629 31.385 
-0.723 45.196 
-0.655 34.716 
-0.717 45.081 
-0.698 41.262 
-0.691 39.53 
-0.685 37.886 
-0.64 32.133 
-0.695 40.438 
-0.665 35.303 
-0.731 49.371 
-0.713 41.607 
-0.67 37.294 
-0.666 35.609 
-0.697 40.79 
-0.716 45.029 
-0.67 37.294 
-0.638 31.766 
-0.636 31.497 
-0.664 35.234 
-0.672 37.785 
-0.638 31.766 
-0.669 37.077 
-0.725 45.497 
-0.696 40.688 
-0.664 35.234 
-0.724 45.422 
-0.669 37.077 
-0.691 39.53 
-0.639 31.974 
-0.699 41.434 
-0.725 45.497 
-0.639 31.974 
-0.723 45.196 
-0.717 45.081 
-0.697 40.79 
-0.696 40.688 
-0.695 40.438 
-0.692 40.348 
-0.724 45.422 
-0.756 55.937 
-0.618 31.306 
-0.691 39.53 
-0.629 31.385 
-0.655 34.716 
-0.685 37.886 
-0.731 49.371 
-0.64 32.133 
-0.713 41.607 
-0.666 35.609 
-0.716 45.029 
-0.636 31.497 
-0.672 37.785 
-0.638 31.766 
-0.664 35.234 
-0.699 41.434 
-0.639 31.974 
-0.723 45.196 
-0.717 45.081 
-0.697 40.79 
-0.696 40.688 
-0.695 40.438 
-0.692 40.348 
-0.724 45.422 
-0.618 31.306 
-0.756 55.937 
-0.655 34.716 
-0.64 32.133 
-0.629 31.385 
-0.731 49.371 
-0.713 41.607 
-0.666 35.609 
-0.716 45.029 
-0.672 37.785 
