-0.947 34.152 
-0.952 34.759 
-0.946 34.102 
-0.946 34.102 
-0.965 38.552 
-0.952 34.759 
-0.946 34.102 
-0.952 34.759 
-0.97 38.836 
-0.946 34.102 
-0.946 34.102 
-0.964 38.286 
-0.79 26.68 
-0.946 34.102 
-0.79 26.68 
-0.944 33.493 
-0.96 38.194 
-0.952 34.759 
-0.932 33.246 
-0.913 32.271 
-0.934 33.33 
-0.96 38.194 
-0.929 33.082 
-0.952 34.759 
-0.978 50.318 
-0.92 32.919 
-0.949 34.517 
-0.96 38.194 
-0.957 35.425 
-0.933 33.316 
-0.97 38.836 
-0.96 38.194 
-0.791 26.735 
-0.8 27.064 
-0.971 39.11 
-0.79 26.68 
-0.918 32.749 
-0.949 34.517 
-0.946 34.102 
-0.946 34.102 
-0.948 34.484 
-0.913 32.271 
-0.896 27.548 
-0.961 38.213 
-0.79 26.68 
-0.946 34.102 
-0.919 32.83 
-0.887 27.096 
-0.933 33.316 
-0.946 34.102 
-0.946 34.102 
-0.79 26.68 
-0.79 26.68 
-0.932 33.246 
-0.933 33.316 
-0.96 38.194 
-0.973 39.383 
-0.912 32.124 
-0.946 34.102 
-0.8 27.064 
-0.904 27.924 
-0.946 34.102 
-0.952 34.759 
-0.927 32.989 
-0.946 34.102 
-0.946 34.102 
-0.952 34.759 
-0.955 35.088 
-0.934 33.33 
-0.949 34.517 
-0.929 33.082 
-0.975 44.531 
-0.957 35.425 
-0.946 34.102 
-0.926 32.963 
-0.974 40.141 
-0.952 34.759 
-0.96 38.194 
-0.912 32.124 
-0.964 38.286 
