-0.978 50.318 
-0.789 26.584 
-0.789 26.584 
-0.83 26.628 
-0.976 50.041 
-0.975 40.423 
-0.887 27.084 
-0.912 32.124 
-0.908 28.736 
-0.957 35.407 
-0.96 38.194 
-0.896 27.548 
-0.936 33.076 
-0.932 32.995 
-0.926 32.172 
-0.944 33.488 
-0.928 32.254 
-0.974 40.141 
-0.952 34.143 
-0.906 28.357 
-0.901 27.852 
-0.973 39.383 
-0.971 39.102 
-0.89 27.213 
-0.97 38.822 
-0.965 38.34 
-0.887 27.084 
-0.967 38.748 
-0.953 34.742 
-0.957 35.407 
-0.89 27.213 
-0.946 34.102 
-0.945 33.538 
-0.905 27.95 
-0.947 34.136 
-0.912 32.124 
-0.955 35.067 
-0.961 38.213 
-0.902 27.913 
-0.954 35.04 
-0.953 34.742 
-0.975 40.423 
-0.973 39.383 
-0.96 38.194 
-0.927 32.19 
-0.967 38.748 
-0.955 35.067 
-0.904 27.924 
-0.963 38.267 
-0.963 38.267 
-0.964 38.286 
-0.945 33.538 
-0.926 32.172 
-0.946 34.102 
-0.954 35.04 
-0.964 38.286 
-0.904 27.924 
-0.952 34.143 
-0.947 34.136 
-0.887 27.084 
-0.973 39.383 
-0.96 38.194 
-0.953 34.742 
-0.912 32.124 
-0.963 38.267 
-0.945 33.538 
-0.947 34.136 
-0.946 34.102 
-0.954 35.04 
-0.964 38.286 
-0.904 27.924 
-0.912 32.124 
-0.973 39.383 
-0.96 38.194 
-0.947 34.136 
-0.946 34.102 
-0.912 32.124 
-0.96 38.194 
-0.946 34.102 
-0.947 34.136 
-0.946 34.102 
-0.946 34.102 
-0.946 34.102 
-0.946 34.102 
-0.946 34.102 
-0.96 38.194 
-0.96 38.194 
-0.945 33.538 
-0.967 38.748 
-0.946 34.102 
-0.89 27.213 
-0.947 34.136 
-0.946 34.102 
-0.946 34.102 
-0.975 40.423 
-0.947 34.136 
-0.975 40.423 
-0.887 27.084 
-0.912 32.124 
-0.904 27.924 
