-0.978 50.318 
-0.789 26.584 
-0.789 26.584 
-0.83 26.628 
-0.975 40.421 
-0.976 50.041 
-0.887 27.084 
-0.961 38.194 
-0.913 28.934 
-0.926 32.1 
-0.957 35.407 
-0.934 32.799 
-0.913 28.934 
-0.926 32.1 
-0.895 27.093 
-0.952 34.127 
-0.887 27.084 
-0.946 34.102 
-0.974 40.141 
-0.936 33.076 
-0.967 38.744 
-0.896 27.548 
-0.944 33.488 
-0.973 39.383 
-0.908 28.716 
-0.971 39.096 
-0.945 33.522 
-0.97 38.822 
-0.91 28.799 
-0.965 38.34 
-0.928 32.254 
-0.953 34.742 
-0.901 27.852 
-0.905 27.95 
-0.928 32.254 
-0.936 33.076 
-0.906 28.357 
-0.956 35.371 
-0.957 35.407 
-0.944 33.488 
-0.906 28.357 
-0.901 27.852 
-0.955 35.067 
-0.896 27.548 
-0.954 35.04 
-0.953 34.742 
-0.973 39.383 
-0.976 50.041 
-0.902 27.913 
-0.904 27.922 
-0.963 38.267 
-0.927 32.19 
-0.963 38.267 
-0.927 32.19 
-0.964 38.286 
-0.955 35.067 
-0.954 35.04 
-0.946 34.102 
-0.964 38.286 
-0.904 27.922 
-0.902 27.913 
-0.789 26.584 
-0.887 27.084 
-0.928 32.254 
-0.906 28.357 
-0.953 34.742 
-0.973 39.383 
-0.955 35.067 
-0.963 38.267 
-0.946 34.102 
-0.954 35.04 
-0.964 38.286 
-0.789 26.584 
-0.887 27.084 
-0.953 34.742 
-0.973 39.383 
-0.955 35.067 
-0.963 38.267 
-0.946 34.102 
-0.954 35.04 
-0.964 38.286 
-0.887 27.084 
-0.973 39.383 
-0.953 34.742 
-0.963 38.267 
-0.946 34.102 
-0.954 35.04 
-0.964 38.286 
-0.946 34.102 
-0.946 34.102 
-0.946 34.102 
-0.946 34.102 
-0.946 34.102 
-0.946 34.102 
-0.946 34.102 
-0.953 34.742 
-0.954 35.04 
-0.955 35.067 
-0.789 26.584 
-0.887 27.084 
