-0.978 50.318 
-0.789 26.584 
-0.789 26.584 
-0.976 50.041 
-0.975 40.417 
-0.886 27.012 
-0.83 26.628 
-0.83 26.628 
-0.913 28.924 
-0.961 38.194 
-0.926 32.1 
-0.957 35.407 
-0.926 32.1 
-0.895 27.093 
-0.896 27.529 
-0.911 28.536 
-0.946 34.102 
-0.974 40.141 
-0.928 32.253 
-0.936 33.076 
-0.967 38.744 
-0.952 34.127 
-0.887 27.084 
-0.944 33.488 
-0.906 28.357 
-0.973 39.383 
-0.971 39.096 
-0.954 34.471 
-0.934 32.797 
-0.933 32.701 
-0.955 35.067 
-0.945 33.522 
-0.901 27.852 
-0.905 27.95 
-0.936 33.076 
-0.97 38.819 
-0.956 35.371 
-0.933 32.701 
-0.957 35.407 
-0.944 33.488 
-0.965 38.34 
-0.954 34.471 
-0.901 27.852 
-0.955 35.067 
-0.973 39.383 
-0.927 32.17 
-0.976 50.041 
-0.975 40.417 
-0.902 27.913 
-0.965 38.34 
-0.906 28.357 
-0.904 27.922 
-0.952 34.127 
-0.963 38.267 
-0.97 38.819 
-0.963 38.267 
-0.964 38.286 
-0.945 33.522 
-0.946 34.102 
-0.964 38.286 
-0.904 27.922 
-0.902 27.913 
-0.887 27.084 
-0.789 26.584 
-0.926 32.1 
-0.887 27.084 
-0.936 33.076 
-0.957 35.407 
-0.944 33.488 
-0.906 28.357 
-0.955 35.067 
-0.973 39.383 
-0.976 50.041 
-0.952 34.127 
-0.963 38.267 
-0.946 34.102 
-0.964 38.286 
-0.904 27.922 
-0.902 27.913 
-0.789 26.584 
-0.887 27.084 
-0.936 33.076 
-0.957 35.407 
-0.944 33.488 
-0.906 28.357 
-0.973 39.383 
-0.976 50.041 
-0.963 38.267 
-0.955 35.067 
-0.946 34.102 
-0.964 38.286 
-0.904 27.922 
-0.789 26.584 
-0.887 27.084 
-0.906 28.357 
-0.973 39.383 
-0.955 35.067 
-0.963 38.267 
-0.946 34.102 
-0.964 38.286 
