-0.781 39.574 
-0.797 43.422 
-0.844 55.602 
-0.803 44.371 
-0.725 28.57 
-0.753 33.069 
-0.781 39.574 
-0.691 24.606 
-0.818 45.663 
-0.818 45.663 
-0.844 55.602 
-0.725 28.57 
-0.767 37.944 
-0.829 50.509 
-0.805 44.85 
-0.781 39.574 
-0.746 32.848 
-0.787 39.971 
-0.723 27.952 
-0.753 33.069 
-0.784 39.811 
-0.761 33.555 
-0.78 38.852 
-0.803 44.371 
-0.805 44.85 
-0.753 33.069 
-0.777 38.404 
-0.715 27.828 
-0.725 28.57 
-0.725 28.57 
-0.797 43.422 
-0.826 46.072 
-0.764 34.073 
-0.807 44.982 
-0.756 33.484 
-0.67 23.919 
-0.827 50.188 
-0.736 32.672 
-0.843 55.296 
-0.764 34.073 
-0.725 28.57 
-0.763 33.72 
-0.767 37.944 
-0.807 44.982 
-0.825 45.985 
-0.805 44.85 
-0.725 28.57 
-0.764 34.073 
-0.754 33.151 
-0.756 33.484 
-0.792 40.043 
-0.746 32.848 
-0.844 55.602 
-0.781 39.574 
-0.733 32.053 
-0.765 37.8 
-0.807 44.982 
-0.816 45.3 
-0.803 44.371 
-0.7 27.701 
