-0.9 73.481 
-0.721 24.598 
-0.9 73.481 
-0.721 24.598 
-0.891 68.818 
-0.89 58.031 
-0.726 28.528 
-0.88 52.461 
-0.873 48.581 
-0.868 46.862 
-0.76 29.695 
-0.849 41.249 
-0.882 53.155 
-0.795 30.978 
-0.89 58.031 
-0.863 42.628 
-0.777 29.954 
-0.899 73.304 
-0.891 68.818 
-0.815 35.216 
-0.843 37.516 
-0.813 31.91 
-0.758 29.275 
-0.739 28.955 
-0.8 31.12 
-0.745 29.24 
-0.783 30.562 
-0.808 31.126 
-0.839 36.827 
-0.829 36.485 
-0.882 53.155 
-0.899 73.304 
-0.826 35.806 
-0.856 41.522 
-0.82 35.73 
-0.86 42.099 
-0.843 37.516 
-0.74 29.116 
-0.849 41.249 
-0.863 42.628 
-0.869 47.034 
-0.726 28.528 
-0.841 37.098 
-0.745 29.24 
-0.818 35.269 
-0.811 31.461 
-0.871 47.901 
-0.78 30.226 
-0.777 29.954 
-0.871 47.901 
-0.858 41.911 
-0.839 36.827 
-0.856 41.522 
-0.78 30.226 
-0.872 48.368 
-0.858 41.911 
-0.739 28.955 
-0.783 30.562 
-0.812 31.832 
-0.82 35.73 
-0.782 30.49 
-0.829 36.485 
-0.811 31.461 
-0.827 36.136 
-0.818 35.269 
-0.758 29.275 
-0.782 30.49 
-0.872 48.368 
-0.828 36.303 
-0.828 36.303 
-0.827 36.136 
-0.812 31.832 
-0.721 24.598 
-0.882 53.155 
-0.89 58.031 
-0.891 68.818 
-0.899 73.304 
-0.849 41.249 
-0.726 28.528 
-0.745 29.24 
-0.777 29.954 
-0.871 47.901 
-0.839 36.827 
-0.78 30.226 
-0.82 35.73 
-0.872 48.368 
-0.827 36.136 
-0.812 31.832 
-0.891 68.818 
-0.839 36.827 
-0.745 29.24 
-0.777 29.954 
-0.82 35.73 
-0.812 31.832 
-0.82 35.73 
-0.812 31.832 
-0.872 48.368 
-0.82 35.73 
-0.839 36.827 
-0.726 28.528 
