-0.9 68.448 
-0.669 24.28 
-0.9 68.448 
-0.669 24.28 
-0.891 63.785 
-0.721 24.598 
-0.889 52.694 
-0.899 68.052 
-0.89 57.821 
-0.89 57.821 
-0.889 52.694 
-0.881 48.273 
-0.865 46.102 
-0.73 28.42 
-0.815 35.216 
-0.863 42.551 
-0.848 41.243 
-0.724 25.1 
-0.813 31.91 
-0.761 29.9 
-0.847 38.023 
-0.777 29.952 
-0.783 30.562 
-0.758 29.275 
-0.796 30.902 
-0.745 29.239 
-0.733 28.744 
-0.877 47.559 
-0.831 36.577 
-0.881 48.273 
-0.796 30.902 
-0.839 36.825 
-0.803 30.976 
-0.73 28.42 
-0.825 35.706 
-0.818 35.262 
-0.739 28.836 
-0.724 25.1 
-0.871 46.966 
-0.843 37.148 
-0.808 31.119 
-0.855 41.348 
-0.841 36.887 
-0.803 30.976 
-0.818 35.262 
-0.741 29.186 
-0.81 31.373 
-0.782 30.276 
-0.858 41.835 
-0.78 30.223 
-0.86 41.959 
-0.779 29.953 
-0.851 41.316 
-0.878 47.659 
-0.879 47.995 
-0.862 42.456 
-0.745 29.239 
-0.871 46.966 
-0.76 29.509 
-0.74 29.03 
-0.721 24.598 
-0.869 46.509 
-0.826 35.806 
-0.828 36.167 
-0.849 41.248 
-0.825 35.706 
-0.839 36.825 
-0.831 36.577 
-0.867 46.264 
-0.844 37.554 
-0.813 31.91 
-0.723 24.929 
-0.867 46.264 
-0.865 46.102 
-0.783 30.562 
-0.808 31.119 
-0.723 24.929 
-0.861 42.127 
-0.829 36.26 
-0.87 46.804 
-0.863 42.551 
-0.829 36.26 
-0.811 31.461 
-0.812 31.712 
-0.869 46.509 
-0.777 29.952 
-0.815 35.216 
-0.76 29.509 
-0.845 37.782 
-0.844 37.554 
-0.758 29.275 
-0.851 41.316 
-0.857 41.622 
-0.847 38.023 
-0.846 37.817 
-0.812 31.712 
-0.827 35.995 
-0.88 48.091 
-0.857 41.622 
-0.856 41.449 
