P=? [ F (x=9&y=9&crashed=0) ]	R{"cost"}=? [ C<=100 ]
0.671	20.653
0.888	56.189
0.671	20.653
0.888	56.189
0.824	36.319
0.886	55.787
0.88	51.367
0.868	49.964
0.864	46.036
0.693	24.104
0.726	25.836
0.86	44.899
0.745	26.028
0.807	34.388
0.848	41.628
0.675	20.952
0.798	31.429
0.833	39.271
0.693	24.104
0.675	20.952
0.755	28.783
0.86	44.899
0.772	30.143
0.848	41.628
0.879	50.982
0.753	26.942
0.784	30.169
0.81	34.539
0.798	31.429
0.761	28.97
0.871	50.71
0.807	34.388
0.79	30.19
0.722	25.739
0.833	39.271
0.864	46.036
0.765	29.538
0.88	51.367
0.886	55.787
0.721	25.134
0.712	24.237
0.7	24.175
0.816	34.815
0.699	24.128
0.838	40.156
0.862	45.268
0.868	49.964
0.843	40.295
0.706	24.213
0.784	30.169
0.706	24.213
0.77	29.872
0.763	29.207
0.822	35.732
0.823	36.108
0.846	40.928
0.835	39.797
0.834	39.313
0.745	26.028
0.82	35.636
0.715	24.594
0.797	31.168
0.719	24.913
0.674	20.95
0.672	20.655
0.718	24.83
0.845	40.852
0.887	56.133
0.716	24.63
0.862	45.268
0.749	26.404
0.87	50.358
0.764	29.452
0.818	35.063
0.792	30.393
0.847	41.41
0.752	26.904
0.796	30.961
0.816	34.815
0.771	30.029
0.75	26.442
0.87	50.358
0.749	26.404
0.792	30.393
0.755	28.783
0.844	40.512
0.77	29.872
0.819	35.393
0.794	30.715
0.794	30.715
0.838	40.156
0.713	24.3
0.836	39.863
0.871	50.71
0.751	26.645
0.818	35.063
0.819	35.393
0.836	39.863
0.713	24.3
0.847	41.41
