P=? [ F (x=9&y=9&crashed=0) ]	R{"cost"}=? [ C<=100 ]
0.673	20.924
0.859	52.086
0.859	52.086
0.673	20.924
0.676	21.14
0.852	51.502
0.706	24.398
0.706	24.398
0.845	46.652
0.741	28.344
0.835	45.041
0.827	41.471
0.803	36.735
0.776	32.229
0.805	39.449
0.737	25.783
0.806	39.829
0.818	39.837
0.754	28.893
0.718	24.473
0.827	41.471
0.82	40.308
0.835	45.041
0.764	30.463
0.852	51.502
0.826	40.795
0.783	33.717
0.721	24.76
0.845	46.652
0.79	35.09
0.836	45.472
0.772	31.857
0.729	24.938
0.783	33.717
0.798	36.449
0.741	28.344
0.767	31.207
0.842	46.001
0.788	34.791
0.796	35.857
0.737	25.783
0.754	28.893
0.805	39.449
0.842	46.001
0.836	45.472
0.721	24.76
0.786	34.289
0.826	40.795
0.786	34.289
0.788	34.791
0.793	35.545
0.8	36.481
0.793	35.545
0.844	46.216
0.767	31.207
0.775	32.142
0.77	31.556
0.769	31.306
0.733	25.407
0.718	24.473
0.76	29.851
0.73	24.984
0.733	25.407
0.675	20.932
0.731	25.178
0.758	29.446
0.763	30.116
0.803	36.735
0.796	35.857
0.785	33.973
0.758	29.446
0.756	29.141
0.77	31.556
0.736	25.698
0.775	32.142
0.801	36.563
0.735	25.65
0.755	29.134
0.819	40.074
0.819	40.074
0.731	25.178
0.759	29.626
0.735	25.65
0.759	29.626
0.729	24.938
0.756	29.141
0.801	36.563
0.795	35.702
0.784	33.868
0.762	30.016
0.761	29.867
0.844	46.216
0.843	46.07
0.794	35.653
0.785	33.973
0.784	33.868
0.763	30.116
0.762	30.016
0.769	31.306
0.843	46.07
