-0.786 75.589 
-0.622 31.83 
-0.786 75.589 
-0.622 31.83 
-0.654 35.126 
-0.757 56.606 
-0.779 70.154 
-0.779 70.154 
-0.772 65.176 
-0.772 65.176 
-0.728 45.878 
-0.765 60.729 
-0.654 35.126 
-0.659 36.595 
-0.677 37.048 
-0.732 48.922 
-0.718 44.768 
-0.714 41.731 
-0.763 59.448 
-0.666 36.742 
-0.748 54.114 
-0.743 51.43 
-0.703 40.588 
-0.693 40.448 
-0.686 37.914 
-0.75 55.473 
-0.692 40.227 
-0.763 59.448 
-0.765 60.729 
-0.704 40.812 
-0.666 36.742 
-0.71 40.999 
-0.721 45.454 
-0.686 37.914 
-0.677 37.048 
-0.748 54.114 
-0.692 40.227 
-0.743 51.43 
-0.683 37.426 
-0.735 49.676 
-0.728 45.878 
-0.659 36.595 
-0.74 50.476 
-0.75 55.473 
-0.714 41.731 
-0.684 37.47 
-0.732 48.922 
-0.718 44.768 
-0.749 54.615 
-0.764 60.265 
-0.74 50.476 
-0.735 49.676 
-0.712 41.277 
-0.749 54.615 
-0.742 50.955 
-0.764 60.265 
-0.721 45.454 
-0.683 37.426 
-0.742 50.955 
-0.741 50.577 
-0.72 45.23 
-0.719 44.921 
-0.734 49.394 
-0.734 49.394 
-0.733 49.123 
-0.713 41.503 
-0.713 41.503 
-0.711 41.051 
-0.72 45.23 
-0.733 49.123 
-0.719 44.921 
-0.703 40.588 
-0.693 40.448 
-0.741 50.577 
-0.711 41.051 
-0.622 31.83 
-0.786 75.589 
-0.779 70.154 
-0.654 35.126 
-0.765 60.729 
-0.666 36.742 
-0.677 37.048 
-0.748 54.114 
-0.692 40.227 
-0.743 51.43 
-0.728 45.878 
-0.659 36.595 
-0.75 55.473 
-0.714 41.731 
-0.732 48.922 
-0.718 44.768 
-0.74 50.476 
-0.735 49.676 
-0.749 54.615 
-0.721 45.454 
-0.683 37.426 
-0.742 50.955 
-0.734 49.394 
-0.713 41.503 
-0.72 45.23 
