-0.786 75.41 
-0.628 31.629 
-0.779 65.749 
-0.653 34.915 
-0.772 65.176 
-0.682 37.029 
-0.765 60.729 
-0.666 36.742 
-0.653 34.915 
-0.703 40.514 
-0.717 44.711 
-0.714 41.656 
-0.665 36.542 
-0.732 48.833 
-0.728 45.878 
-0.763 59.448 
-0.757 56.527 
-0.654 35.057 
-0.748 54.114 
-0.743 51.43 
-0.693 40.376 
-0.755 55.508 
-0.686 37.914 
-0.725 45.049 
-0.692 40.227 
-0.772 65.176 
-0.763 59.448 
-0.765 60.729 
-0.686 37.914 
-0.743 51.43 
-0.704 40.812 
-0.757 56.527 
-0.711 40.964 
-0.719 44.921 
-0.692 40.227 
-0.75 54.826 
-0.665 36.542 
-0.654 35.057 
-0.748 54.114 
-0.735 49.641 
-0.756 56.065 
-0.728 45.878 
-0.74 50.05 
-0.732 48.833 
-0.684 37.234 
-0.742 50.5 
-0.764 60.265 
-0.741 50.08 
-0.727 45.437 
-0.714 41.656 
-0.75 54.826 
-0.717 44.711 
-0.684 37.234 
-0.713 41.503 
-0.712 41.038 
-0.764 60.265 
-0.742 50.5 
-0.74 50.05 
-0.735 49.641 
-0.727 45.437 
-0.749 54.444 
-0.749 54.444 
-0.733 49.123 
-0.666 36.742 
-0.734 49.394 
-0.733 49.123 
-0.734 49.394 
-0.718 44.768 
-0.713 41.503 
-0.711 40.964 
-0.704 40.812 
-0.693 40.376 
-0.719 44.921 
-0.712 41.038 
-0.718 44.768 
-0.772 65.176 
-0.654 35.057 
-0.757 56.527 
-0.763 59.448 
-0.765 60.729 
-0.686 37.914 
-0.743 51.43 
-0.665 36.542 
-0.692 40.227 
-0.748 54.114 
-0.728 45.878 
-0.764 60.265 
-0.684 37.234 
-0.742 50.5 
-0.735 49.641 
-0.727 45.437 
-0.666 36.742 
-0.733 49.123 
-0.734 49.394 
-0.713 41.503 
-0.704 40.812 
-0.719 44.921 
-0.718 44.768 
-0.772 65.176 
-0.654 35.057 
