-0.853 46.328 
-0.654 23.728 
-0.853 46.328 
-0.654 23.728 
-0.694 25.794 
-0.722 29.671 
-0.772 35.012 
-0.665 24.62 
-0.808 39.5 
-0.719 26.291 
-0.769 31.791 
-0.805 36.477 
-0.84 44.854 
-0.836 41.905 
-0.848 45.553 
-0.743 29.702 
-0.713 25.947 
-0.664 23.839 
-0.817 39.868 
-0.785 35.271 
-0.665 24.62 
-0.805 36.477 
-0.785 35.271 
-0.757 31.005 
-0.817 39.868 
-0.841 44.985 
-0.792 35.306 
-0.826 41.036 
-0.769 31.791 
-0.801 35.753 
-0.763 31.193 
-0.765 31.287 
-0.808 39.5 
-0.841 44.985 
-0.796 35.586 
-0.831 41.152 
-0.822 40.406 
-0.822 40.406 
-0.835 41.768 
-0.832 41.236 
-0.772 35.012 
-0.748 30.127 
-0.836 41.905 
-0.84 44.854 
-0.801 35.753 
-0.8 35.627 
-0.748 30.127 
-0.75 30.245 
-0.793 35.427 
-0.765 31.287 
-0.744 29.757 
-0.744 29.757 
-0.719 26.291 
-0.835 41.768 
-0.832 41.236 
-0.763 31.193 
-0.823 40.488 
-0.825 40.746 
-0.754 30.678 
-0.752 30.402 
-0.716 26.152 
-0.713 25.947 
-0.754 30.678 
-0.722 29.671 
-0.795 35.528 
-0.715 26.11 
-0.752 30.402 
-0.825 40.746 
-0.824 40.589 
-0.715 26.11 
-0.755 30.829 
-0.716 26.152 
-0.756 30.958 
-0.755 30.829 
-0.831 41.152 
-0.826 41.036 
-0.751 30.356 
-0.795 35.528 
-0.824 40.589 
-0.756 30.958 
-0.751 30.356 
-0.8 35.627 
-0.792 35.306 
-0.743 29.702 
-0.853 46.328 
-0.665 24.62 
-0.841 44.985 
-0.785 35.271 
-0.769 31.791 
-0.808 39.5 
-0.822 40.406 
-0.772 35.012 
-0.836 41.905 
-0.801 35.753 
-0.765 31.287 
-0.744 29.757 
-0.719 26.291 
-0.835 41.768 
-0.832 41.236 
-0.713 25.947 
