-0.853 46.328 
-0.654 23.728 
-0.853 46.328 
-0.654 23.728 
-0.719 25.756 
-0.665 24.495 
-0.722 29.671 
-0.772 34.965 
-0.808 39.5 
-0.721 25.953 
-0.84 44.853 
-0.769 31.791 
-0.805 36.477 
-0.836 41.905 
-0.817 39.727 
-0.743 29.702 
-0.791 35.177 
-0.762 30.784 
-0.664 23.839 
-0.757 30.165 
-0.848 45.553 
-0.748 30.127 
-0.665 24.495 
-0.852 46.194 
-0.655 23.755 
-0.804 36.346 
-0.848 45.553 
-0.841 44.985 
-0.826 41.036 
-0.769 31.791 
-0.822 40.406 
-0.801 35.753 
-0.841 44.985 
-0.825 40.745 
-0.831 41.152 
-0.835 41.768 
-0.832 41.236 
-0.763 31.193 
-0.822 40.406 
-0.757 30.165 
-0.836 41.905 
-0.766 31.322 
-0.8 35.627 
-0.808 39.5 
-0.796 35.586 
-0.744 29.756 
-0.748 30.127 
-0.744 29.756 
-0.835 41.768 
-0.792 35.299 
-0.805 36.477 
-0.765 31.286 
-0.801 35.753 
-0.832 41.236 
-0.766 31.322 
-0.793 35.427 
-0.791 35.177 
-0.721 25.953 
-0.795 35.528 
-0.824 40.588 
-0.824 40.588 
-0.823 40.454 
-0.831 41.152 
-0.826 41.036 
-0.795 35.528 
-0.793 35.427 
-0.763 31.193 
-0.664 23.839 
-0.823 40.454 
-0.8 35.627 
-0.796 35.586 
-0.743 29.702 
-0.722 29.671 
-0.654 23.728 
-0.853 46.328 
-0.769 31.791 
-0.763 31.193 
-0.841 44.985 
-0.822 40.406 
-0.836 41.905 
-0.808 39.5 
-0.748 30.127 
-0.744 29.756 
-0.835 41.768 
-0.805 36.477 
-0.801 35.753 
-0.832 41.236 
-0.766 31.322 
-0.791 35.177 
-0.831 41.152 
-0.826 41.036 
-0.795 35.528 
-0.793 35.427 
-0.664 23.839 
-0.8 35.627 
-0.796 35.586 
-0.743 29.702 
-0.722 29.671 
-0.721 25.953 
-0.853 46.328 
