-0.66 23.358 
-0.853 46.317 
-0.665 24.495 
-0.719 25.756 
-0.741 29.542 
-0.724 26.369 
-0.771 33.945 
-0.839 44.724 
-0.836 41.905 
-0.808 39.154 
-0.805 36.477 
-0.774 34.336 
-0.769 31.778 
-0.792 34.964 
-0.741 29.542 
-0.724 26.369 
-0.756 30.068 
-0.744 29.756 
-0.848 45.419 
-0.822 40.367 
-0.719 25.756 
-0.665 24.495 
-0.842 45.264 
-0.774 34.336 
-0.804 36.346 
-0.801 35.488 
-0.809 39.288 
-0.816 39.56 
-0.664 23.838 
-0.831 41.006 
-0.852 46.193 
-0.825 40.745 
-0.762 30.784 
-0.762 30.784 
-0.793 35.093 
-0.817 39.688 
-0.799 35.322 
-0.792 34.964 
-0.757 30.165 
-0.817 39.688 
-0.769 31.778 
-0.757 30.165 
-0.835 41.758 
-0.832 41.186 
-0.848 45.419 
-0.852 46.193 
-0.661 23.71 
-0.766 31.322 
-0.832 41.186 
-0.836 41.905 
-0.835 41.758 
-0.764 31.032 
-0.808 39.154 
-0.805 36.477 
-0.804 36.346 
-0.801 35.488 
-0.723 26.302 
-0.721 25.953 
-0.823 40.435 
-0.839 44.724 
-0.841 44.948 
-0.756 30.068 
-0.744 29.756 
-0.766 31.322 
-0.816 39.56 
-0.809 39.288 
-0.831 41.006 
-0.825 40.745 
-0.765 31.286 
-0.764 31.032 
-0.799 35.322 
-0.793 35.093 
-0.721 25.953 
-0.743 29.684 
-0.723 26.302 
-0.824 40.588 
-0.842 45.264 
-0.824 40.588 
-0.663 23.804 
-0.743 29.684 
-0.841 44.948 
-0.84 44.815 
-0.8 35.358 
-0.72 25.857 
-0.72 25.857 
-0.663 23.804 
-0.661 23.71 
-0.84 44.815 
-0.765 31.286 
-0.8 35.358 
-0.741 29.542 
-0.724 26.369 
-0.719 25.756 
-0.665 24.495 
-0.762 30.784 
-0.792 34.964 
-0.817 39.688 
-0.769 31.778 
-0.848 45.419 
-0.832 41.186 
