-0.918 58.095 
-0.702 25.835 
-0.749 25.95 
-0.91 53.238 
-0.83 35.115 
-0.826 30.524 
-0.788 29.867 
-0.885 43.137 
-0.901 47.622 
-0.89 46.442 
-0.816 30.166 
-0.789 30.084 
-0.865 37.273 
-0.908 51.567 
-0.788 29.867 
-0.867 40.629 
-0.845 35.314 
-0.908 51.567 
-0.818 30.167 
-0.852 36.192 
-0.884 41.972 
-0.86 36.404 
-0.895 46.688 
-0.87 40.943 
-0.871 41.158 
-0.847 35.713 
-0.861 36.83 
-0.899 47.09 
-0.909 52.432 
-0.877 41.167 
-0.909 52.432 
-0.848 35.929 
-0.864 36.843 
-0.851 36.011 
-0.882 41.923 
-0.895 46.688 
-0.83 35.115 
-0.879 41.282 
-0.867 40.629 
-0.9 47.523 
-0.899 47.09 
-0.881 41.569 
-0.845 35.314 
-0.86 36.404 
-0.881 41.569 
-0.88 41.392 
-0.877 41.167 
-0.88 41.392 
-0.9 47.523 
-0.789 30.084 
-0.864 36.843 
-0.871 41.158 
-0.788 29.867 
-0.83 35.115 
-0.881 41.569 
-0.899 47.09 
-0.86 36.404 
-0.789 30.084 
-0.88 41.392 
-0.877 41.167 
-0.871 41.158 
-0.86 36.404 
-0.88 41.392 
-0.83 35.115 
-0.88 41.392 
-0.86 36.404 
-0.788 29.867 
-0.86 36.404 
-0.88 41.392 
-0.86 36.404 
-0.83 35.115 
-0.788 29.867 
-0.871 41.158 
-0.86 36.404 
-0.88 41.392 
-0.86 36.404 
-0.86 36.404 
-0.86 36.404 
-0.86 36.404 
-0.88 41.392 
-0.86 36.404 
-0.788 29.867 
-0.86 36.404 
-0.86 36.404 
-0.86 36.404 
-0.88 41.392 
-0.86 36.404 
-0.88 41.392 
-0.877 41.167 
-0.88 41.392 
-0.88 41.392 
-0.86 36.404 
-0.88 41.392 
-0.86 36.404 
-0.86 36.404 
-0.788 29.867 
-0.88 41.392 
-0.88 41.392 
-0.788 29.867 
-0.88 41.392 
