-0.918 58.095 
-0.702 25.835 
-0.749 25.904 
-0.788 29.866 
-0.826 30.523 
-0.829 35.104 
-0.91 53.238 
-0.885 43.137 
-0.789 30.084 
-0.908 51.567 
-0.901 47.622 
-0.816 30.166 
-0.867 40.629 
-0.888 45.994 
-0.865 37.273 
-0.845 35.314 
-0.83 35.115 
-0.91 53.238 
-0.909 52.268 
-0.908 51.567 
-0.884 41.967 
-0.895 46.684 
-0.878 41.119 
-0.859 36.236 
-0.871 41.026 
-0.82 30.52 
-0.852 36.192 
-0.901 47.622 
-0.89 46.442 
-0.864 36.838 
-0.861 36.83 
-0.897 46.918 
-0.87 40.943 
-0.818 30.167 
-0.86 36.399 
-0.851 36.011 
-0.882 41.923 
-0.847 35.713 
-0.865 37.273 
-0.899 47.09 
-0.846 35.483 
-0.848 35.929 
-0.867 40.629 
-0.881 41.472 
-0.9 47.523 
-0.889 46.133 
-0.826 30.523 
-0.89 46.442 
-0.816 30.166 
-0.845 35.314 
-0.83 35.115 
-0.899 47.09 
-0.879 41.282 
-0.82 30.52 
-0.889 46.133 
-0.88 41.392 
-0.879 41.282 
-0.9 47.523 
-0.848 35.929 
-0.789 30.084 
-0.881 41.472 
-0.88 41.392 
-0.882 41.923 
-0.852 36.192 
-0.908 51.567 
-0.901 47.622 
-0.89 46.442 
-0.867 40.629 
-0.845 35.314 
-0.83 35.115 
-0.899 47.09 
-0.9 47.523 
-0.789 30.084 
-0.88 41.392 
-0.882 41.923 
-0.852 36.192 
-0.908 51.567 
-0.83 35.115 
-0.867 40.629 
-0.899 47.09 
-0.845 35.314 
-0.88 41.392 
-0.83 35.115 
-0.899 47.09 
-0.88 41.392 
-0.88 41.392 
-0.83 35.115 
-0.88 41.392 
-0.88 41.392 
-0.83 35.115 
-0.88 41.392 
-0.88 41.392 
-0.88 41.392 
-0.88 41.392 
-0.88 41.392 
-0.83 35.115 
-0.89 46.442 
-0.845 35.314 
-0.89 46.442 
-0.88 41.392 
