-0.732 25.721 
-0.918 57.855 
-0.732 25.721 
-0.749 25.904 
-0.788 29.859 
-0.91 52.029 
-0.789 30.081 
-0.816 30.087 
-0.867 37.316 
-0.87 40.851 
-0.788 29.859 
-0.834 31.622 
-0.908 51.426 
-0.902 47.877 
-0.888 45.899 
-0.842 35.009 
-0.733 25.789 
-0.885 43.137 
-0.834 31.622 
-0.825 30.342 
-0.902 47.877 
-0.885 43.137 
-0.908 51.426 
-0.896 46.352 
-0.91 52.029 
-0.842 35.009 
-0.899 46.658 
-0.852 36.185 
-0.859 36.226 
-0.884 41.962 
-0.889 46.037 
-0.818 30.167 
-0.876 40.892 
-0.826 30.503 
-0.883 41.793 
-0.865 37.095 
-0.901 47.208 
-0.896 46.352 
-0.831 31.204 
-0.846 35.39 
-0.863 36.657 
-0.829 30.774 
-0.909 51.931 
-0.9 47.112 
-0.861 36.656 
-0.879 41.28 
-0.831 31.204 
-0.849 35.929 
-0.877 41.07 
-0.87 40.851 
-0.844 35.104 
-0.88 41.373 
-0.818 30.167 
-0.881 41.467 
-0.847 35.711 
-0.889 46.037 
-0.829 30.774 
-0.881 41.467 
-0.83 30.94 
-0.864 36.833 
-0.86 36.394 
-0.845 35.301 
-0.816 30.087 
-0.864 36.833 
-0.851 36.011 
-0.884 41.962 
-0.86 36.394 
-0.848 35.763 
-0.83 30.94 
-0.878 41.119 
-0.909 51.931 
-0.901 47.208 
-0.9 47.112 
-0.845 35.301 
-0.843 35.097 
-0.85 36.004 
-0.848 35.763 
-0.847 35.711 
-0.878 41.119 
-0.876 40.892 
-0.859 36.226 
-0.852 36.185 
-0.851 36.011 
-0.85 36.004 
-0.843 35.097 
-0.861 36.656 
-0.732 25.721 
-0.788 29.859 
-0.902 47.877 
-0.885 43.137 
-0.87 40.851 
-0.818 30.167 
-0.889 46.037 
-0.881 41.467 
-0.816 30.087 
-0.864 36.833 
-0.884 41.962 
-0.83 30.94 
-0.909 51.931 
-0.9 47.112 
