-0.847 36.156 
-0.864 41.114 
-0.88 42.536 
-0.847 36.156 
-0.702 25.84 
-0.826 35.305 
-0.843 35.529 
-0.784 30.439 
-0.9 47.667 
-0.813 34.959 
-0.879 41.521 
-0.899 47.235 
-0.802 32.482 
-0.86 36.404 
-0.845 35.877 
-0.802 32.482 
-0.865 41.287 
-0.909 53.281 
-0.847 36.156 
-0.795 30.765 
-0.9 47.667 
-0.891 47.124 
-0.899 47.235 
-0.9 47.667 
-0.802 32.482 
-0.882 42.617 
-0.847 36.156 
-0.847 36.156 
-0.9 47.667 
-0.836 35.445 
-0.9 47.667 
-0.879 41.521 
-0.9 47.667 
-0.891 47.124 
-0.909 53.281 
-0.899 47.235 
-0.9 47.667 
-0.879 41.521 
-0.781 30.327 
-0.847 36.156 
-0.884 43.028 
-0.883 42.84 
-0.845 35.877 
-0.825 35.095 
-0.901 47.762 
-0.805 32.524 
-0.847 36.156 
-0.784 30.439 
-0.888 47.056 
-0.788 30.672 
-0.908 53.059 
-0.71 26.078 
-0.9 47.667 
-0.847 36.156 
-0.802 32.482 
-0.848 36.365 
