-0.862 51.815 
-0.716 26.086 
-0.846 41.572 
-0.74 29.097 
-0.828 41.13 
-0.778 33.958 
-0.812 36.112 
-0.741 29.831 
-0.764 29.876 
-0.768 30.406 
-0.788 35.451 
-0.804 35.5 
-0.844 41.181 
-0.812 36.112 
-0.828 41.13 
-0.785 34.705 
-0.768 30.406 
-0.81 35.79 
-0.782 34.568 
-0.806 35.524 
-0.809 35.6 
-0.779 34.184 
-0.767 30.359 
-0.788 35.451 
-0.767 30.359 
-0.764 29.876 
-0.844 41.181 
-0.781 34.378 
-0.78 34.333 
-0.781 34.378 
-0.78 34.333 
-0.741 29.831 
-0.767 30.359 
-0.788 35.451 
-0.767 30.359 
-0.767 30.359 
-0.767 30.359 
-0.767 30.359 
-0.788 35.451 
-0.767 30.359 
-0.767 30.359 
-0.767 30.359 
-0.788 35.451 
-0.78 34.333 
-0.767 30.359 
-0.788 35.451 
-0.767 30.359 
-0.767 30.359 
-0.767 30.359 
-0.767 30.359 
-0.78 34.333 
-0.788 35.451 
-0.767 30.359 
-0.767 30.359 
-0.788 35.451 
-0.767 30.359 
-0.78 34.333 
-0.767 30.359 
-0.767 30.359 
-0.767 30.359 
-0.767 30.359 
-0.767 30.359 
-0.767 30.359 
-0.767 30.359 
-0.767 30.359 
-0.741 29.831 
-0.767 30.359 
-0.788 35.451 
-0.767 30.359 
-0.788 35.451 
-0.767 30.359 
-0.767 30.359 
-0.767 30.359 
-0.767 30.359 
-0.767 30.359 
-0.767 30.359 
-0.767 30.359 
-0.741 29.831 
-0.767 30.359 
-0.767 30.359 
-0.767 30.359 
-0.767 30.359 
-0.767 30.359 
-0.767 30.359 
-0.764 29.876 
-0.741 29.831 
-0.767 30.359 
-0.78 34.333 
-0.788 35.451 
-0.767 30.359 
-0.767 30.359 
-0.767 30.359 
-0.767 30.359 
-0.78 34.333 
-0.768 30.406 
-0.788 35.451 
-0.767 30.359 
-0.788 35.451 
-0.788 35.451 
-0.767 30.359 
