-0.649 23.354 
-0.889 56.978 
-0.887 52.297 
-0.736 28.326 
-0.791 33.599 
-0.829 36.542 
-0.831 40.29 
-0.869 46.797 
-0.669 24.535 
-0.87 50.407 
-0.788 30.06 
-0.692 24.66 
-0.853 45.132 
-0.852 42.402 
-0.722 25.668 
-0.752 28.482 
-0.814 35.263 
-0.768 28.856 
-0.736 28.326 
-0.755 28.761 
-0.722 25.668 
-0.842 40.393 
-0.823 35.811 
-0.777 29.128 
-0.862 45.643 
-0.703 24.843 
-0.832 40.291 
-0.866 46.575 
-0.651 23.437 
-0.694 24.705 
-0.854 45.481 
-0.846 41.766 
-0.871 50.706 
-0.709 25.302 
-0.876 50.997 
-0.798 33.668 
-0.717 25.375 
-0.769 28.936 
-0.663 23.908 
-0.845 40.807 
-0.663 23.908 
-0.881 51.663 
-0.658 23.651 
-0.669 24.535 
-0.878 51.118 
-0.826 36.085 
-0.803 34.048 
-0.886 52.162 
-0.808 34.215 
-0.863 45.994 
-0.863 45.994 
-0.824 35.825 
-0.851 42.131 
-0.812 34.727 
-0.886 52.162 
-0.881 51.663 
-0.88 51.307 
-0.788 30.06 
-0.704 25.028 
-0.752 28.482 
-0.659 23.656 
-0.848 41.856 
-0.828 36.337 
-0.78 29.229 
-0.787 29.866 
-0.786 29.807 
-0.783 29.371 
-0.755 28.761 
-0.848 41.856 
-0.72 25.59 
-0.72 25.59 
-0.717 25.375 
-0.791 33.599 
-0.8 33.719 
-0.81 34.467 
-0.844 40.608 
-0.813 35.064 
-0.785 29.615 
-0.707 25.179 
-0.87 50.407 
-0.806 34.205 
-0.806 34.205 
-0.851 42.131 
-0.781 29.361 
-0.802 33.924 
-0.708 25.225 
-0.659 23.656 
-0.81 34.467 
-0.785 29.615 
-0.869 46.797 
-0.844 40.608 
-0.658 23.651 
-0.802 33.924 
-0.811 34.671 
-0.845 40.807 
-0.813 35.064 
-0.769 28.936 
-0.8 33.719 
-0.88 51.307 
-0.693 24.691 
