-0.851 46.037 
-0.839 45.403 
-0.822 40.66 
-0.808 36.779 
-0.822 40.66 
-0.852 46.161 
-0.822 40.66 
-0.808 36.779 
-0.803 35.41 
-0.726 29.739 
-0.786 34.254 
-0.805 36.586 
-0.824 41.103 
-0.808 36.779 
-0.804 36.361 
-0.839 45.403 
-0.871 51.048 
-0.838 44.807 
-0.822 40.66 
-0.824 41.103 
-0.774 30.576 
-0.879 61.196 
-0.822 40.66 
-0.808 36.779 
-0.822 40.66 
-0.808 36.779 
-0.824 41.103 
-0.787 34.647 
-0.839 45.403 
-0.808 36.779 
-0.852 46.161 
-0.822 40.66 
-0.873 55.861 
-0.84 45.741 
-0.821 39.977 
-0.805 36.586 
-0.871 51.048 
-0.852 46.161 
-0.786 34.254 
-0.772 30.556 
-0.804 36.361 
-0.808 36.779 
-0.822 40.66 
-0.824 41.103 
-0.774 30.576 
-0.774 30.576 
-0.856 50.728 
-0.808 36.779 
-0.808 36.779 
-0.808 36.779 
-0.822 40.66 
-0.792 34.702 
-0.808 36.779 
-0.839 45.403 
-0.768 30.148 
-0.822 40.66 
-0.824 41.103 
-0.822 40.66 
-0.807 36.661 
-0.852 46.161 
-0.808 36.779 
