-0.821 51.772 
-0.737 35.875 
-0.732 32.666 
-0.821 51.772 
-0.732 32.666 
-0.821 51.772 
-0.713 32.063 
-0.732 32.666 
-0.732 32.666 
-0.732 32.666 
-0.782 36.694 
-0.732 32.666 
-0.732 32.666 
-0.732 32.666 
-0.732 32.666 
-0.732 32.666 
-0.732 32.666 
-0.732 32.666 
-0.696 30.813 
-0.732 32.666 
-0.732 32.666 
-0.732 32.666 
-0.821 51.772 
-0.696 30.813 
-0.732 32.666 
-0.732 32.666 
-0.713 32.063 
-0.782 36.694 
-0.82 51.318 
-0.736 35.472 
-0.732 32.666 
-0.732 32.666 
-0.732 32.666 
-0.732 32.666 
-0.732 32.666 
-0.732 32.666 
-0.732 32.666 
-0.828 56.977 
-0.804 41.226 
-0.732 32.666 
-0.713 32.063 
-0.732 32.666 
-0.732 32.666 
-0.747 35.876 
-0.732 32.666 
-0.732 32.666 
-0.819 46.812 
-0.737 35.875 
-0.732 32.666 
-0.782 36.694 
-0.827 51.802 
-0.732 32.666 
-0.811 45.915 
-0.713 32.063 
-0.732 32.666 
-0.732 32.666 
-0.747 35.876 
-0.732 32.666 
-0.821 51.772 
-0.821 51.772 
-0.732 32.666 
-0.696 30.813 
-0.678 30.356 
-0.818 46.396 
-0.713 32.063 
-0.736 35.472 
-0.732 32.666 
-0.732 32.666 
-0.812 46.135 
-0.778 36.013 
-0.821 51.772 
-0.713 32.063 
-0.732 32.666 
-0.732 32.666 
-0.732 32.666 
-0.732 32.666 
-0.732 32.666 
-0.663 27.445 
-0.732 32.666 
-0.732 32.666 
-0.73 32.513 
-0.732 32.666 
-0.736 35.472 
-0.732 32.666 
-0.732 32.666 
-0.828 56.977 
-0.713 32.063 
-0.696 30.813 
-0.713 32.063 
