-0.665 27.797 
-0.8 50.456 
-0.665 27.797 
-0.691 30.878 
-0.788 50.345 
-0.705 34.203 
-0.733 35.05 
-0.787 46.02 
-0.707 34.44 
-0.738 38.775 
-0.666 28.111 
-0.687 30.582 
-0.764 41.177 
-0.729 34.725 
-0.687 30.582 
-0.767 43.978 
-0.761 39.795 
-0.666 28.111 
-0.739 38.963 
-0.747 39.045 
-0.776 44.325 
-0.763 40.946 
-0.755 39.562 
-0.769 44.023 
-0.779 45.067 
-0.738 38.775 
-0.73 34.728 
-0.751 39.245 
-0.747 39.045 
-0.755 39.562 
-0.769 44.023 
-0.707 34.44 
-0.783 45.443 
-0.752 39.33 
-0.782 45.361 
-0.763 40.946 
-0.767 43.978 
-0.778 44.868 
-0.777 44.523 
-0.776 44.325 
-0.782 45.361 
-0.729 34.725 
-0.752 39.33 
-0.787 46.02 
-0.786 45.82 
-0.751 39.245 
-0.784 45.642 
-0.778 44.868 
-0.777 44.523 
-0.786 45.82 
-0.785 45.676 
-0.785 45.676 
-0.784 45.642 
-0.665 27.797 
-0.687 30.582 
-0.666 28.111 
-0.747 39.045 
-0.769 44.023 
-0.763 40.946 
-0.776 44.325 
-0.782 45.361 
-0.729 34.725 
-0.751 39.245 
-0.778 44.868 
-0.777 44.523 
-0.786 45.82 
-0.785 45.676 
-0.784 45.642 
-0.665 27.797 
-0.687 30.582 
-0.782 45.361 
-0.747 39.045 
-0.763 40.946 
-0.776 44.325 
-0.729 34.725 
-0.784 45.642 
-0.777 44.523 
-0.786 45.82 
-0.785 45.676 
-0.687 30.582 
-0.763 40.946 
-0.784 45.642 
-0.777 44.523 
-0.776 44.325 
-0.786 45.82 
-0.776 44.325 
-0.776 44.325 
-0.776 44.325 
-0.776 44.325 
-0.763 40.946 
-0.763 40.946 
-0.776 44.325 
-0.776 44.325 
-0.784 45.642 
-0.784 45.642 
-0.763 40.946 
-0.776 44.325 
-0.776 44.325 
-0.777 44.523 
-0.763 40.946 
