P=? [ F (x=9&y=9&crashed=0) ]	R{"cost"}=? [ C<=100 ]
-0.0	0.0
0.804	123.33
-0.0	0.0
0.804	123.33
0.555	24.489
0.555	24.489
0.803	103.077
0.78	83.006
0.802	93.847
0.779	73.379
0.803	103.077
0.77	63.768
0.795	88.643
0.772	69.038
0.762	59.481
0.802	93.847
0.726	49.213
0.61	27.394
0.762	59.481
0.754	55.427
0.725	45.245
0.786	87.827
0.78	83.006
0.578	25.628
0.778	69.508
0.77	63.768
0.714	44.351
0.739	50.048
0.779	73.379
0.74	53.488
0.636	30.687
0.651	33.622
0.616	28.117
0.636	30.687
0.688	39.975
0.711	41.487
0.616	28.117
0.668	34.445
0.61	27.394
0.684	38.784
0.787	88.472
0.754	55.427
0.701	40.171
0.578	25.628
0.683	37.193
0.747	54.506
0.733	49.365
0.741	54.228
0.576	25.378
0.646	31.115
0.786	87.827
0.718	44.829
0.567	25.095
0.649	32.87
0.747	54.506
0.684	38.784
0.566	25.046
0.647	31.777
0.795	88.643
0.711	41.487
0.679	36.63
0.651	33.622
0.56	24.909
0.642	30.955
0.733	49.365
0.669	34.635
0.649	32.87
0.674	36.116
0.672	35.231
0.718	44.829
0.71	40.779
0.668	34.445
0.647	31.777
0.614	27.831
0.74	53.488
0.642	30.955
0.705	40.313
0.739	50.048
0.701	40.171
0.688	39.975
0.772	69.038
0.614	27.831
0.676	36.448
0.708	40.54
0.557	24.72
0.681	36.842
0.675	36.186
0.778	69.508
0.705	40.313
0.56	24.909
0.725	45.245
0.671	35.047
0.577	25.618
0.708	40.54
0.681	36.842
0.683	37.193
0.557	24.72
0.672	35.231
0.671	35.047
0.576	25.378
