-0.925 54.055 
-0.705 24.543 
-0.925 54.055 
-0.76 28.83 
-0.711 24.873 
-0.898 47.713 
-0.914 52.97 
-0.897 43.075 
-0.865 41.298 
-0.909 48.512 
-0.771 31.678 
-0.769 29.99 
-0.858 37.558 
-0.791 31.793 
-0.848 36.488 
-0.815 35.442 
-0.833 36.3 
-0.905 48.016 
-0.821 36.038 
-0.923 53.663 
-0.81 33.988 
-0.812 34.278 
-0.808 32.693 
-0.819 35.744 
-0.914 52.97 
-0.874 41.755 
-0.868 41.68 
-0.799 32.009 
-0.858 37.558 
-0.891 42.087 
-0.877 42.038 
-0.828 36.161 
-0.806 32.534 
-0.799 32.009 
-0.884 42.073 
-0.923 53.663 
-0.884 42.073 
-0.794 31.957 
-0.833 36.3 
-0.909 48.512 
-0.828 36.161 
-0.812 34.278 
-0.876 41.892 
-0.806 32.534 
-0.906 48.348 
-0.908 48.351 
-0.793 31.945 
-0.81 33.988 
-0.866 41.584 
-0.855 37.089 
-0.896 42.71 
-0.85 36.614 
-0.852 36.919 
-0.791 31.793 
-0.771 31.678 
-0.856 37.33 
-0.808 32.693 
-0.857 37.358 
-0.892 42.261 
-0.851 36.779 
-0.895 42.695 
-0.894 42.532 
-0.894 42.532 
-0.893 42.375 
-0.851 36.779 
-0.849 36.61 
-0.854 37.051 
-0.853 36.931 
-0.893 42.375 
-0.892 42.261 
-0.807 32.588 
-0.866 41.584 
-0.807 32.588 
-0.854 37.051 
-0.877 42.038 
-0.857 37.358 
-0.856 37.33 
-0.895 42.695 
-0.896 42.71 
-0.891 42.087 
-0.853 36.931 
-0.849 36.61 
-0.906 48.348 
-0.858 37.558 
-0.828 36.161 
-0.877 42.038 
-0.791 31.793 
-0.892 42.261 
-0.856 37.33 
-0.853 36.931 
-0.853 36.931 
-0.853 36.931 
-0.853 36.931 
-0.892 42.261 
-0.791 31.793 
-0.853 36.931 
-0.892 42.261 
-0.853 36.931 
-0.853 36.931 
-0.853 36.931 
