-0.854 51.245 
-0.722 26.263 
-0.854 51.245 
-0.724 26.466 
-0.805 36.701 
-0.846 50.708 
-0.812 40.117 
-0.738 30.217 
-0.838 46.155 
-0.845 46.447 
-0.836 42.3 
-0.767 31.732 
-0.8 35.542 
-0.768 34.565 
-0.757 30.252 
-0.738 30.217 
-0.787 35.5 
-0.745 30.221 
-0.777 35.046 
-0.829 41.899 
-0.769 34.622 
-0.826 41.267 
-0.786 35.339 
-0.779 35.28 
-0.813 40.791 
-0.835 42.018 
-0.765 31.331 
-0.745 30.221 
-0.82 41.223 
-0.844 46.353 
-0.802 35.884 
-0.802 35.884 
-0.817 40.861 
-0.76 30.567 
-0.846 50.708 
-0.763 31.091 
-0.836 42.3 
-0.763 31.091 
-0.777 35.046 
-0.769 34.622 
-0.761 30.781 
-0.838 46.155 
-0.759 30.406 
-0.828 41.766 
-0.827 41.445 
-0.761 30.781 
-0.844 46.353 
-0.827 41.445 
-0.819 41.046 
-0.759 30.406 
-0.818 41.0 
-0.828 41.766 
-0.778 35.171 
-0.835 42.018 
-0.778 35.171 
-0.845 46.447 
-0.817 40.861 
-0.813 40.791 
-0.786 35.339 
-0.779 35.28 
-0.768 34.565 
-0.819 41.046 
-0.818 41.0 
-0.82 41.223 
-0.787 35.5 
-0.854 51.245 
-0.738 30.217 
-0.802 35.884 
-0.745 30.221 
-0.846 50.708 
-0.777 35.046 
-0.769 34.622 
-0.763 31.091 
-0.838 46.155 
-0.761 30.781 
-0.813 40.791 
-0.768 34.565 
-0.828 41.766 
-0.827 41.445 
-0.778 35.171 
-0.787 35.5 
-0.845 46.447 
-0.817 40.861 
-0.82 41.223 
-0.786 35.339 
-0.779 35.28 
-0.818 41.0 
-0.854 51.245 
-0.738 30.217 
-0.802 35.884 
-0.838 46.155 
-0.777 35.046 
-0.769 34.622 
-0.763 31.091 
-0.787 35.5 
-0.82 41.223 
-0.768 34.565 
-0.818 41.0 
-0.828 41.766 
-0.778 35.171 
