-0.906 67.133 
-0.906 67.133 
-0.79 30.238 
-0.796 34.418 
-0.851 44.928 
-0.824 36.118 
-0.833 39.303 
-0.905 66.993 
-0.897 61.364 
-0.87 50.235 
-0.89 56.928 
-0.888 56.038 
-0.896 61.225 
-0.882 51.863 
-0.865 46.167 
-0.792 30.436 
-0.808 34.475 
-0.848 41.455 
-0.881 51.83 
-0.861 44.933 
-0.873 51.201 
-0.89 56.928 
-0.888 56.038 
-0.905 66.993 
-0.897 61.364 
-0.808 34.475 
-0.816 34.845 
-0.87 50.235 
-0.896 61.225 
-0.882 51.863 
-0.865 46.167 
-0.838 40.121 
-0.843 40.327 
-0.873 51.201 
-0.834 39.34 
-0.792 30.436 
-0.796 34.418 
-0.847 41.365 
-0.844 40.415 
-0.848 41.455 
-0.822 35.851 
-0.82 35.549 
-0.836 39.847 
-0.836 39.847 
-0.846 40.882 
-0.819 35.377 
-0.818 34.963 
-0.863 45.646 
-0.862 45.274 
-0.816 34.845 
-0.864 45.989 
-0.863 45.646 
-0.862 45.274 
-0.845 40.754 
-0.821 35.64 
-0.843 40.327 
-0.838 40.121 
-0.837 40.028 
-0.864 45.989 
-0.819 35.377 
-0.791 30.275 
-0.823 35.995 
-0.846 40.882 
-0.845 40.754 
-0.823 35.995 
-0.837 40.028 
-0.821 35.64 
-0.818 34.963 
-0.817 34.879 
-0.791 30.275 
-0.817 34.879 
-0.861 44.933 
-0.906 67.133 
-0.791 30.275 
-0.888 56.038 
-0.905 66.993 
-0.897 61.364 
-0.87 50.235 
-0.896 61.225 
-0.865 46.167 
-0.792 30.436 
-0.796 34.418 
-0.848 41.455 
-0.836 39.847 
-0.816 34.845 
-0.862 45.274 
-0.843 40.327 
-0.819 35.377 
-0.846 40.882 
-0.845 40.754 
-0.823 35.995 
-0.821 35.64 
-0.818 34.963 
-0.817 34.879 
-0.861 44.933 
-0.906 67.133 
-0.791 30.275 
-0.823 35.995 
-0.888 56.038 
-0.87 50.235 
