-0.906 67.133 
-0.79 30.238 
-0.79 30.238 
-0.906 67.133 
-0.899 62.127 
-0.797 31.132 
-0.896 61.224 
-0.851 44.928 
-0.87 50.235 
-0.833 39.273 
-0.905 66.992 
-0.89 56.923 
-0.848 41.451 
-0.888 56.035 
-0.882 51.856 
-0.865 46.122 
-0.807 34.436 
-0.861 44.933 
-0.824 36.079 
-0.816 34.817 
-0.807 34.436 
-0.824 36.079 
-0.878 50.633 
-0.89 56.923 
-0.888 56.035 
-0.808 34.475 
-0.905 66.992 
-0.87 50.235 
-0.882 51.856 
-0.865 46.122 
-0.838 40.121 
-0.843 40.327 
-0.796 30.971 
-0.792 30.399 
-0.846 40.881 
-0.881 51.83 
-0.879 50.981 
-0.897 61.364 
-0.879 50.981 
-0.851 44.928 
-0.796 30.971 
-0.792 30.399 
-0.836 39.846 
-0.834 39.34 
-0.836 39.846 
-0.847 41.365 
-0.897 61.364 
-0.819 35.374 
-0.818 34.963 
-0.878 50.633 
-0.834 39.34 
-0.863 45.646 
-0.862 45.274 
-0.881 51.83 
-0.864 45.779 
-0.808 34.475 
-0.862 45.274 
-0.845 40.751 
-0.844 40.415 
-0.822 35.851 
-0.821 35.638 
-0.843 40.327 
-0.838 40.121 
-0.837 40.028 
-0.82 35.549 
-0.819 35.374 
-0.823 35.993 
-0.822 35.851 
-0.864 45.779 
-0.863 45.646 
-0.845 40.751 
-0.791 30.275 
-0.837 40.028 
-0.821 35.638 
-0.82 35.549 
-0.844 40.415 
-0.847 41.365 
-0.823 35.993 
-0.818 34.963 
-0.817 34.878 
-0.817 34.878 
-0.791 30.275 
-0.861 44.933 
-0.906 67.133 
-0.79 30.238 
-0.824 36.079 
-0.888 56.035 
-0.905 66.992 
-0.87 50.235 
-0.882 51.856 
-0.865 46.122 
-0.851 44.928 
-0.796 30.971 
-0.792 30.399 
-0.836 39.846 
-0.897 61.364 
-0.878 50.633 
-0.834 39.34 
-0.881 51.83 
-0.808 34.475 
