-0.79 30.234 
-0.906 67.132 
-0.79 30.234 
-0.906 67.132 
-0.824 36.078 
-0.833 39.27 
-0.87 50.203 
-0.905 66.992 
-0.899 62.127 
-0.89 56.923 
-0.888 56.035 
-0.896 61.224 
-0.882 51.856 
-0.865 46.121 
-0.848 41.451 
-0.86 44.901 
-0.86 44.901 
-0.848 41.451 
-0.807 34.432 
-0.798 31.209 
-0.798 31.209 
-0.807 34.432 
-0.89 56.923 
-0.888 56.035 
-0.808 34.475 
-0.871 50.558 
-0.816 34.816 
-0.878 50.632 
-0.899 62.127 
-0.882 51.856 
-0.843 40.297 
-0.905 66.992 
-0.896 61.224 
-0.865 46.121 
-0.838 40.115 
-0.898 61.721 
-0.792 30.396 
-0.847 41.115 
-0.845 40.72 
-0.796 30.962 
-0.795 30.856 
-0.88 51.48 
-0.879 50.977 
-0.835 39.797 
-0.834 39.311 
-0.794 30.699 
-0.863 45.646 
-0.862 45.243 
-0.819 35.354 
-0.818 34.963 
-0.897 61.363 
-0.881 51.509 
-0.879 50.977 
-0.864 45.779 
-0.816 34.816 
-0.808 34.475 
-0.862 45.243 
-0.861 44.903 
-0.844 40.385 
-0.794 30.699 
-0.846 40.881 
-0.822 35.845 
-0.821 35.633 
-0.837 40.027 
-0.836 39.825 
-0.82 35.549 
-0.819 35.354 
-0.838 40.115 
-0.846 40.881 
-0.797 31.123 
-0.823 35.992 
-0.822 35.845 
-0.897 61.363 
-0.864 45.779 
-0.863 45.646 
-0.791 30.275 
-0.818 34.963 
-0.817 34.85 
-0.844 40.385 
-0.837 40.027 
-0.823 35.992 
-0.797 31.123 
-0.821 35.633 
-0.82 35.549 
-0.878 50.632 
-0.871 50.558 
-0.834 39.311 
-0.791 30.275 
-0.817 34.85 
-0.881 51.509 
-0.88 51.48 
-0.836 39.825 
-0.835 39.797 
-0.861 44.903 
-0.906 67.132 
-0.79 30.234 
-0.86 44.901 
-0.848 41.451 
-0.807 34.432 
-0.89 56.923 
