-0.649 23.313 
-0.828 55.286 
-0.703 26.631 
-0.66 25.159 
-0.81 50.584 
-0.798 48.488 
-0.786 42.722 
-0.765 37.121 
-0.755 33.516 
-0.796 43.438 
-0.711 27.177 
-0.78 39.083 
-0.725 28.607 
-0.814 54.549 
-0.659 24.844 
-0.744 32.535 
-0.73 29.313 
-0.805 48.562 
-0.744 32.535 
-0.73 29.313 
-0.827 55.108 
-0.816 54.978 
-0.708 26.881 
-0.66 25.159 
-0.78 39.083 
-0.773 38.717 
-0.792 43.083 
-0.814 54.549 
-0.774 38.787 
-0.793 43.164 
-0.772 37.842 
-0.805 48.562 
-0.745 32.705 
-0.766 37.213 
-0.768 37.356 
-0.748 33.046 
-0.754 33.44 
-0.753 33.173 
-0.77 37.543 
-0.796 43.438 
-0.728 28.971 
-0.751 33.065 
-0.769 37.443 
-0.792 43.083 
-0.747 32.867 
-0.726 28.932 
-0.816 54.978 
-0.774 38.787 
-0.752 33.14 
-0.798 48.488 
-0.729 29.22 
-0.771 37.742 
-0.747 32.867 
-0.772 37.842 
-0.771 37.742 
-0.729 29.22 
-0.727 28.947 
-0.751 33.065 
-0.748 33.046 
-0.727 28.947 
-0.726 28.932 
-0.73 29.313 
-0.771 37.742 
-0.726 28.932 
-0.771 37.742 
-0.726 28.932 
-0.744 32.535 
-0.771 37.742 
-0.798 48.488 
-0.726 28.932 
-0.726 28.932 
-0.73 29.313 
-0.792 43.083 
-0.73 29.313 
-0.771 37.742 
-0.73 29.313 
-0.726 28.932 
-0.771 37.742 
-0.73 29.313 
-0.798 48.488 
-0.73 29.313 
-0.816 54.978 
-0.73 29.313 
-0.744 32.535 
-0.73 29.313 
-0.73 29.313 
-0.771 37.742 
-0.792 43.083 
-0.73 29.313 
-0.774 38.787 
-0.792 43.083 
-0.751 33.065 
-0.798 48.488 
-0.792 43.083 
-0.73 29.313 
-0.73 29.313 
-0.751 33.065 
-0.73 29.313 
-0.73 29.313 
-0.792 43.083 
