-0.729 29.22 
-0.814 54.549 
-0.73 29.313 
-0.796 43.481 
-0.773 38.717 
-0.726 28.932 
-0.771 37.742 
-0.792 43.083 
-0.73 29.313 
-0.796 43.481 
-0.798 48.488 
-0.771 37.742 
-0.744 32.535 
-0.726 28.932 
-0.771 37.742 
-0.796 43.481 
-0.774 38.787 
-0.726 28.932 
-0.744 32.535 
-0.771 37.742 
-0.772 37.842 
-0.796 43.481 
-0.798 48.488 
-0.766 37.215 
-0.77 37.588 
-0.726 28.932 
-0.726 28.932 
-0.793 43.164 
-0.73 29.313 
-0.792 43.083 
-0.73 29.313 
-0.771 37.742 
-0.73 29.313 
-0.726 28.932 
-0.711 27.177 
-0.769 37.456 
-0.766 37.215 
-0.771 37.742 
-0.747 32.867 
-0.73 29.313 
-0.798 48.488 
-0.805 48.562 
-0.73 29.313 
-0.751 33.065 
-0.77 37.588 
-0.816 54.978 
-0.796 43.481 
-0.816 54.978 
-0.649 23.313 
-0.772 37.842 
-0.73 29.313 
-0.744 32.535 
-0.73 29.313 
-0.73 29.313 
-0.796 43.481 
-0.766 37.215 
-0.771 37.742 
-0.748 33.046 
-0.792 43.083 
-0.73 29.313 
-0.754 33.442 
-0.81 54.143 
-0.769 37.456 
-0.774 38.787 
-0.727 28.947 
-0.728 28.971 
-0.744 32.535 
-0.792 43.083 
-0.827 55.108 
-0.751 33.065 
-0.755 33.516 
-0.814 54.549 
-0.798 48.488 
-0.745 32.705 
-0.792 43.083 
-0.748 33.046 
-0.725 28.607 
-0.768 37.381 
-0.705 26.969 
-0.78 39.083 
-0.786 42.722 
-0.66 25.159 
-0.703 26.631 
-0.73 29.313 
-0.73 29.313 
-0.751 33.065 
