-0.643 23.395 
-0.863 52.553 
-0.643 23.395 
-0.676 27.008 
-0.733 29.951 
-0.702 27.593 
-0.855 47.37 
-0.757 30.614 
-0.845 42.08 
-0.859 52.105 
-0.854 46.788 
-0.815 36.266 
-0.82 40.047 
-0.736 30.153 
-0.759 33.697 
-0.797 35.022 
-0.764 34.299 
-0.807 35.475 
-0.781 34.343 
-0.837 41.878 
-0.854 46.788 
-0.808 36.201 
-0.693 27.144 
-0.845 42.08 
-0.834 41.607 
-0.825 40.278 
-0.79 34.979 
-0.684 27.034 
-0.684 27.034 
-0.7 27.278 
-0.828 40.917 
-0.786 34.414 
-0.82 40.047 
-0.859 52.105 
-0.694 27.178 
-0.831 41.348 
-0.828 40.917 
-0.762 34.187 
-0.815 36.266 
-0.757 30.614 
-0.86 52.433 
-0.781 34.343 
-0.831 41.348 
-0.825 40.278 
-0.701 27.317 
-0.761 33.957 
-0.76 33.898 
-0.789 34.783 
-0.787 34.57 
-0.789 34.783 
-0.787 34.57 
-0.86 52.433 
-0.694 27.178 
-0.808 36.201 
-0.643 23.395 
-0.684 27.034 
-0.82 40.047 
-0.859 52.105 
-0.828 40.917 
-0.815 36.266 
-0.757 30.614 
-0.787 34.57 
-0.808 36.201 
-0.643 23.395 
-0.828 40.917 
-0.82 40.047 
-0.859 52.105 
-0.757 30.614 
-0.787 34.57 
-0.643 23.395 
-0.859 52.105 
-0.828 40.917 
-0.757 30.614 
-0.82 40.047 
-0.787 34.57 
-0.643 23.395 
-0.643 23.395 
-0.787 34.57 
-0.82 40.047 
-0.82 40.047 
-0.82 40.047 
-0.82 40.047 
-0.82 40.047 
-0.82 40.047 
-0.82 40.047 
-0.82 40.047 
-0.82 40.047 
-0.828 40.917 
-0.82 40.047 
-0.787 34.57 
-0.859 52.105 
-0.82 40.047 
-0.82 40.047 
-0.82 40.047 
-0.757 30.614 
-0.828 40.917 
-0.82 40.047 
-0.82 40.047 
-0.82 40.047 
-0.82 40.047 
