-0.863 52.552 
-0.643 23.334 
-0.73 29.603 
-0.702 27.593 
-0.757 30.607 
-0.859 47.284 
-0.86 52.433 
-0.85 46.653 
-0.676 27.008 
-0.815 36.266 
-0.82 40.033 
-0.676 27.008 
-0.846 42.46 
-0.736 30.153 
-0.759 33.697 
-0.764 34.299 
-0.781 34.343 
-0.841 41.654 
-0.8 35.412 
-0.829 40.708 
-0.797 34.983 
-0.807 35.475 
-0.808 36.201 
-0.831 41.287 
-0.733 29.951 
-0.79 34.959 
-0.834 41.607 
-0.693 27.143 
-0.684 27.032 
-0.684 27.032 
-0.825 40.278 
-0.858 46.897 
-0.846 42.46 
-0.845 42.08 
-0.82 40.033 
-0.786 34.414 
-0.7 27.278 
-0.694 27.178 
-0.825 40.278 
-0.762 34.094 
-0.815 36.266 
-0.757 30.607 
-0.781 34.343 
-0.854 46.788 
-0.854 46.788 
-0.845 42.08 
-0.76 33.897 
-0.789 34.783 
-0.787 34.43 
-0.759 33.697 
-0.834 41.607 
-0.789 34.783 
-0.701 27.317 
-0.764 34.299 
-0.787 34.43 
-0.761 33.957 
-0.86 52.433 
-0.693 27.143 
-0.858 46.897 
-0.7 27.278 
-0.694 27.178 
-0.808 36.201 
-0.807 35.475 
-0.761 33.957 
-0.701 27.317 
-0.676 27.008 
-0.854 46.788 
-0.815 36.266 
-0.781 34.343 
-0.834 41.607 
-0.825 40.278 
-0.807 35.475 
-0.759 33.697 
-0.789 34.783 
-0.845 42.08 
-0.764 34.299 
-0.86 52.433 
-0.694 27.178 
-0.808 36.201 
-0.761 33.957 
-0.845 42.08 
-0.815 36.266 
-0.781 34.343 
-0.825 40.278 
-0.789 34.783 
-0.694 27.178 
-0.808 36.201 
-0.815 36.266 
-0.789 34.783 
-0.846 42.46 
-0.807 35.475 
-0.846 42.46 
-0.757 30.607 
-0.7 27.278 
-0.781 34.343 
-0.781 34.343 
-0.815 36.266 
-0.7 27.278 
-0.834 41.607 
-0.815 36.266 
