-0.764 34.305 
-0.791 35.413 
-0.796 35.699 
-0.822 45.786 
-0.83 46.184 
-0.821 45.242 
-0.796 35.699 
-0.796 35.699 
-0.787 34.57 
-0.792 35.542 
-0.643 23.395 
-0.796 35.699 
-0.796 35.699 
-0.821 45.242 
-0.82 40.047 
-0.702 27.595 
-0.728 32.991 
-0.821 45.242 
-0.737 33.872 
-0.831 46.234 
-0.797 35.7 
-0.796 35.699 
-0.722 30.546 
-0.692 27.481 
-0.854 47.513 
-0.737 33.872 
-0.724 30.974 
-0.733 33.339 
-0.796 35.699 
-0.796 35.699 
-0.706 30.359 
-0.643 23.395 
-0.643 23.395 
-0.863 57.303 
-0.728 32.991 
-0.83 46.184 
-0.787 34.57 
-0.851 46.933 
-0.796 35.699 
-0.797 35.7 
-0.859 52.105 
-0.805 36.447 
