-0.691 27.56 
-0.872 54.534 
-0.872 54.534 
-0.691 27.56 
-0.702 31.321 
-0.833 48.363 
-0.853 53.399 
-0.85 48.517 
-0.738 31.449 
-0.83 43.135 
-0.792 41.598 
-0.826 42.207 
-0.791 38.464 
-0.744 32.126 
-0.745 35.401 
-0.768 37.143 
-0.809 42.06 
-0.806 41.632 
-0.784 37.421 
-0.702 31.321 
-0.756 35.718 
-0.763 35.884 
-0.853 53.399 
-0.746 35.44 
-0.79 37.889 
-0.83 43.135 
-0.787 37.598 
-0.756 35.718 
-0.765 36.456 
-0.765 36.456 
-0.742 31.761 
-0.808 41.843 
-0.784 37.421 
-0.768 37.143 
-0.742 31.761 
-0.85 48.517 
-0.833 48.363 
-0.744 32.126 
-0.763 35.884 
-0.746 35.44 
-0.745 35.401 
-0.792 41.598 
-0.691 27.56 
-0.853 53.399 
-0.765 36.456 
-0.784 37.421 
-0.768 37.143 
-0.742 31.761 
-0.833 48.363 
-0.744 32.126 
-0.763 35.884 
-0.83 43.135 
-0.746 35.44 
-0.745 35.401 
-0.691 27.56 
-0.691 27.56 
-0.691 27.56 
-0.746 35.44 
-0.691 27.56 
-0.691 27.56 
-0.746 35.44 
-0.765 36.456 
-0.742 31.761 
-0.742 31.761 
-0.833 48.363 
-0.742 31.761 
-0.746 35.44 
-0.765 36.456 
-0.746 35.44 
-0.691 27.56 
-0.691 27.56 
-0.742 31.761 
-0.746 35.44 
-0.691 27.56 
-0.746 35.44 
-0.742 31.761 
-0.746 35.44 
-0.746 35.44 
-0.746 35.44 
-0.746 35.44 
-0.691 27.56 
-0.691 27.56 
-0.691 27.56 
-0.833 48.363 
-0.742 31.761 
-0.746 35.44 
-0.833 48.363 
-0.763 35.884 
-0.691 27.56 
-0.768 37.143 
-0.744 32.126 
-0.691 27.56 
-0.745 35.401 
-0.765 36.456 
-0.746 35.44 
-0.746 35.44 
-0.784 37.421 
-0.833 48.363 
-0.742 31.761 
-0.763 35.884 
