-0.829 48.801 
-0.852 58.687 
-0.814 47.984 
-0.807 43.588 
-0.864 59.145 
-0.765 36.456 
-0.78 41.559 
-0.814 47.984 
-0.8 43.389 
-0.783 41.931 
-0.844 53.319 
-0.779 41.481 
-0.81 43.807 
-0.8 43.389 
-0.691 27.56 
-0.783 41.931 
-0.836 49.0 
-0.85 58.159 
-0.781 41.91 
-0.852 58.687 
-0.815 48.162 
-0.819 48.243 
-0.796 41.992 
-0.844 53.319 
-0.814 47.984 
-0.691 27.56 
-0.807 43.588 
-0.814 47.984 
-0.81 43.807 
-0.852 58.687 
-0.78 41.559 
-0.845 54.452 
-0.829 48.801 
-0.742 31.761 
-0.691 27.56 
-0.807 43.588 
-0.822 48.324 
-0.8 43.389 
-0.691 27.56 
-0.746 35.44 
-0.796 41.992 
-0.776 41.019 
