-0.864 59.145 
-0.765 36.456 
-0.691 27.56 
-0.85 58.159 
-0.691 27.56 
-0.845 54.452 
-0.742 31.761 
-0.691 27.56 
-0.691 27.56 
-0.746 35.44 
-0.864 59.145 
-0.813 42.858 
-0.837 49.179 
-0.845 54.452 
-0.864 59.145 
-0.746 35.44 
-0.836 48.769 
-0.862 58.624 
-0.691 27.56 
-0.784 37.422 
-0.691 27.56 
-0.813 42.858 
-0.835 48.735 
-0.746 35.44 
-0.765 36.456 
-0.742 31.761 
-0.768 37.143 
-0.814 43.128 
-0.815 47.751 
-0.787 37.634 
-0.847 57.768 
-0.813 42.858 
-0.813 42.858 
-0.844 53.317 
-0.808 41.843 
-0.833 48.363 
-0.826 48.031 
-0.742 31.761 
-0.863 58.931 
-0.836 48.769 
-0.813 42.858 
