-0.79 36.043 
-0.807 36.569 
-0.824 41.243 
-0.846 47.14 
-0.833 41.674 
-0.736 27.439 
-0.715 26.538 
-0.803 36.391 
-0.842 41.931 
-0.833 41.674 
-0.737 29.773 
-0.714 25.855 
-0.756 30.349 
-0.727 27.19 
-0.807 36.569 
-0.852 47.451 
-0.833 41.674 
-0.788 35.688 
-0.842 41.931 
-0.756 30.349 
-0.834 41.887 
-0.846 47.14 
-0.807 36.569 
-0.846 47.14 
-0.821 36.678 
-0.852 47.451 
-0.757 30.422 
-0.844 42.957 
-0.833 41.674 
-0.737 29.773 
-0.75 30.152 
-0.737 29.773 
-0.833 41.674 
-0.792 36.065 
-0.87 52.39 
-0.833 41.674 
-0.736 27.439 
-0.787 31.401 
-0.846 47.14 
-0.833 41.674 
