-0.956 59.779 
-0.79 27.294 
-0.956 59.779 
-0.79 27.294 
-0.955 54.609 
-0.791 27.756 
-0.849 30.968 
-0.945 44.868 
-0.926 39.145 
-0.849 30.968 
-0.93 43.47 
-0.887 32.362 
-0.892 36.527 
-0.863 31.247 
-0.791 27.756 
-0.864 31.595 
-0.878 31.632 
-0.884 31.965 
-0.937 44.561 
-0.945 44.868 
-0.897 37.04 
-0.919 39.045 
-0.903 37.344 
-0.944 44.709 
-0.887 32.362 
-0.93 43.47 
-0.878 31.632 
-0.905 37.709 
-0.892 36.527 
-0.911 37.801 
-0.916 38.455 
-0.934 44.002 
-0.895 36.955 
-0.907 37.721 
-0.934 44.002 
-0.935 44.047 
-0.917 38.958 
-0.903 37.344 
-0.914 38.211 
-0.914 38.211 
-0.893 36.529 
-0.912 37.933 
-0.895 36.955 
-0.912 37.933 
-0.907 37.721 
-0.916 38.455 
-0.935 44.047 
-0.893 36.529 
-0.944 44.709 
-0.911 37.801 
-0.918 38.973 
-0.864 31.595 
-0.918 38.973 
-0.917 38.958 
-0.956 59.779 
-0.79 27.294 
-0.849 30.968 
-0.791 27.756 
-0.878 31.632 
-0.887 32.362 
-0.93 43.47 
-0.895 36.955 
-0.934 44.002 
-0.912 37.933 
-0.907 37.721 
-0.916 38.455 
-0.935 44.047 
-0.903 37.344 
-0.893 36.529 
-0.944 44.709 
-0.911 37.801 
-0.864 31.595 
-0.917 38.958 
-0.79 27.294 
-0.956 59.779 
-0.849 30.968 
-0.791 27.756 
-0.887 32.362 
-0.93 43.47 
-0.903 37.344 
-0.895 36.955 
-0.934 44.002 
-0.912 37.933 
-0.916 38.455 
-0.893 36.529 
-0.944 44.709 
-0.935 44.047 
-0.864 31.595 
-0.917 38.958 
-0.79 27.294 
-0.956 59.779 
-0.849 30.968 
-0.791 27.756 
-0.887 32.362 
-0.93 43.47 
-0.895 36.955 
-0.934 44.002 
-0.916 38.455 
-0.912 37.933 
-0.893 36.529 
