-0.956 59.779 
-0.837 26.45 
-0.837 26.45 
-0.956 59.779 
-0.955 54.609 
-0.945 44.868 
-0.849 30.968 
-0.955 54.609 
-0.926 39.145 
-0.93 43.47 
-0.891 32.793 
-0.864 31.595 
-0.863 31.247 
-0.878 31.632 
-0.892 36.527 
-0.849 30.968 
-0.945 44.868 
-0.899 37.02 
-0.937 44.561 
-0.944 44.709 
-0.884 31.965 
-0.919 39.045 
-0.878 31.632 
-0.93 43.47 
-0.895 36.955 
-0.887 32.362 
-0.903 37.344 
-0.887 32.362 
-0.911 37.801 
-0.926 39.145 
-0.884 31.965 
-0.934 44.002 
-0.907 37.72 
-0.916 38.455 
-0.905 37.708 
-0.903 37.344 
-0.914 38.211 
-0.934 44.002 
-0.914 38.211 
-0.935 44.047 
-0.917 38.958 
-0.891 32.793 
-0.937 44.561 
-0.893 36.529 
-0.912 37.933 
-0.907 37.72 
-0.895 36.955 
-0.935 44.047 
-0.905 37.708 
-0.893 36.529 
-0.863 31.247 
-0.912 37.933 
-0.916 38.455 
-0.944 44.709 
-0.919 39.045 
-0.911 37.801 
-0.918 38.973 
-0.864 31.595 
-0.918 38.973 
-0.917 38.958 
-0.892 36.527 
-0.956 59.779 
-0.955 54.609 
-0.849 30.968 
-0.945 44.868 
-0.878 31.632 
-0.93 43.47 
-0.887 32.362 
-0.926 39.145 
-0.884 31.965 
-0.903 37.344 
-0.934 44.002 
-0.914 38.211 
-0.937 44.561 
-0.895 36.955 
-0.935 44.047 
-0.905 37.708 
-0.893 36.529 
-0.912 37.933 
-0.916 38.455 
-0.944 44.709 
-0.919 39.045 
-0.911 37.801 
-0.864 31.595 
-0.918 38.973 
-0.917 38.958 
-0.892 36.527 
-0.956 59.779 
-0.955 54.609 
-0.849 30.968 
-0.945 44.868 
-0.887 32.362 
-0.878 31.632 
-0.93 43.47 
-0.892 36.527 
-0.926 39.145 
-0.884 31.965 
-0.903 37.344 
-0.934 44.002 
-0.914 38.211 
