-0.946 59.364 
-0.79 27.295 
-0.946 59.364 
-0.79 27.295 
-0.936 54.043 
-0.813 31.154 
-0.867 32.039 
-0.826 31.42 
-0.912 38.288 
-0.929 43.832 
-0.934 48.727 
-0.876 36.367 
-0.932 48.566 
-0.92 43.18 
-0.945 58.896 
-0.875 33.193 
-0.826 31.42 
-0.871 32.726 
-0.945 58.896 
-0.903 38.178 
-0.886 36.772 
-0.921 43.667 
-0.92 43.18 
-0.895 37.669 
-0.902 37.863 
-0.886 36.772 
-0.893 36.878 
-0.891 36.877 
-0.874 32.977 
-0.932 48.566 
-0.894 37.303 
-0.876 36.367 
-0.894 37.303 
-0.891 36.877 
-0.874 32.977 
-0.875 33.193 
-0.902 37.863 
-0.895 37.669 
-0.921 43.667 
-0.903 38.178 
-0.945 58.896 
-0.826 31.42 
-0.874 32.977 
-0.945 58.896 
-0.826 31.42 
-0.876 36.367 
-0.945 58.896 
-0.826 31.42 
-0.876 36.367 
-0.945 58.896 
-0.921 43.667 
-0.876 36.367 
-0.946 59.364 
-0.895 37.669 
-0.874 32.977 
-0.945 58.896 
-0.945 58.896 
-0.946 59.364 
-0.876 36.367 
-0.945 58.896 
-0.921 43.667 
-0.874 32.977 
-0.903 38.178 
-0.895 37.669 
-0.875 33.193 
-0.874 32.977 
-0.945 58.896 
-0.945 58.896 
-0.874 32.977 
-0.945 58.896 
-0.875 33.193 
-0.932 48.566 
-0.945 58.896 
-0.79 27.295 
-0.876 36.367 
-0.894 37.303 
-0.874 32.977 
-0.876 36.367 
-0.932 48.566 
-0.886 36.772 
-0.946 59.364 
-0.945 58.896 
-0.945 58.896 
-0.902 37.863 
-0.876 36.367 
-0.826 31.42 
-0.874 32.977 
-0.921 43.667 
-0.895 37.669 
-0.876 36.367 
-0.932 48.566 
-0.945 58.896 
-0.874 32.977 
-0.902 37.863 
-0.894 37.303 
-0.886 36.772 
-0.946 59.364 
-0.886 36.772 
-0.921 43.667 
-0.886 36.772 
