-0.689 25.539 
-0.689 25.539 
-0.928 58.567 
-0.91 53.273 
-0.881 41.468 
-0.867 37.556 
-0.888 46.388 
-0.722 25.849 
-0.902 48.159 
-0.926 58.075 
-0.836 35.373 
-0.908 51.817 
-0.885 42.34 
-0.725 26.014 
-0.747 29.226 
-0.725 26.014 
-0.826 32.65 
-0.747 29.226 
-0.781 29.937 
-0.899 46.667 
-0.767 29.642 
-0.926 58.075 
-0.789 30.295 
-0.803 30.424 
-0.752 29.618 
-0.826 32.65 
-0.823 31.929 
-0.77 29.906 
-0.909 51.942 
-0.818 31.49 
-0.839 35.755 
-0.85 36.511 
-0.858 36.551 
-0.901 47.802 
-0.811 31.059 
-0.787 30.171 
-0.884 42.242 
-0.85 36.511 
-0.844 36.308 
-0.75 29.547 
-0.865 37.095 
-0.866 37.248 
-0.749 29.241 
-0.9 47.226 
-0.841 36.293 
-0.9 47.226 
-0.863 36.903 
-0.882 41.867 
-0.808 30.678 
-0.819 31.578 
-0.805 30.644 
-0.844 36.308 
-0.927 58.1 
-0.811 31.059 
-0.84 36.159 
-0.882 41.867 
-0.885 42.34 
-0.819 31.578 
-0.861 36.727 
-0.77 29.906 
-0.767 29.642 
-0.803 30.424 
-0.81 30.933 
-0.788 30.284 
-0.81 30.933 
-0.787 30.171 
-0.859 36.558 
-0.808 30.678 
-0.805 30.644 
-0.752 29.618 
-0.84 36.159 
-0.862 36.832 
-0.86 36.636 
-0.86 36.636 
-0.862 36.832 
-0.927 58.1 
-0.747 29.226 
-0.826 32.65 
-0.811 31.059 
-0.767 29.642 
-0.803 30.424 
-0.81 30.933 
-0.787 30.171 
-0.86 36.636 
-0.862 36.832 
-0.885 42.34 
-0.805 30.644 
-0.752 29.618 
-0.84 36.159 
-0.927 58.1 
-0.927 58.1 
-0.747 29.226 
-0.811 31.059 
-0.803 30.424 
-0.787 30.171 
-0.862 36.832 
-0.885 42.34 
-0.805 30.644 
-0.752 29.618 
-0.84 36.159 
