-0.689 25.539 
-0.928 58.567 
-0.928 58.567 
-0.689 25.539 
-0.91 53.273 
-0.888 46.388 
-0.879 41.18 
-0.926 58.075 
-0.722 25.849 
-0.885 42.34 
-0.829 35.346 
-0.908 51.817 
-0.902 48.159 
-0.867 37.556 
-0.725 26.014 
-0.826 32.599 
-0.747 29.226 
-0.725 26.014 
-0.747 29.226 
-0.764 29.318 
-0.821 31.305 
-0.803 30.414 
-0.749 29.24 
-0.926 58.075 
-0.789 30.295 
-0.781 29.937 
-0.867 37.556 
-0.909 51.942 
-0.899 46.667 
-0.77 29.906 
-0.811 31.059 
-0.836 35.373 
-0.9 46.77 
-0.84 36.151 
-0.902 48.159 
-0.901 47.802 
-0.858 36.551 
-0.824 32.507 
-0.783 30.102 
-0.851 36.512 
-0.806 30.465 
-0.908 51.817 
-0.844 36.258 
-0.884 41.895 
-0.885 42.34 
-0.823 31.929 
-0.839 35.755 
-0.85 36.511 
-0.844 36.258 
-0.838 35.587 
-0.823 31.929 
-0.722 25.849 
-0.769 29.84 
-0.882 41.867 
-0.787 30.171 
-0.767 29.642 
-0.927 58.1 
-0.767 29.642 
-0.881 41.468 
-0.808 30.678 
-0.901 47.802 
-0.808 30.678 
-0.866 37.248 
-0.865 37.095 
-0.899 46.667 
-0.81 30.924 
-0.788 30.283 
-0.85 36.511 
-0.81 30.924 
-0.811 31.059 
-0.863 36.903 
-0.881 41.468 
-0.88 41.268 
-0.865 37.095 
-0.863 36.903 
-0.866 37.248 
-0.862 36.832 
-0.861 36.727 
-0.861 36.727 
-0.86 36.636 
-0.88 41.268 
-0.86 36.636 
-0.859 36.558 
-0.862 36.832 
-0.787 30.171 
-0.851 36.512 
-0.77 29.906 
-0.882 41.867 
-0.927 58.1 
-0.859 36.558 
-0.689 25.539 
-0.725 26.014 
-0.747 29.226 
-0.926 58.075 
-0.867 37.556 
-0.885 42.34 
-0.899 46.667 
-0.811 31.059 
-0.787 30.171 
-0.881 41.468 
