-0.828 35.376 
-0.751 29.674 
-0.893 47.657 
-0.811 31.059 
-0.805 30.645 
-0.878 41.891 
-0.838 35.955 
-0.809 31.053 
-0.805 30.645 
-0.828 35.376 
-0.871 41.844 
-0.839 36.13 
-0.884 42.294 
-0.842 36.539 
-0.809 31.053 
-0.828 35.376 
-0.803 30.425 
-0.811 31.059 
-0.838 35.955 
-0.828 35.376 
-0.725 26.023 
-0.83 35.589 
-0.781 29.952 
-0.86 36.636 
-0.808 30.687 
-0.862 36.833 
-0.882 41.962 
-0.838 35.955 
-0.838 35.955 
-0.817 34.785 
-0.865 37.146 
-0.722 25.857 
-0.811 31.059 
-0.927 58.1 
-0.789 30.304 
-0.805 30.645 
-0.831 35.755 
-0.724 26.018 
-0.823 34.974 
-0.829 35.523 
-0.805 30.645 
-0.902 48.259 
-0.805 30.645 
-0.862 36.833 
-0.823 34.974 
-0.909 53.086 
-0.811 31.059 
-0.842 36.539 
-0.885 42.34 
-0.831 35.755 
-0.866 37.319 
-0.781 29.952 
-0.781 29.952 
-0.882 41.962 
-0.838 35.955 
-0.91 53.573 
-0.926 58.075 
-0.84 36.17 
-0.725 26.023 
-0.805 30.645 
-0.751 29.674 
-0.892 46.87 
-0.88 41.893 
-0.749 29.351 
-0.841 36.365 
-0.817 34.785 
