-0.888 57.604 
-0.68 23.729 
-0.888 57.604 
-0.68 23.729 
-0.879 57.144 
-0.744 26.967 
-0.747 30.146 
-0.834 36.418 
-0.869 51.081 
-0.864 46.324 
-0.851 40.876 
-0.873 51.869 
-0.855 45.673 
-0.724 26.715 
-0.835 40.188 
-0.812 34.943 
-0.719 26.317 
-0.698 24.212 
-0.805 31.628 
-0.768 30.54 
-0.719 26.317 
-0.695 23.824 
-0.85 40.532 
-0.836 40.53 
-0.698 24.212 
-0.822 35.931 
-0.778 30.991 
-0.887 57.245 
-0.797 31.091 
-0.788 31.013 
-0.817 35.024 
-0.775 30.578 
-0.768 30.54 
-0.788 31.013 
-0.856 46.018 
-0.798 31.391 
-0.863 46.057 
-0.804 31.4 
-0.805 31.628 
-0.873 51.869 
-0.812 34.943 
-0.82 35.598 
-0.855 45.673 
-0.872 51.517 
-0.747 30.146 
-0.822 35.931 
-0.87 51.434 
-0.695 23.824 
-0.819 35.398 
-0.775 30.578 
-0.819 35.398 
-0.778 30.991 
-0.87 51.434 
-0.797 31.091 
-0.863 46.057 
-0.856 46.018 
-0.836 40.53 
-0.888 57.604 
-0.719 26.317 
-0.698 24.212 
-0.812 34.943 
-0.822 35.931 
-0.788 31.013 
-0.805 31.628 
-0.873 51.869 
-0.855 45.673 
-0.747 30.146 
-0.695 23.824 
-0.775 30.578 
-0.778 30.991 
-0.87 51.434 
-0.797 31.091 
-0.863 46.057 
-0.856 46.018 
-0.719 26.317 
-0.698 24.212 
-0.812 34.943 
-0.788 31.013 
-0.855 45.673 
-0.873 51.869 
-0.805 31.628 
-0.747 30.146 
-0.695 23.824 
-0.775 30.578 
-0.778 30.991 
-0.87 51.434 
-0.797 31.091 
-0.856 46.018 
-0.719 26.317 
-0.812 34.943 
-0.788 31.013 
-0.855 45.673 
-0.775 30.578 
-0.747 30.146 
-0.797 31.091 
-0.856 46.018 
-0.747 30.146 
-0.747 30.146 
-0.788 31.013 
-0.695 23.824 
