-0.838 65.404 
-0.669 22.829 
-0.698 26.809 
-0.826 59.224 
-0.818 54.139 
-0.802 47.943 
-0.83 59.6 
-0.813 49.448 
-0.821 54.752 
-0.777 38.768 
-0.835 65.024 
-0.687 22.931 
-0.741 32.358 
-0.797 43.671 
-0.735 28.917 
-0.765 36.96 
-0.779 42.087 
-0.693 23.556 
-0.758 33.861 
-0.709 26.995 
-0.805 48.257 
-0.773 37.506 
-0.757 33.11 
-0.722 28.103 
-0.758 33.861 
-0.714 27.823 
-0.809 48.896 
-0.793 42.958 
-0.786 42.841 
-0.735 28.917 
-0.785 42.581 
-0.751 32.928 
-0.765 36.96 
-0.728 28.512 
-0.78 42.551 
-0.747 32.419 
-0.726 28.297 
-0.83 59.6 
-0.741 32.358 
-0.835 65.024 
-0.797 43.671 
-0.692 23.418 
-0.693 23.556 
-0.732 28.543 
-0.82 54.387 
-0.712 27.357 
-0.723 28.13 
-0.837 65.278 
-0.769 36.977 
-0.689 23.157 
-0.772 37.328 
-0.779 42.087 
-0.812 49.264 
-0.794 43.309 
-0.75 32.644 
-0.732 28.543 
-0.714 27.823 
-0.689 23.157 
-0.796 43.43 
-0.748 32.622 
-0.811 49.068 
-0.709 26.995 
-0.711 27.229 
-0.77 37.004 
-0.771 37.035 
-0.711 27.229 
-0.751 32.928 
-0.811 49.068 
-0.796 43.43 
-0.794 43.309 
-0.793 42.958 
-0.786 42.841 
-0.747 32.419 
-0.771 37.035 
-0.78 42.551 
-0.75 32.644 
-0.748 32.622 
-0.769 36.977 
-0.83 59.6 
-0.758 33.861 
-0.735 28.917 
-0.765 36.96 
-0.693 23.556 
-0.732 28.543 
-0.714 27.823 
-0.751 32.928 
-0.811 49.068 
-0.793 42.958 
-0.747 32.419 
-0.75 32.644 
-0.735 28.917 
-0.765 36.96 
-0.693 23.556 
-0.732 28.543 
-0.747 32.419 
-0.747 32.419 
-0.747 32.419 
-0.732 28.543 
-0.732 28.543 
-0.732 28.543 
