-0.727 32.109 
-0.802 53.818 
-0.802 53.818 
-0.802 53.818 
-0.787 43.506 
-0.79 47.977 
-0.772 38.539 
-0.714 27.913 
-0.796 52.728 
-0.802 53.818 
-0.796 52.728 
-0.752 33.305 
-0.72 31.68 
-0.778 42.691 
-0.802 53.818 
-0.802 53.818 
-0.634 22.986 
-0.714 27.913 
-0.721 31.82 
-0.755 33.511 
-0.771 38.264 
-0.772 38.539 
-0.652 23.272 
-0.749 32.987 
-0.714 27.913 
-0.819 54.39 
-0.83 69.647 
-0.768 37.191 
-0.769 38.198 
-0.758 33.958 
-0.727 32.109 
-0.795 48.521 
-0.73 32.528 
-0.717 28.272 
-0.698 26.876 
-0.773 39.02 
-0.772 38.539 
-0.738 32.897 
-0.806 53.963 
-0.71 27.889 
-0.7 27.614 
-0.7 27.614 
