-0.76 30.217 
-0.88 52.432 
-0.76 30.217 
-0.851 40.74 
-0.801 31.703 
-0.872 47.472 
-0.836 36.603 
-0.879 51.997 
-0.776 31.542 
-0.861 45.836 
-0.855 41.617 
-0.797 31.554 
-0.812 35.258 
-0.836 36.603 
-0.774 30.951 
-0.824 36.448 
-0.812 35.258 
-0.768 30.253 
-0.879 51.997 
-0.869 46.774 
-0.861 45.836 
-0.855 41.617 
-0.863 46.481 
-0.818 36.12 
-0.768 30.253 
-0.823 36.328 
-0.871 47.04 
-0.853 41.356 
-0.862 46.411 
-0.797 31.554 
-0.87 46.9 
-0.813 35.507 
-0.818 36.12 
-0.853 41.356 
-0.816 35.866 
-0.815 35.754 
-0.863 46.481 
-0.816 35.866 
-0.815 35.754 
-0.813 35.507 
-0.823 36.328 
-0.776 31.542 
-0.854 41.48 
-0.854 41.48 
-0.862 46.411 
-0.76 30.217 
-0.812 35.258 
-0.836 36.603 
-0.879 51.997 
-0.861 45.836 
-0.855 41.617 
-0.768 30.253 
-0.863 46.481 
-0.853 41.356 
-0.816 35.866 
-0.823 36.328 
-0.854 41.48 
-0.797 31.554 
-0.812 35.258 
-0.836 36.603 
-0.879 51.997 
-0.855 41.617 
-0.768 30.253 
-0.863 46.481 
-0.853 41.356 
-0.823 36.328 
-0.879 51.997 
-0.768 30.253 
-0.853 41.356 
-0.823 36.328 
-0.768 30.253 
-0.879 51.997 
-0.853 41.356 
-0.768 30.253 
-0.879 51.997 
-0.853 41.356 
-0.853 41.356 
-0.879 51.997 
-0.853 41.356 
-0.853 41.356 
-0.853 41.356 
-0.879 51.997 
-0.879 51.997 
-0.853 41.356 
-0.879 51.997 
-0.853 41.356 
-0.879 51.997 
-0.879 51.997 
-0.853 41.356 
-0.768 30.253 
-0.853 41.356 
-0.823 36.328 
-0.853 41.356 
-0.862 46.411 
-0.879 51.997 
-0.853 41.356 
-0.768 30.253 
-0.816 35.866 
-0.879 51.997 
-0.861 45.836 
