P=? [ F (x=9&y=9&crashed=0) ]	R{"cost"}=? [ C<=100 ]
0.621	20.288
0.919	110.078
0.621	20.288
0.908	53.484
0.656	21.528
0.623	20.35
0.658	23.734
0.79	28.042
0.696	25.177
0.724	25.56
0.683	24.382
0.812	30.669
0.739	25.939
0.757	26.28
0.766	26.498
0.812	30.669
0.782	26.634
0.831	32.092
0.907	53.185
0.899	48.63
0.848	35.778
0.858	40.57
0.834	35.535
0.739	25.939
0.726	25.74
0.888	47.527
0.882	43.754
0.832	35.434
0.908	53.484
0.857	37.709
0.683	24.382
0.864	41.656
0.821	30.856
0.863	41.432
0.897	48.013
0.757	26.28
0.89	47.968
0.907	53.185
0.899	48.63
0.765	26.371
0.882	43.754
0.691	24.77
0.871	41.959
0.871	41.959
0.877	42.159
0.888	47.527
0.656	21.528
0.623	20.35
0.852	36.259
0.848	35.778
0.785	26.994
0.658	23.734
0.858	40.57
0.828	31.689
0.88	42.822
0.857	37.709
0.855	36.912
0.787	27.228
0.828	31.689
0.881	43.109
0.692	24.782
0.695	25.172
0.834	35.535
0.826	31.444
0.825	31.233
0.823	31.066
0.821	30.856
0.725	25.561
0.852	36.259
0.823	31.066
0.782	26.634
0.784	26.86
0.788	27.652
0.855	36.912
0.695	25.172
0.692	24.782
0.691	24.77
0.724	25.56
0.696	25.177
0.853	36.633
0.898	48.337
0.789	27.975
0.788	27.652
0.898	48.337
0.889	47.676
0.878	42.448
0.881	43.109
0.826	31.444
0.787	27.228
0.784	26.86
0.879	42.598
0.877	42.159
0.726	25.74
0.854	36.804
0.853	36.633
0.825	31.233
0.879	42.598
0.878	42.448
0.889	47.676
0.854	36.804
