-0.69 26.26 
-0.855 55.965 
-0.69 26.26 
-0.837 49.837 
-0.801 38.834 
-0.712 27.405 
-0.846 51.528 
-0.831 45.698 
-0.847 54.663 
-0.791 35.224 
-0.763 33.387 
-0.826 44.011 
-0.815 40.988 
-0.727 28.854 
-0.753 30.682 
-0.815 40.988 
-0.731 29.653 
-0.737 29.89 
-0.75 30.411 
-0.715 27.852 
-0.826 44.011 
-0.773 33.923 
-0.831 45.698 
-0.791 35.224 
-0.783 34.043 
-0.763 33.387 
-0.753 30.682 
-0.727 28.854 
-0.737 29.89 
-0.814 40.11 
-0.838 51.112 
-0.839 51.295 
-0.808 39.089 
-0.851 55.567 
-0.769 33.509 
-0.788 34.746 
-0.715 27.852 
-0.803 39.081 
-0.771 33.67 
-0.83 44.745 
-0.847 54.663 
-0.785 34.208 
-0.714 27.702 
-0.851 55.567 
-0.813 39.845 
-0.812 39.624 
-0.787 34.375 
-0.75 30.411 
-0.827 44.16 
-0.802 39.009 
-0.853 55.746 
-0.752 30.569 
-0.81 39.25 
-0.853 55.746 
-0.79 35.045 
-0.769 33.509 
-0.783 34.043 
-0.773 33.923 
-0.79 35.045 
-0.83 44.745 
-0.829 44.458 
-0.846 51.528 
-0.839 51.295 
-0.811 39.431 
-0.829 44.458 
-0.828 44.271 
-0.838 51.112 
-0.811 39.431 
-0.787 34.375 
-0.81 39.25 
-0.828 44.271 
-0.751 30.469 
-0.751 30.469 
-0.69 26.26 
-0.815 40.988 
-0.715 27.852 
-0.826 44.011 
-0.763 33.387 
-0.831 45.698 
-0.737 29.89 
-0.847 54.663 
-0.851 55.567 
-0.75 30.411 
-0.853 55.746 
-0.769 33.509 
-0.783 34.043 
-0.773 33.923 
-0.83 44.745 
-0.828 44.271 
-0.69 26.26 
-0.853 55.746 
-0.815 40.988 
-0.847 54.663 
-0.715 27.852 
-0.826 44.011 
-0.831 45.698 
-0.737 29.89 
-0.75 30.411 
-0.769 33.509 
-0.783 34.043 
