-0.664 27.221 
-0.906 58.783 
-0.664 27.221 
-0.906 58.783 
-0.733 29.206 
-0.876 48.133 
-0.901 57.889 
-0.897 53.967 
-0.891 53.043 
-0.872 44.381 
-0.889 49.312 
-0.85 42.477 
-0.686 28.217 
-0.818 37.043 
-0.849 39.127 
-0.707 28.249 
-0.814 34.159 
-0.764 32.668 
-0.786 32.714 
-0.739 31.667 
-0.686 28.217 
-0.79 33.346 
-0.76 32.396 
-0.737 31.467 
-0.808 33.418 
-0.716 29.125 
-0.84 37.945 
-0.859 42.957 
-0.828 37.924 
-0.709 28.875 
-0.851 42.702 
-0.865 43.339 
-0.824 37.504 
-0.739 31.667 
-0.82 37.395 
-0.86 43.215 
-0.882 48.25 
-0.76 32.396 
-0.902 58.064 
-0.893 53.205 
-0.737 31.467 
-0.714 29.071 
-0.825 37.818 
-0.902 58.064 
-0.901 57.889 
-0.895 53.769 
-0.814 34.159 
-0.872 44.381 
-0.787 32.825 
-0.867 43.458 
-0.846 38.504 
-0.876 48.133 
-0.885 48.729 
-0.884 48.365 
-0.87 44.164 
-0.844 38.381 
-0.897 53.967 
-0.761 32.518 
-0.787 32.825 
-0.887 49.09 
-0.885 48.729 
-0.888 49.177 
-0.871 44.249 
-0.811 33.909 
-0.809 33.575 
-0.79 33.346 
-0.896 53.909 
-0.714 29.071 
-0.709 28.875 
-0.764 32.668 
-0.893 53.205 
-0.891 53.043 
-0.869 43.887 
-0.868 43.595 
-0.809 33.575 
-0.828 37.924 
-0.869 43.887 
-0.895 53.769 
-0.848 38.901 
-0.847 38.631 
-0.889 49.312 
-0.851 42.702 
-0.882 48.25 
-0.811 33.909 
-0.812 34.024 
-0.849 39.127 
-0.848 38.901 
-0.819 37.17 
-0.887 49.09 
-0.716 29.125 
-0.707 28.249 
-0.842 38.155 
-0.841 37.999 
-0.761 32.518 
-0.868 43.595 
-0.812 34.024 
-0.843 38.288 
-0.842 38.155 
-0.847 38.631 
-0.819 37.17 
