P=? [ F (x=9&y=9&crashed=0) ]	R{"cost"}=? [ C<=100 ]
0.617	19.539
0.909	93.894
0.909	93.894
0.617	19.539
0.907	83.865
0.899	69.393
0.89	57.922
0.897	69.017
0.908	84.264
0.642	23.524
0.675	23.592
0.888	57.518
0.864	52.158
0.81	39.946
0.881	52.957
0.863	47.764
0.838	45.554
0.619	19.564
0.637	22.767
0.729	28.776
0.744	30.095
0.637	22.767
0.619	19.564
0.806	36.891
0.77	34.212
0.856	46.783
0.837	43.052
0.698	24.572
0.691	24.522
0.677	23.756
0.754	30.144
0.687	24.102
0.792	35.856
0.845	45.92
0.847	46.289
0.724	26.774
0.781	35.679
0.776	34.242
0.899	69.393
0.879	52.608
0.767	32.343
0.736	28.884
0.801	36.055
0.819	40.311
0.765	32.006
0.871	52.201
0.897	69.017
0.881	52.957
0.871	52.201
0.715	25.824
0.639	22.789
0.71	25.429
0.76	31.933
0.758	30.654
0.741	29.672
0.78	34.8
0.7	24.965
0.817	40.304
0.759	31.619
0.825	40.478
0.795	35.989
0.709	25.396
0.778	34.597
0.786	35.727
0.704	25.325
0.806	36.891
0.689	24.142
0.716	25.96
0.724	26.774
0.804	36.467
0.786	35.727
0.729	28.776
0.703	25.111
0.86	47.235
0.862	47.601
0.833	42.263
0.83	41.273
0.803	36.249
0.719	26.222
0.756	30.488
0.767	32.343
0.737	29.102
0.858	46.835
0.719	26.222
0.828	40.839
0.739	29.486
0.835	42.693
0.829	41.127
0.834	42.417
0.722	26.632
0.833	42.263
0.879	52.608
0.83	41.273
0.859	47.061
0.722	26.632
0.738	29.433
0.846	46.059
0.836	42.857
0.817	40.304
0.677	23.756
