-0.68 25.582 
-0.899 62.268 
-0.899 62.268 
-0.68 25.582 
-0.709 25.619 
-0.844 40.484 
-0.756 30.012 
-0.898 62.218 
-0.89 56.504 
-0.732 26.003 
-0.866 47.093 
-0.882 52.051 
-0.889 56.323 
-0.87 50.507 
-0.832 36.602 
-0.809 35.149 
-0.851 45.112 
-0.849 41.595 
-0.801 31.634 
-0.777 30.119 
-0.754 27.289 
-0.814 35.417 
-0.827 35.643 
-0.832 36.602 
-0.747 26.445 
-0.793 30.571 
-0.736 26.408 
-0.782 30.534 
-0.882 52.051 
-0.89 56.504 
-0.879 51.356 
-0.873 51.34 
-0.898 62.218 
-0.801 31.634 
-0.809 35.149 
-0.889 56.323 
-0.855 45.696 
-0.872 50.952 
-0.78 30.264 
-0.86 45.721 
-0.796 30.864 
-0.798 31.243 
-0.749 26.799 
-0.871 50.608 
-0.853 45.262 
-0.831 36.401 
-0.845 40.743 
-0.848 41.257 
-0.799 31.329 
-0.751 26.913 
-0.748 26.545 
-0.849 41.595 
-0.862 45.985 
-0.8 31.609 
-0.753 27.267 
-0.777 30.119 
-0.781 30.502 
-0.88 51.625 
-0.734 26.271 
-0.861 45.743 
-0.88 51.625 
-0.813 35.239 
-0.812 35.173 
-0.865 46.725 
-0.847 41.225 
-0.846 40.865 
-0.83 36.21 
-0.829 35.871 
-0.865 46.725 
-0.864 46.389 
-0.864 46.389 
-0.863 46.054 
-0.854 45.378 
-0.851 45.112 
-0.734 26.271 
-0.756 30.012 
-0.752 26.994 
-0.736 26.408 
-0.83 36.21 
-0.754 27.289 
-0.828 35.769 
-0.795 30.739 
-0.846 40.865 
-0.854 45.378 
-0.795 30.739 
-0.794 30.635 
-0.829 35.871 
-0.828 35.769 
-0.752 26.994 
-0.863 46.054 
-0.794 30.635 
-0.782 30.534 
-0.847 41.225 
-0.812 35.173 
-0.873 51.34 
-0.832 36.602 
-0.882 52.051 
-0.89 56.504 
-0.777 30.119 
-0.734 26.271 
