P=? [ F (x=9&y=9&crashed=0) ]	R{"cost"}=? [ C<=100 ]
0.692	21.385
0.915	52.761
0.915	52.761
0.692	21.385
0.9	51.712
0.898	43.24
0.745	24.767
0.696	21.669
0.745	24.767
0.884	42.342
0.783	29.5
0.849	36.513
0.881	38.138
0.845	32.864
0.78	25.944
0.863	36.796
0.696	21.669
0.768	25.033
0.821	30.52
0.876	37.302
0.914	52.444
0.806	30.395
0.835	31.565
0.824	31.019
0.795	29.672
0.843	32.209
0.802	29.836
0.835	31.565
0.893	42.386
0.845	32.864
0.856	36.595
0.774	25.623
0.805	30.286
0.897	42.931
0.876	37.302
0.856	36.595
0.9	51.712
0.824	31.019
0.796	29.79
0.843	32.209
0.914	52.444
0.88	37.834
0.774	25.623
0.894	42.694
0.881	38.138
0.779	25.938
0.88	37.834
0.849	36.513
0.783	29.5
0.771	25.17
0.768	25.033
0.821	30.52
0.771	25.17
0.884	42.342
0.779	25.938
0.694	21.536
0.78	25.944
0.694	21.536
0.77	25.055
0.894	42.694
0.795	29.672
0.806	30.395
0.796	29.79
0.893	42.386
0.77	25.055
0.915	52.761
0.692	21.385
0.745	24.767
0.696	21.669
0.845	32.864
0.876	37.302
0.856	36.595
0.9	51.712
0.824	31.019
0.843	32.209
0.914	52.444
0.774	25.623
0.881	38.138
0.88	37.834
0.849	36.513
0.783	29.5
0.768	25.033
0.821	30.52
0.771	25.17
0.884	42.342
0.779	25.938
0.78	25.944
0.694	21.536
0.894	42.694
0.795	29.672
0.806	30.395
0.796	29.79
0.893	42.386
0.77	25.055
0.692	21.385
0.915	52.761
0.745	24.767
0.696	21.669
0.845	32.864
0.876	37.302
