-0.769 34.409 
-0.757 29.67 
-0.769 34.409 
-0.799 40.263 
-0.809 41.008 
-0.775 34.539 
-0.769 34.409 
-0.737 29.23 
-0.791 35.742 
-0.816 46.365 
-0.81 41.785 
-0.775 34.539 
-0.769 34.409 
-0.747 29.474 
-0.77 34.45 
-0.799 40.263 
-0.748 29.511 
-0.769 34.409 
-0.725 28.369 
-0.746 29.404 
-0.812 45.096 
-0.765 30.342 
-0.727 28.757 
-0.796 36.297 
-0.781 35.301 
-0.769 34.409 
-0.811 45.014 
-0.726 28.523 
-0.761 29.854 
-0.814 45.789 
-0.765 30.342 
-0.777 34.786 
-0.807 40.57 
-0.795 35.995 
-0.748 29.511 
-0.779 35.037 
-0.816 46.365 
-0.727 28.757 
-0.824 46.485 
-0.769 34.409 
-0.729 28.821 
-0.766 33.982 
-0.76 29.832 
-0.781 35.301 
-0.726 28.523 
-0.761 29.854 
-0.769 34.409 
-0.769 34.409 
-0.758 29.754 
-0.764 30.286 
-0.745 29.342 
-0.718 28.333 
-0.828 47.014 
-0.725 28.369 
-0.829 51.357 
-0.765 30.342 
-0.765 30.342 
