-0.83 50.955 
-0.713 27.823 
-0.83 50.955 
-0.814 45.225 
-0.766 33.981 
-0.828 47.014 
-0.813 41.367 
-0.797 40.053 
-0.796 36.274 
-0.765 30.329 
-0.744 28.95 
-0.729 28.821 
-0.744 28.95 
-0.756 29.166 
-0.79 35.393 
-0.724 28.287 
-0.781 35.285 
-0.807 40.488 
-0.799 40.263 
-0.816 46.365 
-0.823 46.456 
-0.772 33.989 
-0.815 46.124 
-0.76 29.714 
-0.825 46.753 
-0.811 41.004 
-0.773 34.198 
-0.726 28.519 
-0.792 35.821 
-0.808 40.84 
-0.763 29.984 
-0.724 28.287 
-0.828 47.014 
-0.727 28.755 
-0.777 34.485 
-0.798 40.096 
-0.758 29.419 
-0.812 41.359 
-0.729 28.821 
-0.794 35.856 
-0.81 40.894 
-0.78 34.978 
-0.758 29.419 
-0.796 36.274 
-0.795 35.98 
-0.764 30.278 
-0.791 35.674 
-0.824 46.485 
-0.763 29.984 
-0.761 29.72 
-0.825 46.753 
-0.779 34.948 
-0.778 34.695 
-0.774 34.448 
-0.815 46.124 
-0.807 40.488 
-0.799 40.263 
-0.756 29.166 
-0.778 34.695 
-0.761 29.72 
-0.775 34.451 
-0.757 29.256 
-0.725 28.368 
-0.791 35.674 
-0.795 35.98 
-0.781 35.285 
-0.823 46.456 
-0.816 46.365 
-0.757 29.256 
-0.725 28.368 
-0.727 28.755 
-0.81 40.894 
-0.808 40.84 
-0.765 30.329 
-0.764 30.278 
-0.797 40.053 
-0.794 35.856 
-0.777 34.485 
-0.775 34.451 
-0.78 34.978 
-0.779 34.948 
-0.824 46.485 
-0.813 41.367 
-0.772 33.989 
-0.766 33.981 
-0.812 41.359 
-0.774 34.448 
-0.83 50.955 
-0.744 28.95 
-0.828 47.014 
-0.729 28.821 
-0.796 36.274 
-0.763 29.984 
-0.825 46.753 
-0.815 46.124 
-0.799 40.263 
-0.756 29.166 
-0.778 34.695 
-0.794 35.856 
-0.795 35.98 
