-0.657 33.387 
-0.836 65.152 
-0.657 33.387 
-0.69 34.042 
-0.764 47.329 
-0.762 43.719 
-0.821 63.702 
-0.777 48.059 
-0.704 34.578 
-0.743 40.131 
-0.749 43.063 
-0.779 49.965 
-0.71 37.752 
-0.805 59.161 
-0.802 54.295 
-0.804 56.235 
-0.82 60.812 
-0.827 64.938 
-0.787 53.576 
-0.751 43.606 
-0.693 34.538 
-0.781 53.413 
-0.812 60.359 
-0.74 39.735 
-0.729 39.676 
-0.78 52.032 
-0.711 37.818 
-0.787 53.576 
-0.819 60.364 
-0.803 55.793 
-0.78 52.032 
-0.718 38.201 
-0.722 38.985 
-0.805 59.161 
-0.827 64.938 
-0.812 60.359 
-0.704 34.578 
-0.764 47.329 
-0.727 39.146 
-0.802 54.295 
-0.728 39.281 
-0.721 38.766 
-0.718 38.201 
-0.72 38.488 
-0.82 60.812 
-0.804 56.235 
-0.803 55.793 
-0.74 39.735 
-0.693 34.538 
-0.762 43.719 
-0.751 43.606 
-0.72 38.488 
-0.781 53.413 
-0.727 39.146 
-0.729 39.676 
-0.819 60.364 
-0.657 33.387 
-0.787 53.576 
-0.704 34.578 
-0.812 60.359 
-0.805 59.161 
-0.764 47.329 
-0.718 38.201 
-0.74 39.735 
-0.693 34.538 
-0.82 60.812 
-0.78 52.032 
-0.727 39.146 
-0.762 43.719 
-0.751 43.606 
-0.72 38.488 
-0.781 53.413 
-0.78 52.032 
-0.764 47.329 
-0.781 53.413 
-0.764 47.329 
-0.764 47.329 
-0.693 34.538 
-0.764 47.329 
-0.781 53.413 
-0.78 52.032 
-0.74 39.735 
-0.693 34.538 
-0.693 34.538 
-0.78 52.032 
-0.764 47.329 
-0.764 47.329 
-0.78 52.032 
-0.693 34.538 
-0.693 34.538 
-0.764 47.329 
-0.78 52.032 
-0.787 53.576 
-0.764 47.329 
-0.764 47.329 
-0.751 43.606 
-0.74 39.735 
-0.78 52.032 
-0.78 52.032 
-0.805 59.161 
