-0.741 43.925 
-0.812 65.523 
-0.722 42.539 
-0.673 37.781 
-0.718 38.243 
-0.722 42.539 
-0.781 58.68 
-0.765 50.393 
-0.812 65.523 
-0.742 44.335 
-0.812 65.523 
-0.722 42.539 
-0.812 65.523 
-0.765 50.393 
-0.778 53.686 
-0.788 59.497 
-0.624 35.115 
-0.78 54.086 
-0.741 43.925 
-0.722 42.539 
-0.662 36.7 
-0.722 42.539 
-0.646 36.343 
-0.797 64.045 
-0.742 44.335 
-0.742 44.335 
-0.675 38.181 
-0.812 65.523 
-0.75 48.437 
-0.774 53.342 
-0.735 42.557 
-0.718 38.243 
-0.812 65.523 
-0.72 40.089 
-0.755 48.704 
-0.722 42.539 
-0.742 44.335 
-0.758 48.845 
-0.812 65.523 
-0.722 42.539 
-0.742 44.335 
-0.811 65.062 
-0.745 47.352 
-0.765 50.393 
-0.662 36.7 
-0.78 54.086 
