P=? [ F (x=9&y=9&crashed=0) ]	R{"cost"}=? [ C<=100 ]
0.602	20.0
0.882	77.783
0.602	20.0
0.882	77.783
0.881	63.915
0.648	21.283
0.879	57.522
0.88	63.824
0.65	21.294
0.678	24.421
0.685	24.954
0.872	52.408
0.879	57.522
0.71	25.189
0.863	47.269
0.869	51.62
0.782	30.481
0.847	42.674
0.852	46.232
0.764	30.067
0.831	40.297
0.821	36.769
0.678	24.421
0.65	21.294
0.799	34.944
0.791	31.721
0.814	35.673
0.753	29.687
0.745	26.453
0.802	35.371
0.733	26.068
0.752	27.453
0.831	40.297
0.821	36.769
0.872	52.408
0.755	29.885
0.863	47.269
0.853	46.328
0.86	46.496
0.791	31.721
0.717	25.807
0.799	34.944
0.648	21.283
0.725	25.952
0.845	42.458
0.837	41.311
0.843	41.701
0.869	51.62
0.711	25.233
0.761	30.012
0.785	30.791
0.847	42.674
0.733	26.068
0.852	46.232
0.729	26.021
0.68	24.432
0.786	30.909
0.714	25.652
0.782	30.481
0.682	24.672
0.728	25.975
0.87	51.725
0.861	46.587
0.844	41.829
0.764	30.067
0.836	41.118
0.714	25.652
0.725	25.952
0.717	25.807
0.832	40.517
0.833	40.644
0.801	35.256
0.788	31.235
0.8	35.043
0.82	36.582
0.788	31.235
0.751	27.434
0.836	41.118
0.833	40.644
0.75	27.178
0.79	31.519
0.75	27.178
0.748	26.779
0.843	41.701
0.837	41.311
0.745	26.453
0.684	24.927
0.819	36.457
0.819	36.457
0.817	36.126
0.87	51.725
0.802	35.371
0.861	46.587
0.817	36.126
0.79	31.519
0.746	26.729
0.747	26.754
0.71	25.189
0.748	26.779
0.815	35.9
