-0.693 23.652 
-0.899 63.595 
-0.888 58.65 
-0.89 58.939 
-0.807 31.229 
-0.728 24.874 
-0.881 52.823 
-0.698 24.283 
-0.881 52.823 
-0.88 48.15 
-0.81 34.993 
-0.851 41.907 
-0.87 47.244 
-0.847 38.08 
-0.864 43.524 
-0.738 25.696 
-0.75 28.777 
-0.835 37.6 
-0.738 25.696 
-0.846 37.868 
-0.76 29.515 
-0.75 28.777 
-0.793 30.977 
-0.796 31.161 
-0.771 29.612 
-0.853 42.125 
-0.872 47.527 
-0.861 42.166 
-0.864 43.524 
-0.785 30.921 
-0.775 30.268 
-0.781 30.465 
-0.728 24.874 
-0.87 47.244 
-0.826 36.321 
-0.863 42.606 
-0.751 29.016 
-0.697 24.079 
-0.757 29.047 
-0.878 47.864 
-0.831 36.652 
-0.821 36.296 
-0.827 36.572 
-0.851 41.907 
-0.847 38.08 
-0.733 25.201 
-0.781 30.465 
-0.832 36.838 
-0.815 35.87 
-0.835 37.6 
-0.785 30.921 
-0.734 25.211 
-0.698 24.283 
-0.832 36.838 
-0.773 29.792 
-0.758 29.204 
-0.734 25.211 
-0.879 47.967 
-0.796 31.161 
-0.694 23.662 
-0.817 36.086 
-0.694 23.662 
-0.819 36.124 
-0.812 35.291 
-0.774 30.138 
-0.862 42.507 
-0.878 47.864 
-0.733 25.201 
-0.771 29.612 
-0.811 35.283 
-0.814 35.729 
-0.813 35.45 
-0.819 36.124 
-0.817 36.086 
-0.821 36.296 
-0.889 58.837 
-0.88 48.15 
-0.773 29.792 
-0.813 35.45 
-0.759 29.36 
-0.759 29.36 
-0.814 35.729 
-0.774 30.138 
-0.889 58.837 
-0.862 42.507 
-0.827 36.572 
-0.757 29.047 
-0.751 29.016 
-0.811 35.283 
-0.881 52.823 
-0.738 25.696 
-0.75 28.777 
-0.728 24.874 
-0.847 38.08 
-0.835 37.6 
-0.781 30.465 
-0.734 25.211 
-0.878 47.864 
-0.774 30.138 
-0.771 29.612 
