-0.899 63.595 
-0.899 63.595 
-0.701 23.649 
-0.729 24.835 
-0.859 41.756 
-0.704 24.272 
-0.847 38.073 
-0.881 52.823 
-0.888 58.65 
-0.881 52.823 
-0.88 48.15 
-0.89 58.939 
-0.809 31.495 
-0.87 47.244 
-0.864 43.524 
-0.738 25.686 
-0.81 34.993 
-0.75 28.777 
-0.797 31.034 
-0.738 25.686 
-0.734 25.197 
-0.75 28.777 
-0.782 30.109 
-0.841 36.918 
-0.771 29.612 
-0.76 29.441 
-0.807 31.229 
-0.832 36.785 
-0.774 29.93 
-0.864 43.524 
-0.89 58.939 
-0.872 47.527 
-0.87 47.244 
-0.888 58.65 
-0.784 30.533 
-0.825 36.15 
-0.878 47.864 
-0.819 36.124 
-0.844 37.386 
-0.752 29.033 
-0.789 30.763 
-0.757 29.047 
-0.863 42.606 
-0.817 36.023 
-0.789 30.763 
-0.793 30.977 
-0.829 36.314 
-0.815 35.849 
-0.793 30.977 
-0.825 36.15 
-0.814 35.728 
-0.831 36.652 
-0.861 42.166 
-0.83 36.409 
-0.872 47.527 
-0.889 58.671 
-0.846 37.868 
-0.759 29.354 
-0.784 30.533 
-0.861 42.166 
-0.846 37.868 
-0.843 37.183 
-0.807 31.229 
-0.771 29.612 
-0.812 35.29 
-0.862 42.507 
-0.773 29.791 
-0.878 47.864 
-0.811 35.282 
-0.81 34.993 
-0.813 35.45 
-0.843 37.183 
-0.751 29.016 
-0.819 36.124 
-0.88 48.15 
-0.879 47.967 
-0.773 29.791 
-0.76 29.441 
-0.829 36.314 
-0.813 35.45 
-0.758 29.204 
-0.758 29.204 
-0.879 47.967 
-0.863 42.606 
-0.862 42.507 
-0.751 29.016 
-0.757 29.047 
-0.811 35.282 
-0.881 52.823 
-0.738 25.686 
-0.75 28.777 
-0.864 43.524 
-0.87 47.244 
-0.793 30.977 
-0.872 47.527 
-0.81 34.993 
-0.771 29.612 
-0.819 36.124 
-0.88 48.15 
-0.76 29.441 
