-0.899 63.595 
-0.701 23.649 
-0.701 23.649 
-0.899 63.595 
-0.888 52.65 
-0.729 24.835 
-0.847 38.071 
-0.889 58.671 
-0.74 25.75 
-0.704 24.272 
-0.815 32.02 
-0.817 36.023 
-0.89 58.939 
-0.881 48.326 
-0.87 47.244 
-0.864 43.524 
-0.859 41.754 
-0.792 30.533 
-0.75 28.777 
-0.803 30.94 
-0.859 41.754 
-0.841 36.916 
-0.788 30.403 
-0.81 31.381 
-0.771 29.612 
-0.76 29.441 
-0.75 28.777 
-0.864 43.524 
-0.774 29.93 
-0.832 36.785 
-0.89 58.939 
-0.782 30.109 
-0.878 47.815 
-0.881 48.326 
-0.863 42.56 
-0.87 47.244 
-0.782 30.109 
-0.825 36.15 
-0.872 47.527 
-0.819 36.124 
-0.735 25.217 
-0.846 37.867 
-0.807 31.22 
-0.702 23.948 
-0.757 29.047 
-0.805 31.1 
-0.815 32.02 
-0.734 25.197 
-0.752 29.033 
-0.704 24.272 
-0.861 42.033 
-0.829 36.313 
-0.738 25.686 
-0.825 36.15 
-0.844 37.386 
-0.862 42.507 
-0.738 25.686 
-0.844 37.386 
-0.843 37.183 
-0.83 36.409 
-0.771 29.612 
-0.734 25.197 
-0.773 29.791 
-0.831 36.486 
-0.872 47.527 
-0.889 58.671 
-0.843 37.183 
-0.751 29.016 
-0.819 36.124 
-0.86 41.975 
-0.88 48.15 
-0.879 47.967 
-0.871 47.424 
-0.773 29.791 
-0.88 48.15 
-0.76 29.441 
-0.829 36.313 
-0.758 29.203 
-0.879 47.967 
-0.759 29.354 
-0.758 29.203 
-0.832 36.785 
-0.871 47.424 
-0.759 29.354 
-0.831 36.486 
-0.86 41.975 
-0.862 42.507 
-0.751 29.016 
-0.757 29.047 
-0.752 29.033 
-0.701 23.649 
-0.899 63.595 
-0.75 28.777 
-0.864 43.524 
-0.782 30.109 
-0.881 48.326 
-0.87 47.244 
-0.704 24.272 
-0.738 25.686 
-0.825 36.15 
