-0.701 23.649 
-0.899 63.593 
-0.701 23.649 
-0.899 63.593 
-0.89 58.938 
-0.889 52.755 
-0.868 46.401 
-0.729 24.835 
-0.704 24.272 
-0.82 35.28 
-0.89 58.938 
-0.864 42.812 
-0.851 41.352 
-0.847 38.023 
-0.888 52.65 
-0.881 48.325 
-0.816 32.214 
-0.75 28.777 
-0.74 25.75 
-0.803 30.91 
-0.774 29.93 
-0.772 29.608 
-0.761 29.583 
-0.785 30.066 
-0.792 30.533 
-0.75 28.777 
-0.74 25.75 
-0.832 36.748 
-0.858 41.624 
-0.841 36.916 
-0.823 36.044 
-0.872 47.527 
-0.813 31.76 
-0.881 48.325 
-0.729 24.835 
-0.738 25.68 
-0.888 52.65 
-0.878 47.815 
-0.757 29.047 
-0.871 47.018 
-0.752 28.873 
-0.851 41.352 
-0.734 25.197 
-0.863 42.558 
-0.704 24.272 
-0.787 30.245 
-0.846 37.819 
-0.825 36.15 
-0.829 36.313 
-0.871 47.018 
-0.808 31.174 
-0.81 31.381 
-0.805 31.1 
-0.81 31.381 
-0.792 30.533 
-0.788 30.403 
-0.773 29.777 
-0.861 42.027 
-0.702 23.948 
-0.86 41.903 
-0.843 37.181 
-0.735 25.217 
-0.735 25.217 
-0.815 32.016 
-0.752 28.873 
-0.83 36.409 
-0.825 36.15 
-0.734 25.197 
-0.862 42.205 
-0.785 30.066 
-0.79 30.405 
-0.702 23.948 
-0.845 37.507 
-0.878 47.815 
-0.872 47.527 
-0.808 31.174 
-0.805 31.1 
-0.831 36.486 
-0.815 32.016 
-0.845 37.507 
-0.844 37.303 
-0.79 30.405 
-0.759 29.354 
-0.758 29.167 
-0.88 48.149 
-0.879 47.967 
-0.862 42.205 
-0.88 48.149 
-0.757 29.047 
-0.841 36.916 
-0.832 36.748 
-0.829 36.313 
-0.76 29.425 
-0.879 47.967 
-0.859 41.754 
-0.842 37.038 
-0.859 41.754 
-0.844 37.303 
-0.842 37.038 
-0.758 29.167 
