-0.692 24.746 
-0.877 52.431 
-0.692 24.746 
-0.862 47.416 
-0.876 52.081 
-0.721 28.594 
-0.806 36.785 
-0.859 46.943 
-0.844 45.697 
-0.809 40.182 
-0.843 45.488 
-0.718 26.271 
-0.736 28.958 
-0.77 34.863 
-0.769 32.308 
-0.876 52.081 
-0.838 43.257 
-0.814 40.632 
-0.785 35.669 
-0.754 30.675 
-0.825 41.911 
-0.793 35.796 
-0.822 41.019 
-0.699 24.774 
-0.833 42.171 
-0.739 29.412 
-0.794 35.821 
-0.761 31.41 
-0.824 41.589 
-0.706 25.732 
-0.773 35.017 
-0.754 30.675 
-0.801 35.952 
-0.779 35.152 
-0.704 25.118 
-0.838 43.257 
-0.784 35.545 
-0.712 25.765 
-0.744 29.934 
-0.742 29.764 
-0.818 41.01 
-0.749 29.994 
-0.761 31.41 
-0.721 28.594 
-0.78 35.35 
-0.7 24.96 
-0.812 40.302 
-0.834 42.362 
-0.751 30.172 
-0.805 36.743 
-0.751 30.172 
-0.818 41.01 
-0.715 26.231 
-0.767 31.885 
-0.705 25.301 
-0.809 40.182 
-0.766 31.784 
-0.86 47.179 
-0.837 42.921 
-0.763 31.739 
-0.75 30.007 
-0.737 29.13 
-0.743 29.84 
-0.713 25.924 
-0.713 25.924 
-0.762 31.71 
-0.804 36.451 
-0.737 29.13 
-0.835 42.637 
-0.812 40.302 
-0.772 34.906 
-0.833 42.171 
-0.825 41.911 
-0.86 47.179 
-0.769 32.308 
-0.768 32.085 
-0.804 36.451 
-0.803 36.248 
-0.768 32.085 
-0.78 35.35 
-0.837 42.921 
-0.836 42.734 
-0.803 36.248 
-0.802 36.064 
-0.705 25.301 
-0.715 26.231 
-0.717 26.261 
-0.7 24.96 
-0.779 35.152 
-0.801 35.952 
-0.802 36.064 
-0.836 42.734 
-0.835 42.637 
-0.766 31.784 
-0.763 31.739 
-0.771 34.9 
-0.77 34.863 
-0.712 25.765 
-0.706 25.732 
-0.717 26.261 
