-0.698 24.601 
-0.698 24.601 
-0.881 52.946 
-0.876 52.078 
-0.824 40.082 
-0.863 47.758 
-0.843 45.441 
-0.807 37.009 
-0.807 37.009 
-0.72 28.382 
-0.785 35.669 
-0.721 28.575 
-0.735 28.75 
-0.8 35.732 
-0.838 43.16 
-0.863 47.758 
-0.718 26.271 
-0.772 34.065 
-0.858 46.697 
-0.769 32.304 
-0.847 46.101 
-0.833 42.171 
-0.83 41.114 
-0.879 52.594 
-0.706 25.699 
-0.713 25.921 
-0.744 29.85 
-0.742 29.595 
-0.838 43.16 
-0.759 31.219 
-0.761 31.41 
-0.705 25.25 
-0.759 31.219 
-0.739 29.413 
-0.704 25.099 
-0.781 35.33 
-0.71 25.749 
-0.754 30.672 
-0.749 29.979 
-0.752 30.416 
-0.845 45.814 
-0.834 42.345 
-0.737 29.123 
-0.766 31.76 
-0.701 25.056 
-0.858 46.697 
-0.847 46.101 
-0.779 35.15 
-0.775 34.507 
-0.751 30.163 
-0.754 30.672 
-0.801 35.896 
-0.772 34.065 
-0.769 32.304 
-0.736 28.905 
-0.844 45.577 
-0.776 34.721 
-0.827 40.656 
-0.826 40.422 
-0.763 31.739 
-0.699 24.754 
-0.837 42.919 
-0.828 40.786 
-0.862 47.416 
-0.825 40.294 
-0.784 35.465 
-0.779 35.15 
-0.762 31.71 
-0.833 42.171 
-0.803 36.247 
-0.714 26.229 
-0.7 24.957 
-0.878 52.296 
-0.846 46.047 
-0.776 34.721 
-0.83 41.114 
-0.753 30.647 
-0.86 47.178 
-0.774 34.298 
-0.717 26.259 
-0.75 29.999 
-0.709 25.741 
-0.835 42.636 
-0.783 35.334 
-0.743 29.84 
-0.738 29.368 
-0.859 46.942 
-0.862 47.416 
-0.86 47.178 
-0.859 46.942 
-0.774 34.298 
-0.802 36.123 
-0.806 36.785 
-0.768 32.085 
-0.878 52.296 
-0.829 41.001 
-0.805 36.66 
-0.804 36.451 
-0.804 36.451 
-0.768 32.085 
