-0.836 50.688 
-0.819 46.332 
-0.752 30.855 
-0.828 50.011 
-0.694 26.1 
-0.762 34.697 
-0.741 30.429 
-0.694 26.1 
-0.836 50.688 
-0.828 50.011 
-0.774 35.22 
-0.828 50.011 
-0.836 50.688 
-0.812 39.882 
-0.694 26.1 
-0.819 46.332 
-0.694 26.1 
-0.762 34.697 
-0.774 35.22 
-0.828 50.011 
-0.837 51.273 
-0.774 35.22 
-0.837 51.273 
-0.78 39.442 
-0.836 50.688 
-0.774 35.22 
-0.836 50.688 
-0.773 34.778 
-0.836 50.688 
-0.837 51.273 
-0.762 34.697 
-0.756 31.268 
-0.741 30.429 
-0.759 34.408 
-0.819 46.332 
-0.749 30.737 
-0.819 46.332 
-0.828 50.011 
-0.817 40.921 
-0.827 49.809 
-0.847 51.685 
-0.771 34.727 
