-0.695 24.774 
-0.936 59.223 
-0.936 59.223 
-0.695 24.774 
-0.72 28.417 
-0.927 53.909 
-0.918 49.12 
-0.927 53.909 
-0.712 25.036 
-0.857 37.464 
-0.867 41.307 
-0.781 31.798 
-0.771 29.889 
-0.898 43.222 
-0.901 46.812 
-0.821 34.906 
-0.742 28.498 
-0.834 35.963 
-0.759 28.832 
-0.744 28.741 
-0.799 32.725 
-0.804 33.948 
-0.766 29.773 
-0.793 32.024 
-0.762 29.102 
-0.87 41.606 
-0.883 41.742 
-0.835 36.136 
-0.845 36.223 
-0.813 34.443 
-0.712 25.036 
-0.81 34.194 
-0.852 36.919 
-0.819 34.657 
-0.889 41.824 
-0.903 47.149 
-0.883 41.742 
-0.796 32.378 
-0.85 36.733 
-0.907 47.926 
-0.913 48.456 
-0.806 34.155 
-0.898 43.222 
-0.917 48.96 
-0.913 48.456 
-0.907 47.926 
-0.793 32.024 
-0.902 46.988 
-0.915 48.78 
-0.901 46.812 
-0.905 47.592 
-0.905 47.592 
-0.892 42.213 
-0.855 37.205 
-0.893 42.327 
-0.856 37.34 
-0.869 41.523 
-0.743 28.636 
-0.819 34.657 
-0.896 42.867 
-0.805 34.059 
-0.914 48.459 
-0.906 47.903 
-0.849 36.427 
-0.797 32.43 
-0.855 37.205 
-0.895 42.757 
-0.894 42.486 
-0.896 42.867 
-0.89 42.031 
-0.798 32.531 
-0.915 48.78 
-0.868 41.347 
-0.891 42.044 
-0.847 36.252 
-0.894 42.486 
-0.849 36.427 
-0.848 36.27 
-0.87 41.606 
-0.895 42.757 
-0.798 32.531 
-0.889 41.824 
-0.742 28.498 
-0.868 41.347 
-0.847 36.252 
-0.906 47.903 
-0.848 36.27 
-0.891 42.044 
-0.89 42.031 
-0.914 48.459 
-0.695 24.774 
-0.712 25.036 
-0.901 46.812 
-0.913 48.456 
-0.793 32.024 
-0.905 47.592 
-0.819 34.657 
-0.855 37.205 
-0.849 36.427 
-0.87 41.606 
