-0.786 25.976 
-0.907 52.479 
-0.905 51.836 
-0.897 46.984 
-0.83 30.226 
-0.797 26.908 
-0.811 30.195 
-0.87 40.361 
-0.865 37.825 
-0.895 46.354 
-0.882 42.564 
-0.85 35.069 
-0.808 30.075 
-0.839 31.787 
-0.882 42.564 
-0.895 46.354 
-0.85 35.069 
-0.797 26.908 
-0.839 31.787 
-0.808 30.075 
-0.897 46.984 
-0.876 40.972 
-0.791 26.605 
-0.905 51.836 
-0.871 40.75 
-0.838 31.654 
-0.791 26.605 
-0.879 41.663 
-0.878 41.212 
-0.836 31.0 
-0.853 35.471 
-0.896 46.392 
-0.853 35.471 
-0.861 36.815 
-0.856 35.982 
-0.862 37.18 
-0.836 31.0 
-0.833 30.574 
-0.906 51.886 
-0.831 30.566 
-0.856 35.982 
-0.811 30.195 
-0.88 42.126 
-0.833 30.574 
-0.858 36.323 
-0.864 37.538 
-0.864 37.538 
-0.863 37.26 
-0.881 42.402 
-0.88 42.126 
-0.857 36.214 
-0.86 36.612 
-0.859 36.387 
-0.871 40.75 
-0.86 36.612 
-0.881 42.402 
-0.857 36.214 
-0.863 37.26 
-0.859 36.387 
-0.906 51.886 
-0.83 30.226 
-0.831 30.566 
-0.906 51.886 
-0.882 42.564 
-0.85 35.069 
-0.839 31.787 
-0.808 30.075 
-0.905 51.836 
-0.791 26.605 
-0.853 35.471 
-0.836 31.0 
-0.856 35.982 
-0.811 30.195 
-0.833 30.574 
-0.864 37.538 
-0.88 42.126 
-0.86 36.612 
-0.859 36.387 
-0.857 36.214 
-0.881 42.402 
-0.863 37.26 
-0.906 51.886 
-0.882 42.564 
-0.839 31.787 
-0.808 30.075 
-0.905 51.836 
-0.791 26.605 
-0.853 35.471 
-0.836 31.0 
-0.811 30.195 
-0.833 30.574 
-0.864 37.538 
-0.88 42.126 
-0.86 36.612 
-0.859 36.387 
-0.857 36.214 
-0.881 42.402 
-0.863 37.26 
-0.906 51.886 
-0.882 42.564 
