-0.862 60.706 
-0.67 23.927 
-0.67 23.927 
-0.862 60.706 
-0.711 27.448 
-0.745 30.782 
-0.676 25.624 
-0.846 54.877 
-0.762 33.144 
-0.837 49.684 
-0.796 38.997 
-0.854 55.373 
-0.845 49.821 
-0.822 44.145 
-0.819 40.67 
-0.836 45.522 
-0.791 35.406 
-0.828 44.783 
-0.727 29.215 
-0.727 29.215 
-0.676 25.624 
-0.771 33.643 
-0.854 55.373 
-0.844 49.757 
-0.801 39.059 
-0.736 29.311 
-0.817 40.551 
-0.675 25.307 
-0.853 55.145 
-0.776 34.289 
-0.783 34.325 
-0.738 29.832 
-0.765 33.508 
-0.834 45.259 
-0.675 25.307 
-0.822 44.145 
-0.804 39.314 
-0.738 29.832 
-0.809 39.324 
-0.791 35.406 
-0.731 29.229 
-0.787 34.763 
-0.731 29.229 
-0.814 40.048 
-0.814 40.048 
-0.811 39.58 
-0.834 45.259 
-0.784 34.493 
-0.813 39.818 
-0.79 35.342 
-0.737 29.714 
-0.765 33.508 
-0.774 34.068 
-0.773 33.949 
-0.773 33.949 
-0.785 34.607 
-0.763 33.24 
-0.853 55.145 
-0.763 33.24 
-0.846 54.877 
-0.803 39.311 
-0.776 34.289 
-0.789 35.17 
-0.788 34.944 
-0.774 34.068 
-0.812 39.799 
-0.803 39.311 
-0.788 34.944 
-0.835 45.434 
-0.789 35.17 
-0.81 39.494 
-0.785 34.607 
-0.737 29.714 
-0.836 45.522 
-0.835 45.434 
-0.81 39.494 
-0.845 49.821 
-0.783 34.325 
-0.812 39.799 
-0.809 39.324 
-0.862 60.706 
-0.791 35.406 
-0.854 55.373 
-0.822 44.145 
-0.675 25.307 
-0.738 29.832 
-0.727 29.215 
-0.731 29.229 
-0.814 40.048 
-0.846 54.877 
-0.776 34.289 
-0.803 39.311 
-0.773 33.949 
-0.789 35.17 
-0.788 34.944 
-0.845 49.821 
-0.783 34.325 
-0.854 55.373 
-0.822 44.145 
-0.675 25.307 
