-0.665 23.57 
-0.862 60.615 
-0.665 23.57 
-0.7 27.416 
-0.846 54.877 
-0.801 38.84 
-0.854 55.372 
-0.845 49.767 
-0.676 25.624 
-0.73 28.9 
-0.844 49.679 
-0.836 45.47 
-0.822 44.145 
-0.75 32.332 
-0.791 35.406 
-0.82 40.949 
-0.675 25.295 
-0.716 27.872 
-0.758 32.898 
-0.791 35.406 
-0.711 27.448 
-0.853 55.055 
-0.676 25.624 
-0.67 23.927 
-0.854 55.372 
-0.828 44.776 
-0.771 33.457 
-0.746 30.86 
-0.836 45.47 
-0.844 49.679 
-0.763 33.219 
-0.828 44.776 
-0.738 29.689 
-0.745 30.782 
-0.804 39.312 
-0.834 45.207 
-0.774 34.068 
-0.745 30.782 
-0.738 29.689 
-0.716 27.872 
-0.809 39.323 
-0.779 34.183 
-0.822 44.145 
-0.761 32.985 
-0.67 23.927 
-0.734 29.156 
-0.667 23.903 
-0.746 30.86 
-0.811 39.579 
-0.819 40.665 
-0.737 29.55 
-0.786 34.631 
-0.715 27.77 
-0.785 34.366 
-0.714 27.525 
-0.784 34.297 
-0.82 40.949 
-0.772 33.646 
-0.734 29.156 
-0.81 39.36 
-0.813 39.818 
-0.736 29.304 
-0.834 45.207 
-0.816 40.259 
-0.812 39.798 
-0.814 40.048 
-0.818 40.517 
-0.773 33.727 
-0.779 34.183 
-0.713 27.453 
-0.79 35.16 
-0.817 40.499 
-0.771 33.457 
-0.763 33.219 
-0.789 35.077 
-0.788 34.847 
-0.711 27.448 
-0.803 39.093 
-0.667 23.903 
-0.816 40.259 
-0.814 40.048 
-0.782 34.255 
-0.781 34.253 
-0.846 54.877 
-0.835 45.382 
-0.802 39.008 
-0.762 33.144 
-0.736 29.304 
-0.788 34.847 
-0.787 34.715 
-0.774 34.068 
-0.845 49.767 
-0.835 45.382 
-0.803 39.093 
-0.802 39.008 
-0.787 34.715 
-0.79 35.16 
-0.789 35.077 
-0.773 33.727 
-0.762 33.144 
