-0.916 52.442 
-0.671 24.607 
-0.916 52.442 
-0.728 25.147 
-0.914 51.997 
-0.907 47.873 
-0.694 24.801 
-0.723 24.964 
-0.745 28.922 
-0.903 46.948 
-0.898 43.244 
-0.86 41.014 
-0.858 37.512 
-0.787 31.844 
-0.781 29.448 
-0.688 24.768 
-0.749 29.141 
-0.805 34.231 
-0.82 34.746 
-0.745 28.922 
-0.765 29.371 
-0.764 29.286 
-0.825 36.528 
-0.78 29.44 
-0.864 41.527 
-0.893 42.302 
-0.801 32.8 
-0.876 41.809 
-0.822 36.009 
-0.881 42.3 
-0.837 36.543 
-0.846 36.549 
-0.837 36.543 
-0.813 34.503 
-0.824 36.255 
-0.898 43.244 
-0.811 34.279 
-0.903 46.948 
-0.801 32.8 
-0.854 37.239 
-0.857 37.35 
-0.805 34.231 
-0.79 31.865 
-0.727 25.127 
-0.822 36.009 
-0.8 32.555 
-0.82 34.746 
-0.853 36.886 
-0.863 41.295 
-0.812 34.35 
-0.849 36.614 
-0.905 47.457 
-0.904 47.132 
-0.746 28.996 
-0.879 42.234 
-0.876 41.809 
-0.864 41.527 
-0.858 37.512 
-0.792 32.007 
-0.851 36.781 
-0.795 32.181 
-0.897 42.974 
-0.896 42.888 
-0.895 42.622 
-0.792 32.007 
-0.813 34.503 
-0.798 32.479 
-0.846 36.549 
-0.906 47.653 
-0.863 41.295 
-0.861 41.084 
-0.906 47.653 
-0.905 47.457 
-0.878 42.05 
-0.904 47.132 
-0.861 41.084 
-0.86 41.014 
-0.894 42.484 
-0.877 41.986 
-0.727 25.127 
-0.794 32.167 
-0.764 29.286 
-0.746 28.996 
-0.796 32.325 
-0.895 42.622 
-0.894 42.484 
-0.79 31.865 
-0.797 32.351 
-0.794 32.167 
-0.881 42.3 
-0.857 37.35 
-0.854 37.239 
-0.85 36.72 
-0.852 36.878 
-0.897 42.974 
-0.896 42.888 
-0.8 32.555 
-0.798 32.479 
-0.78 29.44 
-0.879 42.234 
