-0.916 52.355 
-0.916 52.355 
-0.701 24.479 
-0.701 24.479 
-0.737 28.494 
-0.913 51.849 
-0.907 47.873 
-0.903 46.862 
-0.898 43.204 
-0.849 36.481 
-0.859 40.815 
-0.824 36.251 
-0.728 25.124 
-0.858 37.501 
-0.752 28.637 
-0.777 29.16 
-0.723 24.836 
-0.79 31.779 
-0.752 28.637 
-0.785 29.938 
-0.88 42.129 
-0.804 34.059 
-0.892 42.141 
-0.822 36.009 
-0.82 34.694 
-0.801 32.747 
-0.737 28.494 
-0.874 41.707 
-0.865 41.432 
-0.728 25.124 
-0.907 47.873 
-0.785 29.938 
-0.811 34.278 
-0.812 34.301 
-0.818 34.384 
-0.913 51.849 
-0.898 43.204 
-0.903 46.862 
-0.805 34.085 
-0.863 41.165 
-0.854 37.101 
-0.781 29.448 
-0.905 47.264 
-0.777 29.16 
-0.779 29.39 
-0.725 24.976 
-0.861 41.012 
-0.801 32.747 
-0.781 29.448 
-0.819 34.543 
-0.856 37.246 
-0.874 41.707 
-0.864 41.393 
-0.906 47.487 
-0.8 32.555 
-0.823 36.235 
-0.878 41.897 
-0.778 29.197 
-0.914 51.997 
-0.723 24.836 
-0.822 36.009 
-0.86 40.952 
-0.851 36.702 
-0.793 32.087 
-0.795 32.158 
-0.82 34.694 
-0.914 51.997 
-0.865 41.432 
-0.724 24.895 
-0.791 31.916 
-0.858 37.501 
-0.857 37.266 
-0.799 32.495 
-0.896 42.855 
-0.895 42.622 
-0.876 41.809 
-0.897 42.974 
-0.853 36.875 
-0.906 47.487 
-0.904 47.046 
-0.878 41.897 
-0.876 41.809 
-0.793 32.087 
-0.805 34.085 
-0.904 47.046 
-0.895 42.622 
-0.894 42.444 
-0.791 31.916 
-0.796 32.325 
-0.894 42.444 
-0.893 42.279 
-0.727 25.122 
-0.85 36.626 
-0.893 42.279 
-0.727 25.122 
-0.897 42.974 
-0.896 42.855 
-0.852 36.814 
-0.798 32.45 
-0.797 32.351 
