-0.609 20.433 
-0.873 37.642 
-0.873 37.642 
-0.609 20.433 
-0.809 25.918 
-0.699 24.069 
-0.726 24.884 
-0.825 26.935 
-0.862 36.024 
-0.856 32.045 
-0.699 24.069 
-0.845 30.382 
-0.825 26.935 
-0.809 25.918 
-0.845 30.382 
-0.701 24.126 
-0.856 32.045 
-0.719 24.145 
-0.726 24.884 
-0.87 36.614 
-0.853 31.222 
-0.872 37.391 
-0.866 36.089 
-0.87 36.614 
-0.724 24.525 
-0.724 24.525 
-0.848 30.643 
-0.862 36.024 
-0.851 30.976 
-0.72 24.184 
-0.851 30.976 
-0.872 37.391 
-0.846 30.621 
-0.866 36.089 
-0.72 24.184 
-0.852 31.206 
-0.848 30.643 
-0.853 31.222 
-0.701 24.126 
-0.846 30.621 
-0.719 24.145 
-0.852 31.206 
-0.873 37.642 
-0.609 20.433 
-0.699 24.069 
-0.825 26.935 
-0.809 25.918 
-0.845 30.382 
-0.856 32.045 
-0.726 24.884 
-0.87 36.614 
-0.724 24.525 
-0.862 36.024 
-0.851 30.976 
-0.872 37.391 
-0.866 36.089 
-0.72 24.184 
-0.848 30.643 
-0.853 31.222 
-0.846 30.621 
-0.852 31.206 
-0.609 20.433 
-0.699 24.069 
-0.825 26.935 
-0.726 24.884 
-0.87 36.614 
-0.724 24.525 
-0.862 36.024 
-0.851 30.976 
-0.872 37.391 
-0.72 24.184 
-0.866 36.089 
-0.848 30.643 
-0.853 31.222 
-0.846 30.621 
-0.852 31.206 
-0.609 20.433 
-0.699 24.069 
-0.825 26.935 
-0.726 24.884 
-0.87 36.614 
-0.724 24.525 
-0.862 36.024 
-0.851 30.976 
-0.872 37.391 
-0.72 24.184 
-0.848 30.643 
-0.853 31.222 
-0.846 30.621 
-0.852 31.206 
-0.699 24.069 
-0.825 26.935 
-0.726 24.884 
-0.872 37.391 
-0.724 24.525 
-0.72 24.184 
-0.851 30.976 
-0.848 30.643 
-0.846 30.621 
-0.853 31.222 
