-0.723 25.337 
-0.91 57.832 
-0.723 25.337 
-0.91 57.832 
-0.778 29.063 
-0.748 27.443 
-0.821 34.608 
-0.9 52.709 
-0.899 47.357 
-0.856 41.052 
-0.885 46.479 
-0.851 38.019 
-0.909 57.577 
-0.908 53.006 
-0.809 31.784 
-0.787 29.781 
-0.801 31.179 
-0.884 43.156 
-0.747 27.436 
-0.84 35.912 
-0.733 26.051 
-0.826 35.624 
-0.809 31.784 
-0.865 41.369 
-0.734 26.389 
-0.877 41.56 
-0.794 30.437 
-0.896 46.563 
-0.863 41.343 
-0.841 36.635 
-0.883 42.637 
-0.795 30.716 
-0.734 26.389 
-0.825 35.155 
-0.907 52.892 
-0.85 37.081 
-0.901 52.74 
-0.898 47.04 
-0.849 36.898 
-0.846 36.846 
-0.897 46.711 
-0.846 36.846 
-0.825 35.155 
-0.877 41.56 
-0.884 43.156 
-0.88 42.002 
-0.881 42.152 
-0.795 30.716 
-0.88 42.002 
-0.881 42.152 
-0.899 47.357 
-0.84 35.912 
-0.826 35.624 
-0.909 57.577 
-0.841 36.635 
-0.85 37.081 
-0.907 52.892 
-0.901 52.74 
-0.908 53.006 
-0.885 46.479 
-0.9 52.709 
-0.907 52.892 
-0.825 35.155 
-0.734 26.389 
-0.884 43.156 
-0.899 47.357 
-0.907 52.892 
-0.85 37.081 
-0.885 46.479 
-0.899 47.357 
-0.884 43.156 
-0.841 36.635 
-0.884 43.156 
-0.734 26.389 
-0.907 52.892 
-0.825 35.155 
-0.907 52.892 
-0.907 52.892 
-0.899 47.357 
-0.884 43.156 
-0.91 57.832 
-0.884 43.156 
-0.884 43.156 
-0.88 42.002 
-0.907 52.892 
-0.907 52.892 
-0.884 43.156 
-0.907 52.892 
-0.9 52.709 
-0.877 41.56 
-0.907 52.892 
-0.907 52.892 
-0.907 52.892 
-0.899 47.357 
-0.907 52.892 
-0.907 52.892 
-0.899 47.357 
-0.884 43.156 
-0.734 26.389 
-0.907 52.892 
