-0.751 28.882 
-0.845 58.705 
-0.845 58.705 
-0.751 28.882 
-0.782 33.035 
-0.782 33.035 
-0.837 53.021 
-0.829 52.012 
-0.821 46.792 
-0.798 36.344 
-0.82 42.526 
-0.804 37.763 
-0.817 41.569 
-0.828 47.631 
-0.817 41.569 
-0.804 37.763 
-0.798 36.344 
-0.837 53.021 
-0.834 52.181 
-0.826 46.798 
-0.801 36.772 
-0.82 42.526 
-0.828 47.631 
-0.801 36.772 
-0.834 52.181 
-0.799 36.585 
-0.826 46.798 
-0.799 36.585 
-0.829 52.012 
-0.821 46.792 
-0.845 58.705 
-0.751 28.882 
-0.782 33.035 
-0.817 41.569 
-0.804 37.763 
-0.837 53.021 
-0.828 47.631 
-0.801 36.772 
-0.834 52.181 
-0.826 46.798 
-0.799 36.585 
-0.829 52.012 
-0.821 46.792 
-0.845 58.705 
-0.751 28.882 
-0.782 33.035 
-0.817 41.569 
-0.804 37.763 
-0.837 53.021 
-0.828 47.631 
-0.801 36.772 
-0.834 52.181 
-0.799 36.585 
-0.826 46.798 
-0.829 52.012 
-0.821 46.792 
-0.751 28.882 
-0.782 33.035 
-0.817 41.569 
-0.804 37.763 
-0.837 53.021 
-0.828 47.631 
-0.801 36.772 
-0.834 52.181 
-0.799 36.585 
-0.826 46.798 
-0.829 52.012 
-0.821 46.792 
-0.751 28.882 
-0.782 33.035 
-0.817 41.569 
-0.804 37.763 
-0.837 53.021 
-0.828 47.631 
-0.799 36.585 
-0.826 46.798 
-0.829 52.012 
-0.821 46.792 
-0.751 28.882 
-0.782 33.035 
-0.817 41.569 
-0.804 37.763 
-0.837 53.021 
-0.829 52.012 
-0.828 47.631 
-0.799 36.585 
-0.826 46.798 
-0.821 46.792 
-0.751 28.882 
-0.782 33.035 
-0.804 37.763 
-0.837 53.021 
-0.829 52.012 
-0.828 47.631 
-0.799 36.585 
-0.826 46.798 
-0.821 46.792 
-0.751 28.882 
-0.782 33.035 
-0.804 37.763 
