-0.698 24.296 
-0.917 57.998 
-0.698 24.296 
-0.911 48.388 
-0.834 32.792 
-0.707 26.585 
-0.734 27.203 
-0.908 48.011 
-0.884 37.875 
-0.902 43.363 
-0.838 36.321 
-0.775 30.323 
-0.748 28.462 
-0.775 30.323 
-0.889 41.788 
-0.747 28.262 
-0.807 31.236 
-0.863 36.96 
-0.793 30.57 
-0.792 30.486 
-0.88 37.002 
-0.808 32.383 
-0.734 27.203 
-0.89 42.107 
-0.82 32.564 
-0.82 32.564 
-0.898 42.753 
-0.748 28.462 
-0.707 26.585 
-0.911 48.388 
-0.908 48.011 
-0.846 36.386 
-0.846 36.386 
-0.854 36.454 
-0.902 43.363 
-0.86 36.474 
-0.889 41.788 
-0.854 36.454 
-0.807 31.236 
-0.899 42.786 
-0.881 37.184 
-0.882 37.471 
-0.838 36.321 
-0.901 43.08 
-0.901 43.08 
-0.862 36.693 
-0.883 37.616 
-0.808 32.383 
-0.862 36.693 
-0.861 36.516 
-0.883 37.616 
-0.861 36.516 
-0.707 26.585 
-0.883 37.616 
-0.707 26.585 
-0.862 36.693 
-0.883 37.616 
-0.707 26.585 
-0.862 36.693 
-0.707 26.585 
-0.775 30.323 
-0.862 36.693 
-0.807 31.236 
-0.854 36.454 
-0.775 30.323 
-0.908 48.011 
-0.883 37.616 
-0.707 26.585 
-0.707 26.585 
-0.908 48.011 
-0.854 36.454 
-0.862 36.693 
-0.707 26.585 
-0.883 37.616 
-0.862 36.693 
-0.902 43.363 
-0.707 26.585 
-0.908 48.011 
-0.883 37.616 
-0.775 30.323 
-0.908 48.011 
-0.846 36.386 
-0.901 43.08 
-0.883 37.616 
-0.883 37.616 
-0.862 36.693 
-0.775 30.323 
-0.862 36.693 
-0.707 26.585 
-0.775 30.323 
-0.854 36.454 
-0.854 36.454 
-0.698 24.296 
-0.807 31.236 
-0.807 31.236 
-0.854 36.454 
-0.707 26.585 
-0.862 36.693 
-0.707 26.585 
-0.707 26.585 
