-0.605 22.724 
-0.605 22.724 
-0.848 51.229 
-0.641 23.022 
-0.806 39.434 
-0.847 51.097 
-0.84 46.876 
-0.834 44.714 
-0.764 33.695 
-0.662 24.465 
-0.761 30.355 
-0.648 24.369 
-0.798 35.753 
-0.824 41.199 
-0.758 29.967 
-0.834 44.714 
-0.733 29.311 
-0.839 46.662 
-0.672 25.587 
-0.683 26.606 
-0.73 28.976 
-0.697 27.264 
-0.719 28.877 
-0.824 41.199 
-0.706 27.435 
-0.77 33.727 
-0.821 40.522 
-0.814 40.353 
-0.641 23.022 
-0.695 27.15 
-0.794 35.284 
-0.84 46.876 
-0.788 34.628 
-0.798 35.753 
-0.69 26.991 
-0.847 51.097 
-0.716 28.546 
-0.782 34.602 
-0.676 25.934 
-0.758 29.967 
-0.791 35.025 
-0.676 25.934 
-0.711 27.859 
-0.733 29.311 
-0.716 28.546 
-0.796 35.49 
-0.811 39.88 
-0.808 39.76 
-0.76 30.201 
-0.711 27.859 
-0.775 34.315 
-0.822 40.832 
-0.688 26.766 
-0.779 34.398 
-0.706 27.435 
-0.71 27.718 
-0.807 39.6 
-0.797 35.692 
-0.79 34.867 
-0.774 34.273 
-0.689 26.883 
-0.779 34.398 
-0.812 40.044 
-0.731 29.075 
-0.814 40.353 
-0.71 27.718 
-0.812 40.044 
-0.772 33.926 
-0.764 33.695 
-0.718 28.732 
-0.782 34.602 
-0.673 25.843 
-0.823 40.996 
-0.772 33.926 
-0.773 34.081 
-0.718 28.732 
-0.821 40.522 
-0.674 25.89 
-0.823 40.996 
-0.688 26.766 
-0.789 34.786 
-0.773 34.081 
-0.732 29.165 
-0.719 28.877 
-0.732 29.165 
-0.789 34.786 
-0.673 25.843 
-0.674 25.89 
-0.605 22.724 
-0.834 44.714 
-0.824 41.199 
-0.641 23.022 
-0.676 25.934 
-0.706 27.435 
-0.71 27.718 
-0.782 34.602 
-0.772 33.926 
-0.688 26.766 
-0.773 34.081 
-0.719 28.877 
