-0.605 22.724 
-0.605 22.724 
-0.848 51.228 
-0.847 51.096 
-0.641 23.022 
-0.764 33.694 
-0.84 46.874 
-0.804 39.023 
-0.761 30.352 
-0.834 44.714 
-0.824 41.199 
-0.798 35.753 
-0.755 29.692 
-0.662 24.465 
-0.733 29.31 
-0.672 25.587 
-0.836 44.929 
-0.648 24.369 
-0.839 46.66 
-0.643 23.511 
-0.728 28.855 
-0.782 34.282 
-0.834 44.714 
-0.824 41.199 
-0.712 28.221 
-0.718 28.732 
-0.706 27.435 
-0.662 24.465 
-0.683 26.606 
-0.817 40.143 
-0.697 27.264 
-0.774 34.273 
-0.695 27.147 
-0.84 46.874 
-0.683 26.606 
-0.676 25.934 
-0.77 33.727 
-0.791 35.023 
-0.676 25.934 
-0.798 35.753 
-0.812 40.044 
-0.711 27.76 
-0.755 29.692 
-0.688 26.766 
-0.69 26.991 
-0.648 24.369 
-0.786 34.421 
-0.716 28.546 
-0.706 27.435 
-0.758 29.967 
-0.73 28.976 
-0.716 28.546 
-0.794 35.284 
-0.641 23.022 
-0.82 40.358 
-0.811 39.88 
-0.71 27.718 
-0.808 39.759 
-0.758 29.967 
-0.733 29.31 
-0.797 35.649 
-0.794 35.284 
-0.789 34.785 
-0.674 25.882 
-0.787 34.61 
-0.822 40.83 
-0.821 40.522 
-0.731 29.075 
-0.697 27.264 
-0.71 27.718 
-0.796 35.49 
-0.772 33.926 
-0.76 30.201 
-0.673 25.843 
-0.806 39.434 
-0.805 39.183 
-0.718 28.732 
-0.76 30.201 
-0.82 40.358 
-0.796 35.49 
-0.823 40.995 
-0.772 33.926 
-0.773 34.081 
-0.807 39.6 
-0.806 39.434 
-0.823 40.995 
-0.822 40.83 
-0.821 40.522 
-0.805 39.183 
-0.688 26.766 
-0.807 39.6 
-0.788 34.627 
-0.79 34.867 
-0.69 26.991 
-0.773 34.081 
-0.77 33.727 
-0.732 29.161 
-0.786 34.421 
-0.811 39.88 
-0.808 39.759 
