-0.605 22.724 
-0.848 51.228 
-0.605 22.724 
-0.84 46.828 
-0.61 22.983 
-0.847 51.096 
-0.641 23.022 
-0.764 33.694 
-0.799 35.913 
-0.834 44.714 
-0.824 41.199 
-0.761 30.352 
-0.804 39.023 
-0.662 24.465 
-0.672 25.587 
-0.648 24.369 
-0.748 29.489 
-0.733 29.309 
-0.839 46.66 
-0.837 45.097 
-0.708 27.396 
-0.782 34.282 
-0.697 27.264 
-0.834 44.714 
-0.824 41.199 
-0.718 28.728 
-0.728 28.855 
-0.662 24.465 
-0.774 34.273 
-0.716 28.545 
-0.683 26.606 
-0.696 27.121 
-0.643 23.511 
-0.643 23.511 
-0.75 29.614 
-0.815 40.015 
-0.683 26.606 
-0.847 51.096 
-0.712 28.221 
-0.817 40.143 
-0.786 34.42 
-0.676 25.934 
-0.77 33.727 
-0.676 25.934 
-0.82 40.355 
-0.69 26.991 
-0.755 29.692 
-0.808 39.759 
-0.804 39.023 
-0.687 26.739 
-0.76 30.199 
-0.796 35.444 
-0.71 27.717 
-0.648 24.369 
-0.811 39.88 
-0.711 27.759 
-0.797 35.649 
-0.673 25.843 
-0.794 35.284 
-0.791 35.023 
-0.761 30.352 
-0.794 35.284 
-0.811 39.88 
-0.79 34.867 
-0.732 29.16 
-0.689 26.883 
-0.674 25.882 
-0.712 28.221 
-0.822 40.83 
-0.821 40.522 
-0.731 29.075 
-0.839 46.66 
-0.837 45.097 
-0.836 44.929 
-0.772 33.926 
-0.764 33.694 
-0.688 26.766 
-0.791 35.023 
-0.806 39.434 
-0.805 39.183 
-0.708 27.396 
-0.728 28.855 
-0.718 28.728 
-0.758 29.967 
-0.73 28.976 
-0.836 44.929 
-0.823 40.995 
-0.772 33.926 
-0.758 29.967 
-0.757 29.886 
-0.755 29.692 
-0.757 29.886 
-0.773 34.081 
-0.787 34.61 
-0.821 40.522 
-0.807 39.599 
-0.823 40.995 
-0.822 40.83 
-0.806 39.434 
-0.807 39.599 
