-0.844 55.943 
-0.63 28.953 
-0.844 55.943 
-0.707 32.745 
-0.653 30.026 
-0.828 45.248 
-0.841 50.907 
-0.833 49.398 
-0.732 33.33 
-0.652 30.021 
-0.773 35.098 
-0.767 34.49 
-0.775 38.154 
-0.797 42.971 
-0.796 39.87 
-0.727 32.787 
-0.653 30.026 
-0.75 33.973 
-0.813 44.71 
-0.753 34.006 
-0.837 49.734 
-0.788 38.446 
-0.776 38.304 
-0.841 50.907 
-0.828 45.248 
-0.799 43.186 
-0.813 44.71 
-0.833 49.398 
-0.75 33.973 
-0.773 35.098 
-0.837 49.734 
-0.804 43.701 
-0.803 43.5 
-0.727 32.787 
-0.808 44.179 
-0.809 44.318 
-0.794 39.222 
-0.789 38.606 
-0.753 34.006 
-0.808 44.179 
-0.804 43.701 
-0.796 39.87 
-0.795 39.393 
-0.79 38.814 
-0.793 39.025 
-0.809 44.318 
-0.798 42.985 
-0.803 43.5 
-0.793 39.025 
-0.79 38.814 
-0.795 39.393 
-0.752 33.988 
-0.788 38.446 
-0.776 38.304 
-0.752 33.988 
-0.844 55.943 
-0.727 32.787 
-0.653 30.026 
-0.773 35.098 
-0.837 49.734 
-0.796 39.87 
-0.804 43.701 
-0.809 44.318 
-0.795 39.393 
-0.788 38.446 
-0.776 38.304 
-0.844 55.943 
-0.727 32.787 
-0.653 30.026 
-0.837 49.734 
-0.796 39.87 
-0.773 35.098 
-0.809 44.318 
-0.795 39.393 
-0.788 38.446 
-0.776 38.304 
-0.844 55.943 
-0.727 32.787 
-0.653 30.026 
-0.809 44.318 
-0.837 49.734 
-0.796 39.87 
-0.773 35.098 
-0.795 39.393 
-0.776 38.304 
-0.844 55.943 
-0.653 30.026 
-0.809 44.318 
-0.837 49.734 
-0.796 39.87 
-0.795 39.393 
-0.776 38.304 
-0.844 55.943 
-0.809 44.318 
-0.837 49.734 
-0.796 39.87 
-0.795 39.393 
-0.776 38.304 
-0.837 49.734 
-0.809 44.318 
