-0.917 48.729 
-0.849 26.978 
-0.865 31.332 
-0.871 36.911 
-0.9 38.29 
-0.908 43.176 
-0.87 31.986 
-0.906 42.501 
-0.849 26.978 
-0.908 43.176 
-0.896 37.35 
-0.878 36.939 
-0.887 37.181 
-0.887 37.181 
-0.869 31.812 
-0.906 42.501 
-0.897 37.605 
-0.897 37.605 
-0.896 37.35 
-0.908 43.176 
-0.897 37.605 
-0.896 37.35 
-0.908 43.176 
-0.908 43.176 
-0.908 43.176 
-0.822 26.222 
-0.879 37.148 
-0.908 43.176 
-0.896 37.35 
-0.87 31.986 
-0.897 37.605 
-0.906 42.501 
-0.87 31.986 
-0.908 43.176 
-0.871 36.911 
-0.9 38.29 
-0.898 37.786 
-0.87 31.986 
-0.87 31.986 
-0.908 43.176 
-0.887 37.181 
-0.887 37.181 
-0.878 36.939 
-0.87 31.986 
-0.896 37.35 
-0.849 26.978 
-0.87 31.986 
-0.896 37.35 
-0.896 37.35 
-0.906 42.501 
-0.865 31.332 
-0.916 48.389 
-0.849 26.978 
-0.9 38.29 
-0.798 26.002 
-0.908 43.176 
-0.907 42.839 
-0.849 26.978 
-0.87 31.986 
-0.87 31.986 
-0.87 31.986 
-0.865 31.332 
-0.897 37.605 
-0.879 37.148 
-0.897 37.605 
-0.908 43.176 
-0.822 26.222 
-0.87 31.986 
-0.908 43.176 
-0.851 27.352 
-0.897 37.605 
-0.908 43.176 
-0.9 38.29 
-0.87 31.986 
-0.87 31.986 
-0.897 37.605 
-0.908 43.176 
-0.907 42.839 
-0.896 37.35 
-0.849 26.978 
-0.865 31.332 
-0.851 27.352 
