-0.798 25.976 
-0.798 25.976 
-0.917 48.673 
-0.864 31.147 
-0.88 33.174 
-0.822 26.222 
-0.822 26.222 
-0.849 26.978 
-0.916 48.334 
-0.909 43.738 
-0.851 27.037 
-0.886 37.136 
-0.905 42.054 
-0.9 38.29 
-0.851 27.037 
-0.88 33.174 
-0.895 37.168 
-0.909 43.738 
-0.871 32.154 
-0.916 48.334 
-0.869 31.719 
-0.887 37.145 
-0.905 42.054 
-0.9 38.29 
-0.871 32.154 
-0.886 37.136 
-0.849 26.978 
-0.865 31.332 
-0.899 37.96 
-0.908 43.176 
-0.907 42.839 
-0.906 42.426 
-0.865 31.332 
-0.906 42.426 
-0.908 43.176 
-0.907 42.839 
-0.898 37.786 
-0.897 37.51 
-0.87 31.986 
-0.896 37.35 
-0.898 37.786 
-0.87 31.986 
-0.897 37.51 
-0.896 37.35 
-0.887 37.145 
-0.798 25.976 
-0.822 26.222 
-0.851 27.037 
-0.916 48.334 
-0.9 38.29 
-0.871 32.154 
-0.849 26.978 
-0.865 31.332 
-0.908 43.176 
-0.907 42.839 
-0.896 37.35 
-0.887 37.145 
-0.898 37.786 
-0.87 31.986 
-0.897 37.51 
-0.798 25.976 
-0.822 26.222 
-0.865 31.332 
-0.851 27.037 
-0.9 38.29 
-0.849 26.978 
-0.908 43.176 
-0.907 42.839 
-0.896 37.35 
-0.898 37.786 
-0.87 31.986 
-0.897 37.51 
-0.822 26.222 
-0.865 31.332 
-0.9 38.29 
-0.849 26.978 
-0.908 43.176 
-0.907 42.839 
-0.896 37.35 
-0.898 37.786 
-0.87 31.986 
-0.822 26.222 
-0.865 31.332 
-0.9 38.29 
-0.849 26.978 
-0.908 43.176 
-0.907 42.839 
-0.898 37.786 
-0.896 37.35 
-0.87 31.986 
-0.849 26.978 
-0.908 43.176 
-0.896 37.35 
-0.908 43.176 
-0.896 37.35 
-0.908 43.176 
-0.908 43.176 
-0.908 43.176 
-0.908 43.176 
-0.896 37.35 
