-0.798 25.976 
-0.918 48.957 
-0.798 25.976 
-0.918 48.957 
-0.855 27.5 
-0.915 48.144 
-0.847 26.677 
-0.822 26.222 
-0.822 26.222 
-0.886 36.871 
-0.909 43.457 
-0.864 31.147 
-0.904 41.867 
-0.9 38.29 
-0.882 33.572 
-0.895 37.073 
-0.878 32.448 
-0.864 31.147 
-0.866 31.275 
-0.871 32.151 
-0.909 43.457 
-0.882 33.572 
-0.88 33.174 
-0.9 38.29 
-0.906 42.335 
-0.886 36.871 
-0.904 41.867 
-0.905 42.052 
-0.851 27.037 
-0.869 31.717 
-0.847 26.677 
-0.851 27.037 
-0.87 31.982 
-0.88 33.174 
-0.849 26.978 
-0.878 32.448 
-0.869 31.717 
-0.908 43.124 
-0.907 42.706 
-0.907 42.706 
-0.917 48.673 
-0.916 48.333 
-0.908 43.124 
-0.899 37.959 
-0.871 32.151 
-0.917 48.673 
-0.898 37.786 
-0.897 37.51 
-0.896 37.349 
-0.849 26.978 
-0.916 48.333 
-0.899 37.959 
-0.898 37.786 
-0.897 37.51 
-0.896 37.349 
-0.918 48.957 
-0.798 25.976 
-0.822 26.222 
-0.864 31.147 
-0.916 48.333 
-0.909 43.457 
-0.9 38.29 
-0.886 36.871 
-0.904 41.867 
-0.847 26.677 
-0.851 27.037 
-0.88 33.174 
-0.878 32.448 
-0.907 42.706 
-0.869 31.717 
-0.871 32.151 
-0.917 48.673 
-0.849 26.978 
-0.899 37.959 
-0.898 37.786 
-0.897 37.51 
-0.896 37.349 
-0.918 48.957 
-0.798 25.976 
-0.822 26.222 
-0.864 31.147 
-0.851 27.037 
-0.916 48.333 
-0.909 43.457 
-0.9 38.29 
-0.886 36.871 
-0.904 41.867 
-0.847 26.677 
-0.88 33.174 
-0.878 32.448 
-0.869 31.717 
-0.871 32.151 
-0.917 48.673 
-0.849 26.978 
-0.899 37.959 
-0.898 37.786 
-0.897 37.51 
-0.896 37.349 
-0.798 25.976 
-0.822 26.222 
