-0.909 52.412 
-0.727 26.412 
-0.909 52.412 
-0.727 26.412 
-0.796 26.432 
-0.732 26.43 
-0.813 30.646 
-0.908 51.974 
-0.906 47.761 
-0.882 41.671 
-0.853 32.157 
-0.881 37.208 
-0.854 36.085 
-0.899 47.112 
-0.898 42.899 
-0.805 27.253 
-0.829 30.804 
-0.87 36.779 
-0.858 36.689 
-0.89 42.358 
-0.846 31.441 
-0.88 37.117 
-0.87 36.779 
-0.897 42.472 
-0.805 27.253 
-0.838 31.343 
-0.837 31.168 
-0.829 30.804 
-0.813 30.646 
-0.9 47.545 
-0.797 26.829 
-0.846 31.441 
-0.886 42.127 
-0.802 26.994 
-0.853 32.157 
-0.886 42.127 
-0.732 26.43 
-0.857 36.475 
-0.882 41.671 
-0.802 26.994 
-0.899 47.112 
-0.898 42.899 
-0.857 36.475 
-0.854 36.085 
-0.837 31.168 
-0.906 47.761 
-0.88 37.117 
-0.9 47.545 
-0.797 26.829 
-0.897 42.472 
-0.838 31.343 
-0.881 37.208 
-0.858 36.689 
-0.796 26.432 
-0.909 52.412 
-0.727 26.412 
-0.87 36.779 
-0.829 30.804 
-0.813 30.646 
-0.846 31.441 
-0.853 32.157 
-0.886 42.127 
-0.732 26.43 
-0.898 42.899 
-0.837 31.168 
-0.906 47.761 
-0.88 37.117 
-0.9 47.545 
-0.797 26.829 
-0.897 42.472 
-0.838 31.343 
-0.881 37.208 
-0.858 36.689 
-0.796 26.432 
-0.727 26.412 
-0.909 52.412 
-0.813 30.646 
-0.87 36.779 
-0.846 31.441 
-0.853 32.157 
-0.886 42.127 
-0.732 26.43 
-0.898 42.899 
-0.837 31.168 
-0.88 37.117 
-0.797 26.829 
-0.9 47.545 
-0.897 42.472 
-0.838 31.343 
-0.881 37.208 
-0.858 36.689 
-0.796 26.432 
-0.909 52.412 
-0.813 30.646 
-0.87 36.779 
-0.846 31.441 
-0.886 42.127 
-0.853 32.157 
-0.732 26.43 
-0.898 42.899 
