-0.89 42.592 
-0.78 26.654 
-0.78 26.654 
-0.906 57.198 
-0.89 42.592 
-0.899 48.208 
-0.891 43.019 
-0.78 26.654 
-0.891 43.019 
-0.732 26.43 
-0.78 26.654 
-0.816 31.102 
-0.732 26.43 
-0.78 26.654 
-0.833 31.279 
-0.901 48.488 
-0.89 42.592 
-0.818 31.128 
-0.883 42.522 
-0.732 26.43 
-0.87 36.779 
-0.732 26.43 
-0.797 26.829 
-0.907 57.642 
-0.815 30.911 
-0.838 31.345 
-0.854 36.34 
-0.891 43.019 
-0.853 32.157 
-0.816 31.102 
-0.853 32.157 
-0.887 42.554 
-0.833 31.279 
-0.797 26.829 
-0.9 48.362 
-0.732 26.43 
-0.732 26.43 
-0.78 26.654 
-0.891 43.019 
-0.906 57.198 
-0.89 42.592 
-0.846 31.441 
-0.89 42.592 
-0.854 36.34 
-0.854 36.34 
-0.838 31.345 
-0.78 26.654 
-0.732 26.43 
-0.744 26.535 
-0.732 26.43 
-0.882 41.672 
-0.833 31.279 
-0.853 32.157 
-0.906 57.198 
-0.891 43.019 
-0.881 37.208 
-0.891 43.019 
-0.815 30.911 
