-0.732 26.43 
-0.909 52.412 
-0.909 52.412 
-0.732 26.43 
-0.744 26.535 
-0.802 27.369 
-0.898 42.899 
-0.881 37.208 
-0.78 26.654 
-0.853 32.157 
-0.904 52.267 
-0.9 47.545 
-0.854 36.34 
-0.882 41.672 
-0.901 48.488 
-0.815 30.911 
-0.837 31.168 
-0.797 26.829 
-0.818 31.128 
-0.858 36.689 
-0.78 26.654 
-0.87 36.779 
-0.815 30.911 
-0.846 31.441 
-0.87 36.779 
-0.883 42.522 
-0.901 48.488 
-0.838 31.345 
-0.9 47.545 
-0.89 42.592 
-0.846 31.441 
-0.887 42.554 
-0.882 41.672 
-0.797 26.829 
-0.853 32.157 
-0.89 42.592 
-0.881 37.208 
-0.854 36.34 
-0.816 31.102 
-0.818 31.128 
-0.838 31.345 
-0.883 42.522 
-0.816 31.102 
-0.78 26.654 
-0.89 42.592 
-0.78 26.654 
-0.78 26.654 
-0.732 26.43 
-0.78 26.654 
-0.89 42.592 
-0.732 26.43 
-0.732 26.43 
-0.816 31.102 
-0.853 32.157 
-0.797 26.829 
-0.732 26.43 
-0.732 26.43 
-0.78 26.654 
-0.89 42.592 
-0.89 42.592 
-0.854 36.34 
-0.854 36.34 
-0.838 31.345 
-0.78 26.654 
-0.732 26.43 
-0.732 26.43 
-0.853 32.157 
-0.815 30.911 
-0.881 37.208 
-0.732 26.43 
-0.78 26.654 
-0.78 26.654 
-0.797 26.829 
-0.882 41.672 
-0.901 48.488 
-0.78 26.654 
-0.882 41.672 
-0.78 26.654 
-0.732 26.43 
-0.853 32.157 
-0.846 31.441 
-0.854 36.34 
-0.883 42.522 
-0.732 26.43 
-0.854 36.34 
-0.853 32.157 
-0.853 32.157 
-0.846 31.441 
-0.732 26.43 
-0.838 31.345 
-0.732 26.43 
-0.797 26.829 
-0.797 26.829 
-0.818 31.128 
-0.78 26.654 
-0.883 42.522 
-0.854 36.34 
-0.797 26.829 
-0.78 26.654 
-0.901 48.488 
