-0.684 24.119 
-0.863 51.878 
-0.863 51.878 
-0.684 24.119 
-0.737 26.069 
-0.859 46.728 
-0.729 25.493 
-0.688 24.377 
-0.776 29.796 
-0.828 40.318 
-0.862 51.633 
-0.826 35.786 
-0.794 34.457 
-0.781 30.362 
-0.776 29.796 
-0.844 45.469 
-0.843 41.753 
-0.824 35.484 
-0.808 35.434 
-0.846 45.846 
-0.794 34.457 
-0.781 30.362 
-0.839 40.346 
-0.729 25.493 
-0.688 24.377 
-0.842 40.739 
-0.859 46.728 
-0.801 34.916 
-0.846 45.846 
-0.843 41.753 
-0.796 34.814 
-0.804 35.362 
-0.733 25.792 
-0.733 25.792 
-0.779 30.1 
-0.862 51.633 
-0.808 35.434 
-0.779 30.1 
-0.826 35.786 
-0.801 34.916 
-0.804 35.362 
-0.844 45.469 
-0.841 40.663 
-0.796 34.814 
-0.841 40.663 
-0.824 35.484 
-0.839 40.346 
-0.828 40.318 
-0.863 51.878 
-0.684 24.119 
-0.776 29.796 
-0.781 30.362 
-0.729 25.493 
-0.688 24.377 
-0.859 46.728 
-0.846 45.846 
-0.843 41.753 
-0.733 25.792 
-0.862 51.633 
-0.808 35.434 
-0.779 30.1 
-0.801 34.916 
-0.804 35.362 
-0.844 45.469 
-0.796 34.814 
-0.841 40.663 
-0.824 35.484 
-0.839 40.346 
-0.828 40.318 
-0.684 24.119 
-0.863 51.878 
-0.776 29.796 
-0.781 30.362 
-0.729 25.493 
-0.688 24.377 
-0.859 46.728 
-0.846 45.846 
-0.843 41.753 
-0.733 25.792 
-0.808 35.434 
-0.801 34.916 
-0.804 35.362 
-0.844 45.469 
-0.796 34.814 
-0.841 40.663 
-0.824 35.484 
-0.839 40.346 
-0.828 40.318 
-0.863 51.878 
-0.684 24.119 
-0.776 29.796 
-0.729 25.493 
-0.688 24.377 
-0.859 46.728 
-0.846 45.846 
-0.843 41.753 
-0.733 25.792 
-0.796 34.814 
-0.808 35.434 
-0.801 34.916 
