-0.722 29.74 
-0.783 35.15 
-0.799 39.542 
-0.783 35.15 
-0.783 35.15 
-0.783 35.15 
-0.783 35.15 
-0.713 28.098 
-0.783 35.15 
-0.782 35.096 
-0.812 40.308 
-0.799 39.542 
-0.783 35.15 
-0.722 29.74 
-0.801 39.963 
-0.722 29.74 
-0.783 35.15 
-0.783 35.15 
-0.829 40.761 
-0.79 35.781 
-0.812 40.308 
-0.722 29.74 
-0.799 39.542 
-0.83 46.136 
-0.783 35.15 
-0.783 35.15 
-0.779 34.131 
-0.722 29.74 
-0.783 35.15 
-0.863 51.881 
-0.799 39.542 
-0.799 39.542 
-0.783 35.15 
-0.79 35.781 
-0.783 35.15 
-0.847 47.057 
-0.801 39.963 
-0.783 35.15 
-0.783 35.15 
-0.795 39.258 
-0.799 39.542 
-0.779 34.131 
-0.801 39.963 
-0.713 28.098 
-0.783 35.15 
-0.781 34.38 
-0.783 35.15 
-0.722 29.74 
-0.764 30.056 
-0.713 28.098 
-0.794 35.897 
-0.783 35.15 
-0.783 35.15 
-0.829 40.761 
-0.783 35.15 
-0.783 35.15 
-0.783 35.15 
-0.826 40.534 
-0.799 39.542 
-0.806 40.006 
-0.83 46.136 
