-0.729 24.988 
-0.88 57.545 
-0.88 57.545 
-0.729 24.988 
-0.863 51.826 
-0.871 57.231 
-0.845 47.121 
-0.852 50.113 
-0.736 25.665 
-0.754 28.954 
-0.736 25.665 
-0.754 28.954 
-0.834 44.777 
-0.829 41.786 
-0.777 33.876 
-0.811 39.982 
-0.804 37.171 
-0.852 50.113 
-0.879 57.259 
-0.784 34.102 
-0.776 32.261 
-0.842 45.581 
-0.871 57.231 
-0.858 50.664 
-0.804 37.171 
-0.811 39.982 
-0.835 44.783 
-0.829 41.786 
-0.761 30.017 
-0.844 46.122 
-0.802 36.654 
-0.817 40.286 
-0.822 40.764 
-0.813 40.242 
-0.826 40.958 
-0.834 44.777 
-0.862 51.696 
-0.842 45.581 
-0.835 44.783 
-0.759 29.895 
-0.858 50.664 
-0.769 31.312 
-0.8 36.56 
-0.803 37.078 
-0.795 35.472 
-0.79 35.093 
-0.792 35.297 
-0.822 40.764 
-0.819 40.498 
-0.796 35.74 
-0.797 35.874 
-0.763 30.275 
-0.732 25.404 
-0.861 51.2 
-0.77 31.531 
-0.775 32.024 
-0.785 34.541 
-0.86 50.987 
-0.818 40.31 
-0.755 29.09 
-0.734 25.481 
-0.792 35.297 
-0.787 34.69 
-0.765 30.964 
-0.764 30.591 
-0.772 31.709 
-0.73 25.123 
-0.86 50.987 
-0.764 30.591 
-0.828 41.486 
-0.827 41.185 
-0.828 41.486 
-0.758 29.664 
-0.757 29.369 
-0.767 31.207 
-0.734 25.481 
-0.732 25.404 
-0.775 32.024 
-0.773 31.734 
-0.843 45.869 
-0.73 25.123 
-0.819 40.498 
-0.763 30.275 
-0.844 46.122 
-0.843 45.869 
-0.798 36.115 
-0.812 40.001 
-0.773 31.734 
-0.776 32.261 
-0.758 29.664 
-0.827 41.185 
-0.784 34.102 
-0.777 33.876 
-0.799 36.338 
-0.798 36.115 
-0.799 36.338 
-0.789 35.041 
-0.788 34.824 
-0.861 51.2 
-0.757 29.369 
