-0.86 51.693 
-0.725 26.119 
-0.86 51.693 
-0.725 26.119 
-0.739 29.146 
-0.783 33.606 
-0.806 39.91 
-0.828 41.371 
-0.853 51.283 
-0.845 46.98 
-0.831 45.091 
-0.787 34.431 
-0.757 29.787 
-0.764 33.084 
-0.805 37.29 
-0.762 30.307 
-0.819 40.22 
-0.763 33.041 
-0.844 46.076 
-0.845 46.98 
-0.792 35.953 
-0.837 46.029 
-0.853 51.283 
-0.835 45.417 
-0.797 36.149 
-0.795 36.044 
-0.859 51.503 
-0.854 51.418 
-0.803 36.904 
-0.792 35.953 
-0.757 29.787 
-0.823 40.249 
-0.831 45.091 
-0.759 30.032 
-0.826 40.853 
-0.8 36.537 
-0.826 40.853 
-0.764 33.084 
-0.759 30.032 
-0.836 45.587 
-0.823 40.249 
-0.8 36.537 
-0.827 41.058 
-0.806 39.91 
-0.762 30.307 
-0.821 40.221 
-0.801 36.744 
-0.827 41.058 
-0.821 40.221 
-0.836 45.587 
-0.802 36.778 
-0.859 51.503 
-0.854 51.418 
-0.837 46.029 
-0.763 33.041 
-0.802 36.778 
-0.801 36.744 
-0.725 26.119 
-0.86 51.693 
-0.845 46.98 
-0.853 51.283 
-0.792 35.953 
-0.759 30.032 
-0.8 36.537 
-0.806 39.91 
-0.827 41.058 
-0.859 51.503 
-0.854 51.418 
-0.837 46.029 
-0.801 36.744 
-0.806 39.91 
-0.806 39.91 
-0.806 39.91 
-0.806 39.91 
-0.806 39.91 
-0.806 39.91 
-0.806 39.91 
-0.806 39.91 
-0.837 46.029 
-0.859 51.503 
-0.806 39.91 
-0.854 51.418 
-0.806 39.91 
-0.806 39.91 
-0.806 39.91 
-0.792 35.953 
-0.854 51.418 
-0.806 39.91 
-0.806 39.91 
-0.806 39.91 
-0.792 35.953 
-0.806 39.91 
-0.792 35.953 
-0.806 39.91 
-0.806 39.91 
-0.806 39.91 
-0.806 39.91 
-0.806 39.91 
-0.806 39.91 
-0.806 39.91 
