-0.814 40.679 
-0.801 37.206 
-0.813 40.676 
-0.796 36.545 
-0.814 40.679 
-0.832 45.505 
-0.796 36.545 
-0.796 36.545 
-0.786 35.98 
-0.859 52.108 
-0.792 36.244 
-0.763 33.046 
-0.739 29.904 
-0.796 36.545 
-0.796 36.545 
-0.78 35.456 
-0.845 47.106 
-0.796 36.545 
-0.783 35.931 
-0.825 40.882 
-0.856 51.964 
-0.796 36.545 
-0.806 40.563 
-0.739 29.904 
-0.859 52.108 
-0.814 40.679 
-0.783 35.931 
-0.813 40.676 
-0.856 51.964 
-0.786 35.98 
-0.801 37.206 
-0.759 31.038 
-0.739 29.904 
-0.796 36.545 
-0.783 35.931 
-0.821 40.838 
-0.778 34.15 
-0.78 35.456 
-0.796 36.545 
-0.778 34.15 
-0.796 36.545 
-0.762 32.694 
-0.782 35.795 
-0.836 45.854 
-0.78 35.456 
-0.802 37.515 
