-0.738 29.18 
-0.675 25.295 
-0.775 34.739 
-0.76 29.802 
-0.796 40.075 
-0.738 29.18 
-0.775 34.739 
-0.813 45.073 
-0.79 35.366 
-0.789 35.329 
-0.709 28.286 
-0.738 29.18 
-0.76 29.802 
-0.757 29.693 
-0.64 24.239 
-0.795 39.573 
-0.791 35.978 
-0.789 35.329 
-0.675 25.295 
-0.765 33.907 
-0.756 29.359 
-0.814 50.061 
-0.813 45.073 
-0.775 34.739 
-0.814 50.061 
-0.708 27.883 
-0.762 33.423 
-0.739 29.238 
-0.738 29.18 
-0.775 34.739 
-0.73 28.863 
-0.711 28.453 
-0.761 30.092 
-0.64 24.239 
-0.738 29.18 
-0.814 50.061 
-0.758 29.695 
-0.642 24.411 
-0.814 50.061 
-0.733 28.998 
-0.724 28.611 
-0.789 35.329 
-0.739 29.238 
-0.79 35.366 
-0.759 29.732 
-0.807 40.5 
-0.756 29.359 
-0.709 28.286 
-0.764 33.713 
-0.67 25.257 
-0.71 28.413 
-0.788 35.167 
-0.775 34.739 
-0.738 29.18 
-0.738 29.18 
-0.76 29.802 
