-0.662 23.687 
-0.862 51.841 
-0.662 23.687 
-0.861 47.251 
-0.811 35.8 
-0.845 42.08 
-0.732 28.954 
-0.767 33.86 
-0.679 25.773 
-0.849 46.226 
-0.712 27.491 
-0.813 39.673 
-0.695 27.435 
-0.679 25.773 
-0.748 29.025 
-0.762 30.925 
-0.826 40.205 
-0.722 28.048 
-0.815 39.68 
-0.695 27.435 
-0.834 41.554 
-0.844 42.064 
-0.85 46.704 
-0.789 34.659 
-0.802 34.973 
-0.755 29.657 
-0.859 46.827 
-0.802 34.973 
-0.826 40.205 
-0.762 30.925 
-0.833 41.422 
-0.781 34.651 
-0.771 34.163 
-0.721 28.036 
-0.778 34.18 
-0.759 30.121 
-0.833 41.422 
-0.811 35.8 
-0.849 46.226 
-0.795 34.723 
-0.794 34.692 
-0.759 30.121 
-0.721 28.036 
-0.771 34.163 
-0.756 29.701 
-0.779 34.423 
-0.756 29.701 
-0.859 46.827 
-0.795 34.723 
-0.779 34.423 
-0.781 34.651 
-0.813 39.673 
-0.778 34.18 
-0.662 23.687 
-0.679 25.773 
-0.695 27.435 
-0.762 30.925 
-0.826 40.205 
-0.811 35.8 
-0.795 34.723 
-0.759 30.121 
-0.756 29.701 
-0.778 34.18 
-0.756 29.701 
-0.756 29.701 
-0.756 29.701 
-0.756 29.701 
-0.756 29.701 
-0.756 29.701 
-0.756 29.701 
-0.662 23.687 
-0.756 29.701 
-0.826 40.205 
-0.756 29.701 
-0.795 34.723 
-0.756 29.701 
-0.756 29.701 
-0.756 29.701 
-0.756 29.701 
-0.756 29.701 
-0.826 40.205 
-0.756 29.701 
-0.756 29.701 
-0.795 34.723 
-0.756 29.701 
-0.662 23.687 
-0.679 25.773 
-0.826 40.205 
-0.811 35.8 
-0.756 29.701 
-0.756 29.701 
-0.679 25.773 
-0.756 29.701 
-0.756 29.701 
-0.756 29.701 
-0.756 29.701 
-0.756 29.701 
-0.756 29.701 
-0.756 29.701 
-0.756 29.701 
