-0.686 25.306 
-0.871 57.172 
-0.686 25.306 
-0.871 57.172 
-0.846 50.066 
-0.861 52.161 
-0.82 40.104 
-0.723 25.858 
-0.805 37.201 
-0.716 25.417 
-0.839 46.233 
-0.764 33.052 
-0.829 41.574 
-0.73 28.973 
-0.831 45.11 
-0.854 51.342 
-0.763 30.379 
-0.847 51.289 
-0.861 52.161 
-0.827 41.046 
-0.759 29.644 
-0.774 34.101 
-0.787 34.698 
-0.739 29.186 
-0.792 35.445 
-0.772 33.588 
-0.749 29.487 
-0.784 34.135 
-0.8 36.448 
-0.837 45.679 
-0.73 28.973 
-0.821 40.424 
-0.716 25.417 
-0.745 29.323 
-0.802 36.903 
-0.831 45.11 
-0.786 34.46 
-0.772 33.588 
-0.74 29.187 
-0.821 40.424 
-0.837 45.679 
-0.838 46.182 
-0.749 29.487 
-0.785 34.136 
-0.794 35.763 
-0.746 29.449 
-0.761 29.867 
-0.803 36.938 
-0.797 36.147 
-0.797 36.147 
-0.762 30.142 
-0.762 30.142 
-0.796 36.125 
-0.795 35.893 
-0.804 37.169 
-0.761 29.867 
-0.774 34.101 
-0.793 35.574 
-0.74 29.187 
-0.795 35.893 
-0.793 35.574 
-0.838 46.182 
-0.746 29.449 
-0.784 34.135 
-0.804 37.169 
-0.796 36.125 
-0.871 57.172 
-0.716 25.417 
-0.797 36.147 
-0.749 29.487 
-0.795 35.893 
-0.838 46.182 
-0.774 34.101 
-0.74 29.187 
-0.761 29.867 
-0.804 37.169 
-0.797 36.147 
-0.795 35.893 
-0.804 37.169 
-0.795 35.893 
-0.797 36.147 
-0.804 37.169 
-0.804 37.169 
-0.749 29.487 
-0.716 25.417 
-0.797 36.147 
-0.716 25.417 
-0.804 37.169 
-0.761 29.867 
-0.804 37.169 
-0.774 34.101 
-0.797 36.147 
-0.795 35.893 
-0.795 35.893 
-0.797 36.147 
-0.821 40.424 
-0.784 34.135 
-0.804 37.169 
-0.838 46.182 
-0.749 29.487 
