-0.955 64.361 
-0.793 27.204 
-0.955 64.361 
-0.806 31.391 
-0.953 49.867 
-0.954 59.748 
-0.838 31.408 
-0.932 43.996 
-0.865 31.606 
-0.838 31.408 
-0.899 36.949 
-0.886 31.706 
-0.865 31.606 
-0.954 59.748 
-0.927 39.621 
-0.951 49.229 
-0.892 33.188 
-0.945 45.219 
-0.907 37.719 
-0.92 37.792 
-0.806 31.391 
-0.892 33.188 
-0.943 44.269 
-0.899 36.949 
-0.923 38.086 
-0.935 44.184 
-0.951 49.229 
-0.945 45.219 
-0.906 37.417 
-0.927 39.621 
-0.889 32.136 
-0.889 32.136 
-0.953 49.867 
-0.944 44.589 
-0.925 38.71 
-0.926 39.001 
-0.886 31.706 
-0.935 44.184 
-0.92 37.792 
-0.925 38.71 
-0.906 37.417 
-0.944 44.589 
-0.926 39.001 
-0.955 64.361 
-0.806 31.391 
-0.838 31.408 
-0.865 31.606 
-0.954 59.748 
-0.892 33.188 
-0.951 49.229 
-0.945 45.219 
-0.906 37.417 
-0.927 39.621 
-0.889 32.136 
-0.953 49.867 
-0.886 31.706 
-0.925 38.71 
-0.926 39.001 
-0.944 44.589 
-0.806 31.391 
-0.955 64.361 
-0.838 31.408 
-0.865 31.606 
-0.954 59.748 
-0.892 33.188 
-0.951 49.229 
-0.945 45.219 
-0.906 37.417 
-0.889 32.136 
-0.953 49.867 
-0.927 39.621 
-0.926 39.001 
-0.925 38.71 
-0.944 44.589 
-0.955 64.361 
-0.806 31.391 
-0.838 31.408 
-0.954 59.748 
-0.892 33.188 
-0.906 37.417 
-0.945 45.219 
-0.865 31.606 
-0.953 49.867 
-0.927 39.621 
-0.926 39.001 
-0.944 44.589 
-0.806 31.391 
-0.838 31.408 
-0.954 59.748 
-0.892 33.188 
-0.906 37.417 
-0.945 45.219 
-0.865 31.606 
-0.953 49.867 
-0.927 39.621 
-0.944 44.589 
-0.806 31.391 
-0.838 31.408 
-0.953 49.867 
-0.954 59.748 
