-0.955 64.361 
-0.793 27.204 
-0.793 27.204 
-0.955 64.361 
-0.82 28.145 
-0.953 49.867 
-0.954 59.748 
-0.853 30.935 
-0.853 30.935 
-0.886 31.698 
-0.865 31.582 
-0.954 59.748 
-0.927 39.538 
-0.951 49.134 
-0.895 36.743 
-0.945 45.122 
-0.892 33.187 
-0.929 43.019 
-0.907 37.719 
-0.92 37.792 
-0.864 31.535 
-0.941 43.781 
-0.951 49.134 
-0.933 43.556 
-0.945 45.122 
-0.905 37.035 
-0.899 36.929 
-0.889 32.128 
-0.892 33.187 
-0.953 49.867 
-0.895 36.743 
-0.887 32.09 
-0.864 31.535 
-0.923 38.079 
-0.926 39.001 
-0.944 44.589 
-0.898 36.915 
-0.932 43.334 
-0.942 44.176 
-0.89 32.515 
-0.906 37.417 
-0.891 32.894 
-0.89 32.515 
-0.924 38.41 
-0.944 44.589 
-0.943 44.269 
-0.926 39.001 
-0.925 38.691 
-0.906 37.417 
-0.932 43.334 
-0.93 43.041 
-0.891 32.894 
-0.925 38.691 
-0.924 38.41 
-0.923 38.079 
-0.921 37.807 
-0.93 43.041 
-0.929 43.019 
-0.921 37.807 
-0.941 43.781 
-0.933 43.556 
-0.898 36.915 
-0.886 31.698 
-0.865 31.582 
-0.905 37.035 
-0.899 36.929 
-0.943 44.269 
-0.942 44.176 
-0.92 37.792 
-0.907 37.719 
-0.887 32.09 
-0.793 27.204 
-0.955 64.361 
-0.853 30.935 
-0.954 59.748 
-0.951 49.134 
-0.892 33.187 
-0.953 49.867 
-0.864 31.535 
-0.89 32.515 
-0.944 44.589 
-0.926 39.001 
-0.906 37.417 
-0.932 43.334 
-0.891 32.894 
-0.925 38.691 
-0.924 38.41 
-0.923 38.079 
-0.93 43.041 
-0.929 43.019 
-0.921 37.807 
-0.941 43.781 
-0.933 43.556 
-0.898 36.915 
-0.886 31.698 
-0.865 31.582 
-0.905 37.035 
-0.899 36.929 
-0.943 44.269 
-0.942 44.176 
