-0.908 60.206 
-0.651 26.266 
-0.651 26.266 
-0.884 53.995 
-0.745 30.653 
-0.879 52.875 
-0.874 48.135 
-0.711 30.288 
-0.676 27.033 
-0.698 27.143 
-0.845 42.141 
-0.851 46.664 
-0.85 43.454 
-0.825 38.959 
-0.884 53.995 
-0.845 42.141 
-0.78 32.908 
-0.825 38.959 
-0.801 37.162 
-0.667 26.491 
-0.87 47.092 
-0.818 37.32 
-0.853 46.929 
-0.71 30.215 
-0.7 27.986 
-0.783 33.633 
-0.757 31.051 
-0.784 35.485 
-0.767 32.339 
-0.801 37.162 
-0.789 36.445 
-0.747 30.866 
-0.71 30.215 
-0.7 27.986 
-0.67 27.015 
-0.699 27.968 
-0.766 32.26 
-0.765 31.451 
-0.847 42.705 
-0.873 47.957 
-0.788 36.364 
-0.787 35.625 
-0.789 36.445 
-0.874 48.135 
-0.847 42.705 
-0.849 43.366 
-0.761 31.138 
-0.883 53.904 
-0.881 53.264 
-0.879 52.875 
-0.782 33.52 
-0.767 32.339 
-0.88 52.965 
-0.667 26.491 
-0.872 47.515 
-0.881 53.264 
-0.824 38.573 
-0.711 30.288 
-0.824 38.573 
-0.823 38.253 
-0.747 30.866 
-0.67 27.015 
-0.871 47.373 
-0.763 31.402 
-0.822 38.099 
-0.821 37.849 
-0.782 33.52 
-0.819 37.564 
-0.821 37.849 
-0.82 37.606 
-0.883 53.904 
-0.849 43.366 
-0.761 31.138 
-0.786 35.544 
-0.852 46.752 
-0.87 47.092 
-0.853 46.929 
-0.818 37.32 
-0.823 38.253 
-0.822 38.099 
-0.872 47.515 
-0.871 47.373 
-0.763 31.402 
-0.698 27.143 
-0.85 43.454 
-0.852 46.752 
-0.851 46.664 
-0.787 35.625 
-0.788 36.364 
-0.766 32.26 
-0.786 35.544 
-0.784 35.485 
-0.765 31.451 
-0.764 31.404 
-0.82 37.606 
-0.819 37.564 
-0.699 27.968 
-0.764 31.404 
-0.845 42.141 
-0.825 38.959 
