-0.703 30.392 
-0.892 50.761 
-0.703 30.392 
-0.892 50.761 
-0.755 32.629 
-0.705 30.768 
-0.766 36.264 
-0.825 37.983 
-0.844 42.943 
-0.875 48.297 
-0.874 45.06 
-0.757 32.999 
-0.839 40.136 
-0.804 37.662 
-0.887 49.566 
-0.785 36.894 
-0.785 36.894 
-0.801 37.199 
-0.705 30.768 
-0.829 38.851 
-0.858 43.523 
-0.846 43.407 
-0.766 36.264 
-0.873 44.992 
-0.839 40.136 
-0.877 48.428 
-0.757 32.999 
-0.863 44.149 
-0.865 44.501 
-0.877 48.428 
-0.861 43.602 
-0.891 49.945 
-0.835 39.311 
-0.865 44.501 
-0.845 43.271 
-0.835 39.311 
-0.833 39.188 
-0.833 39.188 
-0.801 37.199 
-0.803 37.599 
-0.888 49.701 
-0.891 49.945 
-0.888 49.701 
-0.803 37.599 
-0.703 30.392 
-0.785 36.894 
-0.705 30.768 
-0.888 49.701 
-0.877 48.428 
-0.839 40.136 
-0.803 37.599 
-0.835 39.311 
-0.801 37.199 
-0.891 49.945 
-0.888 49.701 
-0.888 49.701 
-0.888 49.701 
-0.888 49.701 
-0.888 49.701 
-0.839 40.136 
-0.785 36.894 
-0.888 49.701 
-0.803 37.599 
-0.839 40.136 
-0.705 30.768 
-0.888 49.701 
-0.801 37.199 
-0.785 36.894 
-0.888 49.701 
-0.888 49.701 
-0.888 49.701 
-0.803 37.599 
-0.705 30.768 
-0.888 49.701 
-0.888 49.701 
-0.785 36.894 
-0.801 37.199 
-0.705 30.768 
-0.839 40.136 
-0.785 36.894 
-0.888 49.701 
-0.888 49.701 
-0.801 37.199 
-0.839 40.136 
-0.888 49.701 
-0.888 49.701 
-0.888 49.701 
-0.785 36.894 
-0.801 37.199 
-0.801 37.199 
-0.888 49.701 
-0.803 37.599 
-0.888 49.701 
-0.835 39.311 
-0.888 49.701 
-0.888 49.701 
-0.888 49.701 
-0.888 49.701 
-0.803 37.599 
-0.801 37.199 
