-0.833 42.321 
-0.802 38.805 
-0.888 49.701 
-0.833 42.321 
-0.758 37.068 
-0.836 42.872 
-0.802 38.805 
-0.784 37.61 
-0.718 33.002 
-0.785 37.802 
-0.816 41.735 
-0.864 49.107 
-0.845 43.38 
-0.833 42.321 
-0.836 42.872 
-0.836 42.872 
-0.732 35.439 
-0.784 37.61 
-0.833 42.321 
-0.815 39.988 
-0.785 37.802 
-0.872 49.114 
-0.802 38.805 
-0.743 35.728 
-0.888 49.701 
-0.847 44.088 
-0.838 43.363 
-0.816 41.735 
-0.833 42.321 
-0.833 42.321 
-0.784 37.61 
-0.785 37.802 
-0.816 41.735 
-0.732 35.439 
-0.833 42.321 
-0.833 42.321 
-0.847 44.088 
-0.815 39.988 
-0.802 38.805 
-0.833 42.321 
-0.872 49.114 
-0.856 44.294 
-0.847 44.088 
-0.758 37.068 
-0.808 39.284 
-0.785 37.802 
-0.8 38.12 
-0.847 44.088 
-0.815 39.988 
-0.833 42.321 
-0.815 39.988 
-0.89 55.066 
-0.718 33.002 
-0.864 49.107 
-0.802 38.805 
