-0.727 26.074 
-0.727 26.074 
-0.881 52.23 
-0.839 40.59 
-0.864 47.995 
-0.853 45.64 
-0.806 36.02 
-0.746 26.261 
-0.769 30.349 
-0.864 47.995 
-0.822 36.231 
-0.75 30.216 
-0.749 30.1 
-0.747 26.894 
-0.846 42.635 
-0.829 37.701 
-0.791 34.589 
-0.787 30.946 
-0.8 34.778 
-0.784 30.623 
-0.789 32.723 
-0.853 45.64 
-0.789 32.723 
-0.846 42.635 
-0.829 37.701 
-0.861 46.645 
-0.794 34.651 
-0.776 30.567 
-0.861 46.645 
-0.845 41.711 
-0.824 36.63 
-0.771 30.444 
-0.806 36.02 
-0.863 47.117 
-0.8 34.778 
-0.842 41.443 
-0.747 26.894 
-0.828 37.327 
-0.775 30.563 
-0.787 30.946 
-0.863 47.117 
-0.825 36.983 
-0.842 41.443 
-0.749 30.1 
-0.845 41.711 
-0.843 41.445 
-0.828 37.327 
-0.826 37.068 
-0.826 37.068 
-0.746 26.261 
-0.843 41.445 
-0.775 30.563 
-0.825 36.983 
-0.776 30.567 
-0.727 26.074 
-0.846 42.635 
-0.789 32.723 
-0.829 37.701 
-0.861 46.645 
-0.806 36.02 
-0.747 26.894 
-0.863 47.117 
-0.749 30.1 
-0.842 41.443 
-0.845 41.711 
-0.746 26.261 
-0.843 41.445 
-0.775 30.563 
-0.776 30.567 
-0.727 26.074 
-0.846 42.635 
-0.806 36.02 
-0.747 26.894 
-0.863 47.117 
-0.749 30.1 
-0.842 41.443 
-0.775 30.563 
-0.843 41.445 
-0.776 30.567 
-0.846 42.635 
-0.806 36.02 
-0.747 26.894 
-0.749 30.1 
-0.863 47.117 
-0.776 30.567 
-0.843 41.445 
-0.775 30.563 
-0.806 36.02 
-0.863 47.117 
-0.776 30.567 
-0.806 36.02 
-0.776 30.567 
-0.806 36.02 
-0.776 30.567 
-0.776 30.567 
-0.843 41.445 
-0.749 30.1 
-0.747 26.894 
-0.845 41.711 
-0.806 36.02 
