-0.744 25.88 
-0.881 52.133 
-0.744 25.88 
-0.881 52.133 
-0.767 29.96 
-0.852 45.503 
-0.864 47.35 
-0.75 26.557 
-0.846 41.914 
-0.864 47.35 
-0.834 40.224 
-0.767 29.96 
-0.75 26.557 
-0.782 30.162 
-0.829 37.611 
-0.822 36.23 
-0.803 35.029 
-0.81 36.208 
-0.787 30.86 
-0.788 32.574 
-0.839 40.537 
-0.798 34.306 
-0.79 33.003 
-0.798 34.306 
-0.79 33.003 
-0.843 41.301 
-0.846 41.914 
-0.857 45.895 
-0.829 37.611 
-0.834 40.224 
-0.807 35.831 
-0.748 26.466 
-0.807 35.831 
-0.8 34.692 
-0.809 36.124 
-0.857 45.895 
-0.825 36.981 
-0.784 30.541 
-0.86 46.555 
-0.828 37.238 
-0.824 36.545 
-0.853 45.554 
-0.841 40.909 
-0.862 46.731 
-0.746 26.26 
-0.841 40.909 
-0.8 34.692 
-0.845 41.623 
-0.86 46.555 
-0.746 26.26 
-0.827 37.162 
-0.853 45.554 
-0.863 47.027 
-0.845 41.623 
-0.787 30.86 
-0.784 30.541 
-0.824 36.545 
-0.863 47.027 
-0.783 30.247 
-0.789 32.723 
-0.822 36.23 
-0.782 30.162 
-0.789 32.723 
-0.826 37.067 
-0.861 46.645 
-0.826 37.067 
-0.861 46.645 
-0.783 30.247 
-0.81 36.208 
-0.881 52.133 
-0.744 25.88 
-0.767 29.96 
-0.798 34.306 
-0.79 33.003 
-0.846 41.914 
-0.829 37.611 
-0.807 35.831 
-0.857 45.895 
-0.8 34.692 
-0.86 46.555 
-0.81 36.208 
-0.853 45.554 
-0.787 30.86 
-0.824 36.545 
-0.863 47.027 
-0.826 37.067 
-0.822 36.23 
-0.782 30.162 
-0.845 41.623 
-0.789 32.723 
-0.861 46.645 
-0.783 30.247 
-0.881 52.133 
-0.744 25.88 
-0.767 29.96 
-0.798 34.306 
-0.79 33.003 
-0.829 37.611 
-0.8 34.692 
-0.86 46.555 
