P=? [ F (x=9&y=9&crashed=0) ]	R{"cost"}=? [ C<=100 ]
-0.0	0.0
0.947	94.134
-0.0	0.0
0.947	94.134
0.626	19.749
0.626	19.749
0.917	72.555
0.916	63.104
0.709	23.317
0.946	88.968
0.937	83.908
0.906	61.764
0.946	88.968
0.937	83.908
0.927	78.041
0.936	79.254
0.926	73.693
0.894	56.729
0.89	52.597
0.709	23.317
0.723	27.187
0.887	51.568
0.881	47.741
0.841	40.124
0.831	36.405
0.9	57.986
0.857	44.922
0.856	41.629
0.717	24.073
0.764	29.252
0.811	34.473
0.804	31.66
0.738	27.874
0.764	29.252
0.914	62.663
0.786	30.208
0.774	30.064
0.738	27.874
0.733	27.239
0.907	62.472
0.831	36.405
0.841	40.124
0.935	78.837
0.889	52.349
0.852	40.912
0.804	31.66
0.768	29.767
0.717	24.073
0.715	23.652
0.9	57.986
0.869	46.605
0.881	47.741
0.888	51.592
0.825	35.352
0.829	36.039
0.843	40.345
0.88	47.332
0.813	34.688
0.811	34.473
0.922	72.953
0.935	78.837
0.927	78.041
0.923	73.353
0.82	35.021
0.795	30.607
0.801	30.99
0.863	45.894
0.79	30.531
0.876	46.657
0.894	56.729
0.863	45.894
0.899	57.569
0.875	46.635
0.82	35.021
0.844	40.746
0.854	41.438
0.867	46.42
0.86	45.534
0.795	30.607
0.898	57.43
0.723	27.187
0.89	52.597
0.774	30.064
0.846	40.776
0.897	57.103
0.887	51.568
0.879	47.025
0.803	31.258
0.859	45.148
0.867	46.42
0.801	30.99
0.828	35.768
0.786	30.208
0.916	63.104
0.715	23.652
0.813	34.688
0.824	35.219
0.737	27.814
0.936	79.254
0.828	35.768
