-0.887 53.625 
-0.655 26.248 
-0.845 42.358 
-0.768 31.007 
-0.762 30.399 
-0.732 29.589 
-0.768 31.007 
-0.763 30.436 
-0.762 30.399 
-0.853 42.586 
-0.768 31.007 
-0.786 36.128 
-0.872 48.283 
-0.853 42.586 
-0.768 31.007 
-0.823 37.428 
-0.768 31.007 
-0.834 38.161 
-0.815 37.142 
-0.89 53.884 
-0.874 49.619 
-0.832 37.605 
-0.834 38.161 
-0.824 37.434 
-0.768 31.007 
-0.855 42.944 
-0.838 38.749 
-0.845 42.358 
-0.89 53.884 
-0.655 26.248 
-0.784 35.238 
-0.839 38.781 
-0.77 34.266 
-0.763 30.436 
-0.782 34.929 
-0.762 30.399 
-0.768 31.007 
-0.834 38.161 
-0.768 31.007 
-0.838 38.749 
-0.767 30.617 
-0.887 53.625 
-0.784 35.238 
-0.762 30.399 
-0.874 49.619 
-0.882 49.866 
-0.783 34.967 
-0.869 48.037 
-0.786 36.128 
-0.803 36.663 
-0.857 43.836 
-0.872 48.283 
-0.762 30.399 
-0.887 53.625 
-0.887 53.625 
-0.655 26.248 
-0.834 38.161 
-0.853 42.586 
-0.832 37.605 
-0.869 48.037 
-0.838 38.749 
-0.855 42.944 
-0.872 48.283 
-0.874 49.619 
-0.824 37.434 
-0.845 42.358 
-0.661 26.413 
-0.802 36.419 
-0.887 53.625 
-0.833 37.645 
-0.762 30.399 
-0.908 59.883 
-0.768 31.007 
-0.763 30.436 
-0.856 43.405 
-0.661 26.413 
-0.763 30.436 
-0.762 30.399 
-0.784 35.238 
-0.909 60.196 
-0.873 48.292 
-0.768 31.007 
-0.832 37.605 
-0.855 42.944 
-0.786 36.128 
-0.853 42.586 
-0.78 34.564 
-0.882 49.866 
-0.898 54.454 
-0.907 59.874 
-0.77 34.266 
-0.863 47.433 
-0.761 30.052 
-0.823 37.428 
