-0.875 41.66 
-0.854 36.335 
-0.861 37.039 
-0.879 41.908 
-0.875 41.66 
-0.745 26.15 
-0.838 31.426 
-0.836 31.34 
-0.875 41.66 
-0.875 41.66 
-0.879 41.908 
-0.838 31.426 
-0.808 30.259 
-0.84 31.71 
-0.879 41.908 
-0.738 25.887 
-0.828 30.64 
-0.854 36.335 
-0.838 31.426 
-0.879 41.908 
-0.875 41.66 
-0.854 36.335 
-0.785 27.163 
-0.79 29.81 
-0.836 31.34 
-0.875 41.66 
-0.768 26.93 
-0.828 30.64 
-0.882 42.963 
-0.854 36.335 
-0.838 31.426 
-0.851 35.802 
-0.863 37.112 
-0.854 36.335 
-0.836 31.34 
-0.84 31.71 
-0.864 37.657 
-0.853 36.082 
-0.875 41.66 
-0.836 31.34 
-0.86 36.763 
-0.854 36.335 
-0.876 41.811 
-0.875 41.66 
-0.875 41.66 
-0.851 35.802 
-0.875 41.66 
-0.861 37.039 
-0.838 31.426 
-0.854 36.335 
-0.875 41.66 
-0.885 46.787 
-0.881 42.378 
-0.862 37.057 
-0.854 36.335 
-0.865 37.685 
-0.839 31.651 
-0.865 37.685 
-0.893 46.81 
-0.851 35.802 
-0.836 31.34 
-0.838 31.426 
-0.768 26.93 
-0.869 40.816 
-0.875 41.66 
-0.836 31.34 
-0.875 41.66 
-0.738 25.887 
-0.854 36.335 
-0.745 26.15 
-0.875 41.66 
-0.853 36.082 
-0.838 31.426 
-0.745 26.15 
-0.898 47.272 
-0.828 30.64 
-0.875 41.66 
