-0.725 25.594 
-0.898 47.27 
-0.869 40.813 
-0.885 46.787 
-0.785 27.163 
-0.852 35.772 
-0.84 31.71 
-0.882 42.963 
-0.865 37.685 
-0.745 26.123 
-0.768 26.93 
-0.829 30.625 
-0.768 26.93 
-0.808 30.259 
-0.79 29.787 
-0.792 29.998 
-0.808 30.259 
-0.738 25.887 
-0.852 35.772 
-0.745 26.123 
-0.874 41.591 
-0.84 31.71 
-0.854 36.22 
-0.859 36.728 
-0.738 25.887 
-0.896 46.851 
-0.893 46.81 
-0.882 42.963 
-0.829 30.625 
-0.785 27.163 
-0.863 37.11 
-0.879 41.908 
-0.79 29.787 
-0.881 42.378 
-0.833 31.045 
-0.864 37.657 
-0.836 31.322 
-0.881 42.378 
-0.833 31.045 
-0.876 41.811 
-0.865 37.685 
-0.834 31.285 
-0.838 31.422 
-0.853 36.082 
-0.893 46.81 
-0.885 46.787 
-0.862 37.057 
-0.861 36.818 
-0.839 31.651 
-0.879 41.908 
-0.875 41.656 
-0.853 36.082 
-0.838 31.422 
-0.876 41.811 
-0.875 41.656 
-0.839 31.651 
-0.861 36.818 
-0.86 36.763 
-0.862 37.057 
-0.834 31.285 
-0.86 36.763 
-0.864 37.657 
-0.768 26.93 
-0.808 30.259 
-0.852 35.772 
-0.745 26.123 
-0.84 31.71 
-0.738 25.887 
-0.79 29.787 
-0.882 42.963 
-0.875 41.656 
-0.829 30.625 
-0.785 27.163 
-0.881 42.378 
-0.865 37.685 
-0.885 46.787 
-0.879 41.908 
-0.853 36.082 
-0.838 31.422 
-0.876 41.811 
-0.839 31.651 
-0.861 36.818 
-0.862 37.057 
-0.834 31.285 
-0.86 36.763 
-0.768 26.93 
-0.808 30.259 
-0.84 31.71 
-0.738 25.887 
-0.882 42.963 
-0.875 41.656 
-0.785 27.163 
-0.834 31.285 
-0.86 36.763 
-0.881 42.378 
-0.865 37.685 
-0.885 46.787 
-0.879 41.908 
-0.853 36.082 
-0.839 31.651 
