P=? [ F (x=9&y=9&crashed=0) ]	R{"cost"}=? [ C<=100 ]
0.606	19.335
0.606	19.335
0.907	57.925
0.907	57.925
0.672	22.822
0.894	57.47
0.672	22.822
0.89	52.665
0.748	25.343
0.797	33.514
0.788	30.058
0.878	51.211
0.749	28.52
0.872	47.892
0.83	39.674
0.829	36.597
0.857	45.429
0.69	22.869
0.853	42.61
0.735	24.421
0.718	24.365
0.832	40.309
0.708	24.243
0.762	28.546
0.751	28.53
0.841	40.346
0.708	24.243
0.696	23.516
0.824	35.787
0.904	57.557
0.872	47.892
0.788	30.058
0.816	35.729
0.718	24.365
0.778	28.982
0.864	46.363
0.815	35.6
0.797	33.514
0.843	40.561
0.772	28.979
0.885	51.925
0.882	51.643
0.846	41.135
0.812	34.727
0.768	28.678
0.87	47.056
0.845	41.006
0.78	29.178
0.787	29.866
0.828	36.25
0.765	28.551
0.878	51.211
0.74	24.726
0.809	34.471
0.745	25.109
0.867	46.835
0.852	42.402
0.696	23.516
0.847	41.727
0.804	34.37
0.77	28.876
0.782	29.416
0.8	33.924
0.813	34.926
0.803	34.163
0.849	42.133
0.798	33.536
0.83	39.674
0.695	23.444
0.889	52.435
0.89	52.665
0.871	47.281
0.853	42.61
0.859	45.61
0.857	45.429
0.693	23.14
0.744	24.962
0.85	42.138
0.886	52.209
0.863	46.144
0.88	51.342
0.867	46.835
0.894	57.47
0.735	24.421
0.86	45.742
0.881	51.434
0.739	24.703
0.847	41.727
0.693	23.14
0.861	45.92
0.826	36.047
0.809	34.471
0.862	46.004
0.829	36.597
0.783	29.604
0.826	36.047
0.813	34.926
0.784	29.634
0.739	24.703
0.906	57.785
