-0.863 56.578 
-0.661 23.171 
-0.661 23.171 
-0.863 56.578 
-0.856 51.247 
-0.86 56.183 
-0.843 50.164 
-0.772 33.905 
-0.733 29.312 
-0.84 45.778 
-0.758 29.447 
-0.685 26.709 
-0.826 44.461 
-0.824 41.185 
-0.799 35.839 
-0.684 23.673 
-0.801 38.791 
-0.679 23.251 
-0.768 31.089 
-0.711 27.859 
-0.726 28.646 
-0.704 27.29 
-0.695 27.147 
-0.778 34.05 
-0.797 35.453 
-0.794 35.086 
-0.845 50.384 
-0.852 50.636 
-0.768 31.089 
-0.767 30.463 
-0.69 26.915 
-0.806 39.358 
-0.726 28.646 
-0.791 35.031 
-0.789 34.798 
-0.829 44.674 
-0.694 26.967 
-0.688 26.757 
-0.834 44.716 
-0.783 34.275 
-0.809 39.469 
-0.711 27.859 
-0.766 30.185 
-0.854 50.856 
-0.86 56.183 
-0.762 29.769 
-0.708 27.393 
-0.765 29.873 
-0.823 40.919 
-0.84 45.778 
-0.835 44.918 
-0.812 39.861 
-0.73 28.951 
-0.799 35.839 
-0.843 50.164 
-0.759 29.606 
-0.828 44.635 
-0.78 34.253 
-0.822 40.72 
-0.821 40.556 
-0.817 40.146 
-0.813 39.898 
-0.71 27.579 
-0.824 41.185 
-0.852 50.636 
-0.845 50.384 
-0.732 29.163 
-0.787 34.589 
-0.802 38.991 
-0.728 28.848 
-0.801 38.791 
-0.81 39.667 
-0.818 40.192 
-0.787 34.589 
-0.785 34.399 
-0.839 45.506 
-0.838 45.151 
-0.826 44.461 
-0.862 56.405 
-0.681 23.361 
-0.803 38.998 
-0.819 40.34 
-0.837 44.984 
-0.804 39.16 
-0.683 23.534 
-0.815 40.017 
-0.785 34.399 
-0.815 40.017 
-0.681 23.361 
-0.839 45.506 
-0.761 29.663 
-0.708 27.393 
-0.728 28.848 
-0.679 23.251 
-0.862 56.405 
-0.855 51.026 
-0.804 39.16 
-0.82 40.36 
-0.81 39.667 
-0.78 34.253 
