-0.714 30.825 
-0.865 37.928 
-0.915 49.061 
-0.746 31.136 
-0.896 43.267 
-0.922 53.445 
-0.915 49.061 
-0.865 37.928 
-0.801 31.696 
-0.714 30.825 
-0.865 37.928 
-0.915 49.061 
-0.865 37.928 
-0.915 49.061 
-0.896 43.267 
-0.926 54.4 
-0.91 48.126 
-0.899 43.819 
-0.862 37.398 
-0.926 54.4 
-0.865 37.928 
-0.865 37.928 
-0.926 54.4 
-0.862 37.398 
-0.877 42.115 
-0.863 37.4 
-0.894 43.128 
-0.746 31.136 
-0.746 31.136 
-0.844 37.032 
-0.862 37.398 
-0.865 37.928 
-0.927 54.467 
-0.918 49.477 
-0.915 49.061 
-0.915 49.061 
-0.915 49.061 
-0.746 31.136 
-0.877 42.115 
-0.926 54.4 
-0.862 37.398 
-0.714 30.825 
-0.837 32.867 
-0.863 37.4 
-0.89 42.731 
-0.865 37.928 
-0.917 49.405 
-0.862 37.398 
-0.896 43.267 
-0.747 31.251 
-0.862 37.398 
-0.916 49.269 
-0.865 37.928 
-0.787 31.256 
