-0.915 49.061 
-0.896 43.267 
-0.922 53.445 
-0.915 49.061 
-0.801 31.696 
-0.915 49.061 
-0.915 49.061 
-0.896 43.267 
-0.91 48.126 
-0.899 43.819 
-0.877 42.115 
-0.894 43.128 
-0.927 54.467 
-0.918 49.477 
-0.915 49.061 
-0.915 49.061 
-0.915 49.061 
-0.877 42.115 
-0.837 32.867 
-0.89 42.731 
-0.917 49.405 
-0.896 43.267 
-0.916 49.269 
-0.794 30.816 
-0.876 37.115 
-0.898 43.768 
-0.854 36.467 
-0.713 27.316 
-0.879 42.165 
-0.896 43.267 
-0.915 49.061 
-0.915 49.061 
-0.918 49.477 
-0.913 48.865 
-0.9 44.27 
-0.915 49.061 
-0.877 42.115 
-0.926 54.399 
-0.915 49.061 
-0.916 49.269 
