-0.674 24.557 
-0.674 24.557 
-0.907 58.085 
-0.906 57.851 
-0.89 52.635 
-0.721 24.573 
-0.745 25.264 
-0.796 33.341 
-0.83 39.584 
-0.854 42.596 
-0.747 28.408 
-0.88 51.402 
-0.871 47.281 
-0.751 28.718 
-0.86 45.708 
-0.829 36.582 
-0.788 30.043 
-0.773 28.811 
-0.724 24.861 
-0.841 40.255 
-0.882 51.631 
-0.864 46.336 
-0.871 47.281 
-0.88 51.402 
-0.788 30.043 
-0.863 45.934 
-0.783 29.246 
-0.847 41.738 
-0.86 45.708 
-0.819 35.506 
-0.814 35.217 
-0.819 35.506 
-0.887 52.294 
-0.846 41.048 
-0.81 34.761 
-0.823 35.75 
-0.841 40.255 
-0.83 39.584 
-0.852 42.337 
-0.887 52.294 
-0.806 34.526 
-0.868 46.78 
-0.722 24.816 
-0.784 29.437 
-0.745 25.264 
-0.724 24.861 
-0.845 40.795 
-0.81 34.761 
-0.779 29.019 
-0.85 42.006 
-0.776 29.018 
-0.813 35.018 
-0.799 33.531 
-0.804 34.369 
-0.868 46.78 
-0.779 29.019 
-0.824 36.0 
-0.787 29.855 
-0.806 34.526 
-0.889 52.498 
-0.775 28.815 
-0.826 36.153 
-0.803 34.047 
-0.825 36.011 
-0.844 40.662 
-0.814 35.217 
-0.802 33.92 
-0.85 42.006 
-0.847 41.738 
-0.797 33.464 
-0.843 40.648 
-0.842 40.385 
-0.813 35.018 
-0.846 41.048 
-0.801 33.904 
-0.8 33.654 
-0.823 35.75 
-0.785 29.676 
-0.773 28.811 
-0.87 47.057 
-0.851 42.214 
-0.828 36.395 
-0.827 36.198 
-0.828 36.395 
-0.804 34.369 
-0.869 46.93 
-0.888 52.43 
-0.881 51.497 
-0.786 29.806 
-0.785 29.676 
-0.842 40.385 
-0.87 47.057 
-0.869 46.93 
-0.803 34.047 
-0.8 33.654 
-0.851 42.214 
-0.881 51.497 
-0.888 52.43 
-0.797 33.464 
-0.786 29.806 
