-0.928 54.067 
-0.693 25.396 
-0.693 25.396 
-0.928 54.067 
-0.752 25.611 
-0.823 27.581 
-0.892 41.248 
-0.925 53.317 
-0.919 48.816 
-0.861 31.024 
-0.891 37.016 
-0.881 35.949 
-0.873 31.867 
-0.913 47.094 
-0.91 43.424 
-0.835 30.772 
-0.81 26.882 
-0.769 25.616 
-0.77 26.396 
-0.788 26.616 
-0.829 30.01 
-0.752 25.611 
-0.786 26.593 
-0.81 26.882 
-0.901 42.035 
-0.899 41.461 
-0.881 35.949 
-0.919 48.816 
-0.873 31.867 
-0.909 42.834 
-0.91 43.424 
-0.829 30.01 
-0.925 53.317 
-0.868 31.233 
-0.833 30.39 
-0.906 42.108 
-0.883 36.234 
-0.918 48.309 
-0.908 42.647 
-0.907 42.157 
-0.918 48.309 
-0.917 47.834 
-0.913 47.094 
-0.886 36.393 
-0.888 36.588 
-0.927 53.67 
-0.917 47.834 
-0.916 47.441 
-0.835 30.772 
-0.899 41.461 
-0.888 36.588 
-0.831 30.196 
-0.871 31.447 
-0.886 36.393 
-0.883 36.234 
-0.89 36.869 
-0.915 47.29 
-0.89 36.869 
-0.788 26.616 
-0.872 31.612 
-0.868 31.233 
-0.927 53.67 
-0.926 53.465 
-0.871 31.447 
-0.869 31.25 
-0.77 26.396 
-0.915 47.29 
-0.908 42.647 
-0.831 30.196 
-0.832 30.373 
-0.872 31.612 
-0.916 47.441 
-0.926 53.465 
-0.891 37.016 
-0.869 31.25 
-0.906 42.108 
-0.907 42.157 
-0.832 30.373 
-0.787 26.607 
-0.787 26.607 
-0.769 25.616 
-0.928 54.067 
-0.693 25.396 
-0.881 35.949 
-0.919 48.816 
-0.873 31.867 
-0.91 43.424 
-0.829 30.01 
-0.925 53.317 
-0.918 48.309 
-0.917 47.834 
-0.835 30.772 
-0.899 41.461 
-0.888 36.588 
-0.886 36.393 
-0.883 36.234 
-0.89 36.869 
-0.788 26.616 
-0.787 26.607 
-0.77 26.396 
