-0.882 52.612 
-0.675 25.312 
-0.675 25.312 
-0.882 52.612 
-0.73 25.588 
-0.879 51.59 
-0.873 47.103 
-0.856 37.548 
-0.834 35.411 
-0.86 41.082 
-0.865 42.562 
-0.828 31.911 
-0.87 46.067 
-0.736 26.844 
-0.76 29.178 
-0.784 30.229 
-0.809 30.298 
-0.777 29.571 
-0.736 26.844 
-0.76 29.178 
-0.761 29.479 
-0.734 26.419 
-0.852 36.608 
-0.865 42.562 
-0.879 51.59 
-0.856 37.548 
-0.82 30.636 
-0.81 30.334 
-0.847 36.135 
-0.828 31.911 
-0.86 41.082 
-0.841 36.006 
-0.852 36.608 
-0.863 41.72 
-0.834 35.411 
-0.873 47.103 
-0.783 30.109 
-0.825 31.176 
-0.872 46.969 
-0.871 46.201 
-0.777 29.571 
-0.881 52.286 
-0.73 25.588 
-0.87 46.067 
-0.847 36.135 
-0.838 35.55 
-0.862 41.671 
-0.783 30.109 
-0.826 31.556 
-0.825 31.176 
-0.821 30.673 
-0.881 52.286 
-0.821 30.673 
-0.826 31.556 
-0.84 35.789 
-0.82 30.636 
-0.81 30.334 
-0.838 35.55 
-0.84 35.789 
-0.863 41.72 
-0.862 41.671 
-0.871 46.201 
-0.872 46.969 
-0.841 36.006 
-0.761 29.479 
-0.809 30.298 
-0.784 30.229 
-0.675 25.312 
-0.882 52.612 
-0.736 26.844 
-0.76 29.178 
-0.865 42.562 
-0.879 51.59 
-0.828 31.911 
-0.86 41.082 
-0.73 25.588 
-0.852 36.608 
-0.873 47.103 
-0.777 29.571 
-0.87 46.067 
-0.847 36.135 
-0.783 30.109 
-0.825 31.176 
-0.821 30.673 
-0.826 31.556 
-0.82 30.636 
-0.81 30.334 
-0.838 35.55 
-0.84 35.789 
-0.863 41.72 
-0.862 41.671 
-0.872 46.969 
-0.841 36.006 
-0.761 29.479 
-0.809 30.298 
-0.675 25.312 
-0.882 52.612 
-0.736 26.844 
-0.828 31.911 
-0.838 35.55 
