-0.83 36.254 
-0.818 31.553 
-0.838 36.336 
-0.882 52.739 
-0.857 41.6 
-0.852 41.048 
-0.818 31.553 
-0.872 47.019 
-0.848 37.144 
-0.818 31.553 
-0.819 34.55 
-0.761 29.483 
-0.829 35.706 
-0.818 31.553 
-0.818 31.553 
-0.818 31.553 
-0.83 36.254 
-0.819 34.55 
-0.818 31.553 
-0.818 31.553 
-0.731 29.019 
-0.818 31.553 
-0.761 29.483 
-0.818 31.553 
-0.83 36.254 
-0.818 31.553 
-0.819 34.55 
-0.818 31.553 
-0.848 37.144 
-0.818 31.553 
-0.818 31.553 
-0.818 31.553 
-0.838 36.336 
-0.872 47.019 
-0.857 41.6 
-0.848 37.144 
-0.818 31.553 
-0.881 52.477 
-0.873 47.256 
-0.819 34.55 
-0.83 36.254 
-0.818 31.553 
-0.829 35.706 
-0.848 37.144 
-0.872 47.019 
-0.857 41.6 
-0.818 31.553 
-0.818 31.553 
-0.852 41.048 
-0.818 31.553 
-0.81 30.334 
-0.871 46.353 
-0.857 41.6 
-0.818 31.553 
-0.818 31.553 
-0.818 31.553 
-0.818 31.553 
-0.731 29.019 
-0.818 31.553 
-0.818 31.553 
-0.818 31.553 
-0.818 31.553 
-0.83 36.254 
-0.761 29.483 
-0.829 35.706 
-0.856 41.469 
-0.852 41.048 
-0.872 47.019 
-0.818 31.553 
-0.857 41.6 
-0.873 47.256 
-0.852 41.048 
-0.865 42.615 
-0.818 31.553 
-0.761 29.483 
-0.83 36.254 
-0.818 31.553 
-0.818 31.553 
-0.848 37.144 
-0.838 36.336 
-0.829 35.706 
-0.818 31.553 
-0.829 35.706 
-0.845 36.475 
-0.848 37.144 
-0.818 31.553 
-0.818 31.553 
