-0.909 71.702 
-0.663 29.386 
-0.909 71.702 
-0.663 29.386 
-0.716 32.413 
-0.906 62.111 
-0.905 56.636 
-0.859 40.808 
-0.769 33.255 
-0.897 56.032 
-0.738 33.004 
-0.908 66.774 
-0.864 44.692 
-0.896 51.777 
-0.88 50.131 
-0.908 66.774 
-0.907 62.172 
-0.823 35.174 
-0.879 46.362 
-0.824 39.117 
-0.716 32.413 
-0.849 39.493 
-0.831 39.344 
-0.736 32.895 
-0.719 32.517 
-0.794 33.956 
-0.776 33.719 
-0.79 33.761 
-0.809 34.194 
-0.876 45.507 
-0.818 34.549 
-0.81 34.203 
-0.904 56.574 
-0.825 39.327 
-0.886 50.536 
-0.831 39.344 
-0.87 44.887 
-0.864 44.692 
-0.879 46.362 
-0.873 45.036 
-0.773 33.446 
-0.769 33.255 
-0.794 33.956 
-0.719 32.517 
-0.857 40.288 
-0.818 34.549 
-0.821 34.836 
-0.849 39.493 
-0.892 51.074 
-0.895 51.517 
-0.857 40.288 
-0.855 39.869 
-0.886 50.536 
-0.853 39.811 
-0.79 33.761 
-0.736 32.895 
-0.904 56.574 
-0.897 56.032 
-0.87 44.887 
-0.773 33.446 
-0.873 45.036 
-0.853 39.811 
-0.89 51.04 
-0.888 50.742 
-0.821 34.836 
-0.895 51.517 
-0.738 33.004 
-0.88 50.131 
-0.776 33.719 
-0.892 51.074 
-0.888 50.742 
-0.81 34.203 
-0.823 35.174 
-0.809 34.194 
-0.855 39.869 
-0.824 39.117 
-0.89 51.04 
-0.905 56.636 
-0.907 62.172 
-0.906 62.111 
-0.825 39.327 
-0.909 71.702 
-0.663 29.386 
-0.908 66.774 
-0.716 32.413 
-0.831 39.344 
-0.864 44.692 
-0.879 46.362 
-0.769 33.255 
-0.794 33.956 
-0.719 32.517 
-0.818 34.549 
-0.849 39.493 
-0.886 50.536 
-0.79 33.761 
-0.904 56.574 
-0.897 56.032 
-0.87 44.887 
-0.773 33.446 
-0.873 45.036 
