-0.716 29.926 
-0.888 41.434 
-0.882 41.263 
-0.915 47.099 
-0.716 29.926 
-0.905 41.833 
-0.882 41.263 
-0.882 41.263 
-0.876 37.06 
-0.88 38.041 
-0.94 58.334 
-0.723 29.958 
-0.716 29.926 
-0.723 29.958 
-0.789 30.2 
-0.723 29.958 
-0.915 47.099 
-0.905 41.833 
-0.923 47.81 
-0.716 29.926 
-0.882 41.263 
-0.932 48.884 
-0.882 41.263 
-0.903 41.486 
-0.905 41.833 
-0.888 41.434 
-0.723 29.958 
-0.915 47.099 
-0.888 41.434 
-0.716 29.926 
-0.882 41.263 
-0.837 30.757 
-0.716 29.926 
-0.921 47.426 
-0.912 46.59 
-0.866 31.635 
-0.915 47.099 
-0.869 36.705 
-0.882 41.263 
-0.716 29.926 
-0.882 41.263 
-0.923 47.81 
-0.716 29.926 
-0.905 41.833 
-0.905 41.833 
-0.723 29.958 
-0.915 47.099 
-0.882 41.263 
-0.882 41.263 
-0.867 31.907 
-0.882 41.263 
-0.882 41.263 
-0.915 47.099 
-0.723 29.958 
-0.94 58.334 
-0.888 41.434 
-0.792 30.561 
-0.882 41.263 
-0.882 41.263 
-0.94 58.334 
-0.716 29.926 
-0.716 29.926 
-0.859 31.366 
