P=? [ F (x=9&y=9&crashed=0) ]	R{"cost"}=? [ C<=100 ]
0.616	19.513
0.864	79.844
0.864	79.844
0.616	19.513
0.855	60.097
0.636	19.708
0.636	19.708
0.855	60.097
0.663	22.823
0.663	22.823
0.842	53.89
0.847	55.655
0.83	46.888
0.79	31.437
0.698	23.441
0.714	26.228
0.766	29.993
0.825	45.032
0.822	41.626
0.806	36.09
0.78	30.021
0.833	49.457
0.808	39.119
0.792	34.413
0.721	28.396
0.682	23.052
0.714	26.228
0.698	23.441
0.838	51.104
0.694	23.076
0.728	28.91
0.847	55.655
0.741	29.272
0.674	22.847
0.738	29.039
0.752	29.324
0.715	26.244
0.766	29.993
0.757	29.633
0.674	22.847
0.682	23.052
0.846	54.696
0.838	51.104
0.837	50.193
0.721	28.396
0.814	40.307
0.715	26.244
0.788	31.103
0.804	35.748
0.797	34.643
0.829	45.797
0.725	28.528
0.833	49.457
0.826	45.161
0.8	34.894
0.793	34.534
0.846	54.696
0.798	34.665
0.836	49.949
0.756	29.613
0.695	23.09
0.803	35.453
0.822	41.626
0.817	40.718
0.784	30.269
0.802	35.311
0.813	40.181
0.811	39.549
0.825	45.032
0.828	45.454
0.806	36.09
0.781	30.028
0.836	49.949
0.819	41.126
0.754	29.394
0.817	40.718
0.821	41.462
0.697	23.3
0.787	30.721
0.725	28.528
0.813	40.181
0.808	39.119
0.792	34.413
0.757	29.633
0.727	28.799
0.829	45.797
0.821	41.462
0.819	41.126
0.754	29.394
0.752	29.324
0.741	29.272
0.828	45.454
0.81	39.528
0.809	39.242
0.786	30.697
0.727	28.799
0.785	30.426
0.811	39.549
0.801	35.054
0.739	29.044
