-0.882 59.597 
-0.688 26.628 
-0.882 59.597 
-0.688 26.628 
-0.881 53.057 
-0.697 28.222 
-0.74 30.49 
-0.84 46.443 
-0.824 37.934 
-0.789 36.692 
-0.78 32.678 
-0.863 48.429 
-0.755 32.409 
-0.839 42.082 
-0.837 41.613 
-0.854 46.769 
-0.785 33.416 
-0.818 36.933 
-0.863 48.429 
-0.861 48.169 
-0.8 36.83 
-0.837 41.613 
-0.797 36.804 
-0.689 26.648 
-0.854 46.769 
-0.783 33.003 
-0.689 26.648 
-0.745 31.299 
-0.752 31.946 
-0.745 31.299 
-0.821 37.222 
-0.822 37.553 
-0.755 32.409 
-0.785 33.416 
-0.839 42.082 
-0.818 36.933 
-0.8 36.83 
-0.784 33.412 
-0.748 31.495 
-0.84 46.443 
-0.821 37.222 
-0.823 37.686 
-0.748 31.495 
-0.751 31.815 
-0.75 31.629 
-0.823 37.686 
-0.751 31.815 
-0.75 31.629 
-0.749 31.532 
-0.749 31.532 
-0.784 33.412 
-0.882 59.597 
-0.688 26.628 
-0.854 46.769 
-0.689 26.648 
-0.745 31.299 
-0.755 32.409 
-0.751 31.815 
-0.785 33.416 
-0.839 42.082 
-0.8 36.83 
-0.84 46.443 
-0.821 37.222 
-0.748 31.495 
-0.823 37.686 
-0.75 31.629 
-0.784 33.412 
-0.688 26.628 
-0.882 59.597 
-0.8 36.83 
-0.854 46.769 
-0.689 26.648 
-0.745 31.299 
-0.755 32.409 
-0.751 31.815 
-0.785 33.416 
-0.839 42.082 
-0.821 37.222 
-0.748 31.495 
-0.823 37.686 
-0.75 31.629 
-0.784 33.412 
-0.882 59.597 
-0.688 26.628 
-0.8 36.83 
-0.745 31.299 
-0.689 26.648 
-0.755 32.409 
-0.839 42.082 
-0.821 37.222 
-0.823 37.686 
-0.784 33.412 
-0.688 26.628 
-0.689 26.648 
-0.755 32.409 
-0.8 36.83 
-0.839 42.082 
-0.821 37.222 
-0.823 37.686 
-0.75 31.629 
