-0.665 36.733 
-0.657 36.07 
-0.684 39.708 
-0.685 40.262 
-0.665 36.733 
-0.657 36.07 
-0.684 39.708 
-0.683 39.638 
-0.596 33.179 
-0.683 39.638 
-0.715 49.322 
-0.683 39.638 
-0.684 39.708 
-0.656 35.889 
-0.714 46.088 
-0.596 33.179 
-0.7 41.377 
-0.708 41.816 
-0.683 39.638 
-0.728 49.975 
-0.7 41.377 
-0.683 39.638 
-0.683 39.638 
-0.748 59.105 
-0.665 36.733 
-0.692 40.347 
-0.683 39.638 
-0.657 36.07 
-0.652 35.739 
-0.657 36.07 
-0.749 59.461 
-0.657 36.07 
-0.682 39.453 
-0.657 36.07 
-0.66 36.333 
-0.715 49.322 
-0.742 53.992 
-0.748 59.105 
-0.665 36.733 
-0.749 59.461 
-0.683 39.638 
-0.683 39.638 
