-0.924 59.391 
-0.698 27.144 
-0.698 27.144 
-0.924 59.391 
-0.915 49.223 
-0.753 31.057 
-0.915 49.223 
-0.836 34.065 
-0.898 43.78 
-0.755 31.435 
-0.787 32.148 
-0.837 36.686 
-0.753 31.057 
-0.889 42.804 
-0.888 38.759 
-0.849 37.148 
-0.816 34.047 
-0.898 43.78 
-0.887 38.579 
-0.869 38.574 
-0.797 33.078 
-0.858 38.17 
-0.807 33.92 
-0.868 38.496 
-0.897 43.278 
-0.787 32.148 
-0.89 43.175 
-0.792 32.424 
-0.8 33.437 
-0.816 34.047 
-0.807 33.92 
-0.755 31.435 
-0.792 32.424 
-0.8 33.437 
-0.856 37.757 
-0.854 37.56 
-0.854 37.56 
-0.837 36.686 
-0.889 42.804 
-0.868 38.496 
-0.857 38.043 
-0.888 38.759 
-0.857 38.043 
-0.897 43.278 
-0.89 43.175 
-0.887 38.579 
-0.869 38.574 
-0.698 27.144 
-0.915 49.223 
-0.753 31.057 
-0.898 43.78 
-0.816 34.047 
-0.787 32.148 
-0.807 33.92 
-0.755 31.435 
-0.792 32.424 
-0.8 33.437 
-0.857 38.043 
-0.854 37.56 
-0.837 36.686 
-0.89 43.175 
-0.698 27.144 
-0.753 31.057 
-0.915 49.223 
-0.898 43.78 
-0.816 34.047 
-0.807 33.92 
-0.857 38.043 
-0.854 37.56 
-0.837 36.686 
-0.915 49.223 
-0.898 43.78 
-0.857 38.043 
-0.854 37.56 
-0.837 36.686 
-0.915 49.223 
-0.898 43.78 
-0.857 38.043 
-0.854 37.56 
-0.837 36.686 
-0.898 43.78 
-0.857 38.043 
-0.837 36.686 
-0.898 43.78 
-0.898 43.78 
-0.898 43.78 
-0.837 36.686 
-0.898 43.78 
-0.898 43.78 
-0.837 36.686 
-0.898 43.78 
-0.837 36.686 
-0.898 43.78 
-0.898 43.78 
-0.898 43.78 
-0.837 36.686 
-0.857 38.043 
-0.837 36.686 
-0.857 38.043 
-0.857 38.043 
