-0.86 58.157 
-0.656 26.727 
-0.86 58.157 
-0.656 26.727 
-0.694 30.066 
-0.835 52.066 
-0.836 56.846 
-0.829 51.515 
-0.696 30.315 
-0.726 31.538 
-0.827 47.095 
-0.758 34.986 
-0.73 34.458 
-0.804 45.706 
-0.803 42.448 
-0.778 37.072 
-0.799 41.976 
-0.728 31.634 
-0.729 34.383 
-0.785 39.782 
-0.818 46.622 
-0.778 37.072 
-0.794 40.259 
-0.807 46.06 
-0.81 46.543 
-0.853 58.112 
-0.726 31.538 
-0.696 30.315 
-0.837 57.143 
-0.825 46.714 
-0.843 57.292 
-0.843 57.292 
-0.768 35.718 
-0.787 40.145 
-0.785 39.782 
-0.85 57.605 
-0.801 42.298 
-0.762 35.679 
-0.773 36.274 
-0.793 40.232 
-0.773 36.274 
-0.829 51.515 
-0.852 57.741 
-0.794 40.259 
-0.835 52.066 
-0.826 46.996 
-0.758 34.986 
-0.73 34.458 
-0.761 35.556 
-0.759 35.073 
-0.771 36.016 
-0.81 46.543 
-0.768 35.718 
-0.85 57.605 
-0.771 36.016 
-0.851 57.617 
-0.786 39.865 
-0.761 35.556 
-0.827 47.095 
-0.759 35.073 
-0.772 36.158 
-0.772 36.158 
-0.728 31.634 
-0.825 46.714 
-0.793 40.232 
-0.787 40.145 
-0.786 39.865 
-0.729 34.383 
-0.762 35.679 
-0.86 58.157 
-0.656 26.727 
-0.696 30.315 
-0.785 39.782 
-0.773 36.274 
-0.829 51.515 
-0.835 52.066 
-0.758 34.986 
-0.73 34.458 
-0.768 35.718 
-0.85 57.605 
-0.761 35.556 
-0.827 47.095 
-0.759 35.073 
-0.772 36.158 
-0.793 40.232 
-0.786 39.865 
-0.656 26.727 
-0.696 30.315 
-0.758 34.986 
-0.768 35.718 
-0.785 39.782 
-0.761 35.556 
-0.759 35.073 
-0.772 36.158 
-0.793 40.232 
-0.786 39.865 
-0.786 39.865 
-0.768 35.718 
-0.761 35.556 
-0.759 35.073 
