-0.842 51.6 
-0.65 32.125 
-0.842 51.6 
-0.779 35.735 
-0.733 35.13 
-0.834 50.795 
-0.832 46.218 
-0.809 43.906 
-0.782 39.216 
-0.802 40.543 
-0.671 32.697 
-0.697 32.925 
-0.728 34.982 
-0.829 45.486 
-0.671 32.697 
-0.715 32.95 
-0.652 32.283 
-0.697 32.925 
-0.817 45.462 
-0.725 33.632 
-0.836 50.983 
-0.794 39.534 
-0.722 33.235 
-0.815 44.5 
-0.811 44.444 
-0.832 46.218 
-0.8 40.095 
-0.802 40.543 
-0.715 32.95 
-0.725 33.632 
-0.816 45.043 
-0.782 39.216 
-0.652 32.283 
-0.722 33.235 
-0.816 45.043 
-0.801 40.433 
-0.794 39.534 
-0.795 39.845 
-0.797 39.955 
-0.796 39.87 
-0.811 44.444 
-0.797 39.955 
-0.801 40.433 
-0.815 44.5 
-0.795 39.845 
-0.652 32.283 
-0.842 51.6 
-0.671 32.697 
-0.802 40.543 
-0.811 44.444 
-0.697 32.925 
-0.725 33.632 
-0.832 46.218 
-0.816 45.043 
-0.782 39.216 
-0.794 39.534 
-0.797 39.955 
-0.801 40.433 
-0.815 44.5 
-0.652 32.283 
-0.842 51.6 
-0.671 32.697 
-0.802 40.543 
-0.811 44.444 
-0.697 32.925 
-0.725 33.632 
-0.832 46.218 
-0.816 45.043 
-0.782 39.216 
-0.794 39.534 
-0.797 39.955 
-0.801 40.433 
-0.815 44.5 
-0.652 32.283 
-0.842 51.6 
-0.671 32.697 
-0.832 46.218 
-0.802 40.543 
-0.811 44.444 
-0.725 33.632 
-0.697 32.925 
-0.811 44.444 
-0.802 40.543 
-0.782 39.216 
-0.801 40.433 
-0.802 40.543 
-0.782 39.216 
-0.801 40.433 
-0.725 33.632 
-0.815 44.5 
-0.795 39.845 
-0.794 39.534 
-0.725 33.632 
-0.842 51.6 
-0.801 40.433 
-0.782 39.216 
-0.797 39.955 
-0.842 51.6 
-0.801 40.433 
-0.802 40.543 
