-0.717 25.155 
-0.847 61.766 
-0.717 25.155 
-0.758 29.369 
-0.839 51.485 
-0.811 35.133 
-0.73 26.013 
-0.838 46.602 
-0.839 51.485 
-0.83 46.074 
-0.785 33.99 
-0.77 29.531 
-0.828 41.731 
-0.813 39.384 
-0.73 26.013 
-0.781 30.38 
-0.798 34.756 
-0.82 41.17 
-0.793 34.118 
-0.723 25.158 
-0.815 39.863 
-0.815 39.863 
-0.776 29.584 
-0.781 30.38 
-0.822 41.371 
-0.795 34.57 
-0.826 41.584 
-0.785 33.99 
-0.798 34.756 
-0.725 25.463 
-0.83 46.074 
-0.813 39.384 
-0.728 25.908 
-0.725 25.463 
-0.728 25.908 
-0.778 29.621 
-0.826 41.584 
-0.822 41.371 
-0.795 34.57 
-0.828 41.731 
-0.793 34.118 
-0.776 29.584 
-0.779 29.947 
-0.723 25.158 
-0.78 30.098 
-0.78 30.098 
-0.779 29.947 
-0.778 29.621 
-0.717 25.155 
-0.83 46.074 
-0.776 29.584 
-0.73 26.013 
-0.815 39.863 
-0.781 30.38 
-0.785 33.99 
-0.725 25.463 
-0.826 41.584 
-0.822 41.371 
-0.795 34.57 
-0.793 34.118 
-0.723 25.158 
-0.779 29.947 
-0.778 29.621 
-0.717 25.155 
-0.83 46.074 
-0.776 29.584 
-0.73 26.013 
-0.781 30.38 
-0.785 33.99 
-0.725 25.463 
-0.822 41.371 
-0.73 26.013 
-0.83 46.074 
-0.776 29.584 
-0.781 30.38 
-0.725 25.463 
-0.785 33.99 
-0.725 25.463 
-0.725 25.463 
-0.725 25.463 
-0.725 25.463 
-0.776 29.584 
-0.776 29.584 
-0.725 25.463 
-0.725 25.463 
-0.725 25.463 
-0.725 25.463 
-0.776 29.584 
-0.725 25.463 
-0.785 33.99 
-0.725 25.463 
-0.725 25.463 
-0.725 25.463 
-0.776 29.584 
-0.83 46.074 
-0.776 29.584 
-0.725 25.463 
-0.725 25.463 
-0.725 25.463 
-0.725 25.463 
