-0.758 31.99 
-0.83 58.336 
-0.758 31.99 
-0.788 36.048 
-0.803 41.016 
-0.765 34.021 
-0.821 47.889 
-0.829 53.423 
-0.829 53.423 
-0.821 47.889 
-0.813 41.549 
-0.82 42.847 
-0.788 36.048 
-0.797 38.253 
-0.797 38.253 
-0.765 34.021 
-0.793 36.894 
-0.816 41.998 
-0.817 42.189 
-0.764 33.288 
-0.761 32.327 
-0.793 36.894 
-0.762 32.691 
-0.796 37.577 
-0.764 33.288 
-0.762 32.691 
-0.819 42.719 
-0.819 42.719 
-0.794 37.375 
-0.761 32.327 
-0.82 42.847 
-0.796 37.577 
-0.795 37.452 
-0.795 37.452 
-0.794 37.375 
-0.758 31.99 
-0.821 47.889 
-0.797 38.253 
-0.765 34.021 
-0.793 36.894 
-0.762 32.691 
-0.761 32.327 
-0.796 37.577 
-0.795 37.452 
-0.794 37.375 
-0.758 31.99 
-0.821 47.889 
-0.797 38.253 
-0.762 32.691 
-0.761 32.327 
-0.796 37.577 
-0.795 37.452 
-0.794 37.375 
-0.793 36.894 
-0.758 31.99 
-0.797 38.253 
-0.762 32.691 
-0.761 32.327 
-0.796 37.577 
-0.795 37.452 
-0.794 37.375 
-0.758 31.99 
-0.797 38.253 
-0.762 32.691 
-0.761 32.327 
-0.796 37.577 
-0.795 37.452 
-0.794 37.375 
-0.758 31.99 
-0.797 38.253 
-0.762 32.691 
-0.761 32.327 
-0.796 37.577 
-0.795 37.452 
-0.758 31.99 
-0.797 38.253 
-0.762 32.691 
-0.795 37.452 
-0.758 31.99 
-0.797 38.253 
-0.762 32.691 
-0.795 37.452 
-0.758 31.99 
-0.797 38.253 
-0.762 32.691 
-0.762 32.691 
-0.762 32.691 
-0.796 37.577 
-0.793 36.894 
-0.795 37.452 
-0.758 31.99 
-0.797 38.253 
-0.797 38.253 
-0.795 37.452 
-0.794 37.375 
-0.793 36.894 
-0.758 31.99 
-0.796 37.577 
-0.795 37.452 
-0.795 37.452 
