-0.758 31.99 
-0.83 58.336 
-0.83 58.336 
-0.758 31.99 
-0.829 48.884 
-0.788 36.046 
-0.765 33.356 
-0.803 41.014 
-0.821 47.592 
-0.82 42.847 
-0.813 41.547 
-0.797 38.253 
-0.788 36.046 
-0.765 33.356 
-0.797 38.253 
-0.803 41.014 
-0.823 47.679 
-0.826 48.126 
-0.761 32.327 
-0.814 41.674 
-0.793 36.894 
-0.762 32.691 
-0.817 42.189 
-0.816 41.864 
-0.796 37.577 
-0.828 48.754 
-0.764 33.288 
-0.762 32.691 
-0.813 41.547 
-0.819 42.719 
-0.817 42.189 
-0.828 48.754 
-0.819 42.719 
-0.794 37.374 
-0.825 48.025 
-0.793 36.894 
-0.791 36.433 
-0.764 33.288 
-0.791 36.433 
-0.825 48.025 
-0.761 32.327 
-0.79 36.398 
-0.789 36.171 
-0.816 41.864 
-0.82 42.847 
-0.796 37.577 
-0.789 36.171 
-0.795 37.452 
-0.821 47.592 
-0.795 37.452 
-0.794 37.374 
-0.79 36.398 
-0.83 58.336 
-0.758 31.99 
-0.788 36.046 
-0.765 33.356 
-0.797 38.253 
-0.762 32.691 
-0.813 41.547 
-0.817 42.189 
-0.819 42.719 
-0.793 36.894 
-0.764 33.288 
-0.791 36.433 
-0.825 48.025 
-0.761 32.327 
-0.82 42.847 
-0.796 37.577 
-0.789 36.171 
-0.821 47.592 
-0.795 37.452 
-0.79 36.398 
-0.83 58.336 
-0.758 31.99 
-0.788 36.046 
-0.765 33.356 
-0.797 38.253 
-0.762 32.691 
-0.813 41.547 
-0.817 42.189 
-0.819 42.719 
-0.793 36.894 
-0.764 33.288 
-0.825 48.025 
-0.821 47.592 
-0.791 36.433 
-0.761 32.327 
-0.82 42.847 
-0.796 37.577 
-0.789 36.171 
-0.795 37.452 
-0.79 36.398 
-0.758 31.99 
-0.788 36.046 
-0.797 38.253 
-0.762 32.691 
-0.813 41.547 
-0.817 42.189 
-0.819 42.719 
-0.793 36.894 
