-0.838 55.876 
-0.67 23.806 
-0.838 55.876 
-0.67 23.806 
-0.677 24.21 
-0.713 25.175 
-0.837 50.859 
-0.834 50.264 
-0.725 26.34 
-0.805 35.793 
-0.83 46.063 
-0.824 44.54 
-0.821 40.817 
-0.774 34.143 
-0.808 39.1 
-0.791 34.184 
-0.725 26.34 
-0.772 33.535 
-0.769 31.112 
-0.735 28.807 
-0.677 24.21 
-0.714 25.321 
-0.735 28.807 
-0.83 46.063 
-0.757 29.671 
-0.799 34.404 
-0.75 29.536 
-0.744 29.096 
-0.793 34.392 
-0.769 31.112 
-0.81 39.563 
-0.714 25.321 
-0.834 50.264 
-0.765 29.966 
-0.772 33.535 
-0.802 35.05 
-0.713 25.175 
-0.767 30.386 
-0.815 39.611 
-0.749 29.488 
-0.744 29.096 
-0.739 29.064 
-0.821 40.817 
-0.804 35.299 
-0.829 45.407 
-0.736 29.047 
-0.818 40.157 
-0.767 30.386 
-0.761 29.752 
-0.761 29.752 
-0.808 39.1 
-0.816 39.695 
-0.824 44.54 
-0.828 45.235 
-0.826 44.781 
-0.758 29.736 
-0.836 50.686 
-0.739 29.064 
-0.765 29.966 
-0.749 29.488 
-0.82 40.434 
-0.836 50.686 
-0.828 45.235 
-0.801 34.701 
-0.826 44.781 
-0.809 39.267 
-0.817 39.905 
-0.804 35.299 
-0.8 34.652 
-0.774 34.143 
-0.817 39.905 
-0.792 34.197 
-0.837 50.859 
-0.829 45.407 
-0.819 40.327 
-0.809 39.267 
-0.825 44.631 
-0.757 29.671 
-0.75 29.536 
-0.82 40.434 
-0.819 40.327 
-0.825 44.631 
-0.801 34.701 
-0.8 34.652 
-0.815 39.611 
-0.81 39.563 
-0.791 34.184 
-0.736 29.047 
-0.758 29.736 
-0.792 34.197 
-0.799 34.404 
-0.793 34.392 
-0.838 55.876 
-0.67 23.806 
-0.677 24.21 
-0.83 46.063 
-0.769 31.112 
-0.772 33.535 
-0.713 25.175 
-0.804 35.299 
