-0.67 23.806 
-0.838 50.985 
-0.838 50.985 
-0.67 23.806 
-0.677 24.21 
-0.71 24.86 
-0.834 50.264 
-0.83 46.063 
-0.824 44.54 
-0.821 40.574 
-0.747 28.777 
-0.725 26.339 
-0.808 39.098 
-0.805 35.792 
-0.762 29.462 
-0.748 29.208 
-0.772 33.535 
-0.769 31.088 
-0.747 28.777 
-0.725 26.339 
-0.724 25.916 
-0.775 33.736 
-0.677 24.21 
-0.714 25.321 
-0.785 34.001 
-0.768 30.34 
-0.83 46.063 
-0.769 31.088 
-0.81 39.562 
-0.799 34.404 
-0.834 50.264 
-0.793 34.265 
-0.764 29.68 
-0.805 35.792 
-0.786 34.106 
-0.815 39.611 
-0.791 34.183 
-0.829 45.407 
-0.71 24.86 
-0.711 25.006 
-0.802 35.048 
-0.724 25.916 
-0.714 25.321 
-0.817 39.849 
-0.804 35.294 
-0.821 40.574 
-0.837 50.773 
-0.828 45.235 
-0.826 44.781 
-0.775 33.736 
-0.836 50.686 
-0.824 44.54 
-0.808 39.098 
-0.803 35.153 
-0.809 39.184 
-0.801 34.701 
-0.772 33.535 
-0.828 45.235 
-0.826 44.781 
-0.713 25.175 
-0.765 29.965 
-0.766 30.079 
-0.785 34.001 
-0.766 30.079 
-0.748 29.208 
-0.818 40.1 
-0.836 50.686 
-0.801 34.701 
-0.82 40.434 
-0.819 40.242 
-0.8 34.509 
-0.773 33.558 
-0.773 33.558 
-0.829 45.407 
-0.713 25.175 
-0.816 39.695 
-0.825 44.628 
-0.819 40.242 
-0.818 40.1 
-0.804 35.294 
-0.82 40.434 
-0.799 34.404 
-0.793 34.265 
-0.765 29.965 
-0.8 34.509 
-0.825 44.628 
-0.809 39.184 
-0.816 39.695 
-0.791 34.183 
-0.786 34.106 
-0.792 34.197 
-0.815 39.611 
-0.81 39.562 
-0.792 34.197 
-0.67 23.806 
-0.838 50.985 
-0.747 28.777 
-0.725 26.339 
-0.677 24.21 
-0.83 46.063 
