-0.837 55.701 
-0.665 24.266 
-0.837 55.701 
-0.767 34.174 
-0.739 29.064 
-0.83 50.384 
-0.71 28.01 
-0.808 39.149 
-0.83 50.384 
-0.792 34.244 
-0.676 24.279 
-0.829 45.862 
-0.821 40.818 
-0.801 35.238 
-0.826 44.802 
-0.695 26.983 
-0.695 26.983 
-0.766 30.841 
-0.743 29.511 
-0.676 24.279 
-0.757 29.712 
-0.799 34.459 
-0.801 35.238 
-0.826 44.802 
-0.809 39.316 
-0.701 27.416 
-0.76 29.857 
-0.793 34.398 
-0.71 28.01 
-0.821 40.818 
-0.815 39.611 
-0.707 27.528 
-0.764 30.135 
-0.701 27.416 
-0.819 40.328 
-0.827 45.709 
-0.763 30.134 
-0.766 30.841 
-0.757 29.712 
-0.74 29.217 
-0.708 27.732 
-0.828 45.829 
-0.815 39.611 
-0.74 29.217 
-0.708 27.732 
-0.816 39.848 
-0.818 40.158 
-0.817 39.984 
-0.818 40.158 
-0.817 39.984 
-0.816 39.848 
-0.827 45.709 
-0.707 27.528 
-0.792 34.244 
-0.767 34.174 
-0.829 45.862 
-0.676 24.279 
-0.74 29.217 
-0.83 50.384 
-0.826 44.802 
-0.792 34.244 
-0.821 40.818 
-0.815 39.611 
-0.708 27.732 
-0.818 40.158 
-0.829 45.862 
-0.827 45.709 
-0.817 39.984 
-0.816 39.848 
-0.707 27.528 
-0.767 34.174 
-0.676 24.279 
-0.676 24.279 
-0.676 24.279 
-0.707 27.528 
-0.821 40.818 
-0.767 34.174 
-0.817 39.984 
-0.767 34.174 
-0.676 24.279 
-0.676 24.279 
-0.827 45.709 
-0.817 39.984 
-0.676 24.279 
-0.827 45.709 
-0.821 40.818 
-0.676 24.279 
-0.827 45.709 
-0.821 40.818 
-0.816 39.848 
-0.827 45.709 
-0.821 40.818 
-0.74 29.217 
-0.676 24.279 
-0.817 39.984 
-0.676 24.279 
-0.827 45.709 
-0.827 45.709 
-0.676 24.279 
-0.816 39.848 
