-0.7 23.779 
-0.873 48.258 
-0.7 23.779 
-0.873 48.258 
-0.864 47.4 
-0.863 42.497 
-0.718 24.404 
-0.842 41.212 
-0.722 27.562 
-0.726 27.932 
-0.748 28.032 
-0.84 37.924 
-0.809 34.913 
-0.808 31.829 
-0.768 29.488 
-0.754 29.099 
-0.825 35.379 
-0.817 35.279 
-0.871 47.628 
-0.859 41.744 
-0.851 41.734 
-0.71 24.281 
-0.869 47.403 
-0.773 29.936 
-0.752 28.726 
-0.777 30.173 
-0.797 30.647 
-0.789 30.476 
-0.705 24.087 
-0.81 35.041 
-0.816 35.159 
-0.849 41.524 
-0.722 27.562 
-0.705 24.087 
-0.843 41.26 
-0.783 30.362 
-0.71 24.281 
-0.829 35.945 
-0.804 31.144 
-0.798 30.869 
-0.772 29.727 
-0.783 30.362 
-0.777 30.173 
-0.802 30.993 
-0.861 42.165 
-0.718 24.404 
-0.787 30.366 
-0.793 30.54 
-0.726 27.932 
-0.827 35.731 
-0.749 28.123 
-0.83 36.449 
-0.793 30.54 
-0.831 36.685 
-0.862 42.271 
-0.751 28.405 
-0.834 36.837 
-0.75 28.402 
-0.806 31.373 
-0.828 35.904 
-0.84 37.924 
-0.85 41.642 
-0.86 41.863 
-0.802 30.993 
-0.849 41.524 
-0.843 41.26 
-0.832 36.791 
-0.837 37.365 
-0.836 37.12 
-0.772 29.727 
-0.83 36.449 
-0.807 31.602 
-0.808 31.829 
-0.807 31.602 
-0.805 31.363 
-0.839 37.712 
-0.838 37.575 
-0.837 37.365 
-0.826 35.523 
-0.836 37.12 
-0.835 36.952 
-0.787 30.366 
-0.826 35.523 
-0.839 37.712 
-0.838 37.575 
-0.809 34.913 
-0.798 30.869 
-0.86 41.863 
-0.816 35.159 
-0.81 35.041 
-0.835 36.952 
-0.832 36.791 
-0.805 31.363 
-0.873 48.258 
-0.7 23.779 
-0.71 24.281 
-0.718 24.404 
-0.726 27.932 
-0.84 37.924 
-0.843 41.26 
