-0.773 30.092 
-0.795 31.029 
-0.784 30.948 
-0.739 28.687 
-0.747 28.985 
-0.854 42.457 
-0.795 31.029 
-0.795 31.029 
-0.839 37.929 
-0.844 41.896 
-0.854 42.457 
-0.856 48.199 
-0.773 30.092 
-0.807 35.09 
-0.738 28.319 
-0.795 31.029 
-0.854 42.457 
-0.844 41.896 
-0.824 36.631 
-0.806 31.78 
-0.871 51.596 
-0.795 31.029 
-0.747 28.985 
-0.873 52.917 
-0.82 36.13 
-0.847 42.186 
-0.837 37.365 
-0.803 31.281 
-0.773 30.092 
-0.844 41.896 
-0.844 41.896 
-0.71 24.306 
-0.836 37.248 
-0.745 28.711 
-0.836 37.248 
-0.864 51.46 
-0.83 36.658 
-0.844 41.896 
-0.854 42.457 
-0.747 28.985 
-0.871 51.596 
-0.817 35.524 
-0.823 36.417 
-0.855 46.866 
-0.806 31.78 
-0.782 30.671 
