P=? [ F (x=9&y=9&crashed=0) ]	R{"cost"}=? [ C<=100 ]
0.557	27.595
0.845	79.388
0.557	27.595
0.845	79.388
0.836	74.602
0.835	60.476
0.63	29.809
0.837	74.604
0.6	29.252
0.675	33.327
0.703	33.474
0.844	79.297
0.772	46.039
0.767	44.066
0.749	39.677
0.738	38.669
0.721	34.659
0.823	59.593
0.583	28.706
0.562	27.792
0.662	32.143
0.641	30.318
0.818	56.033
0.799	54.1
0.79	48.862
0.749	39.677
0.795	50.908
0.79	48.862
0.738	38.669
0.767	44.066
0.721	34.659
0.772	46.039
0.583	28.706
0.662	32.143
0.641	30.318
0.795	50.908
0.592	28.896
0.6	29.252
0.806	54.645
0.593	28.899
0.713	33.514
0.831	60.021
0.794	49.376
0.771	44.565
0.638	30.315
0.705	33.476
0.844	79.297
0.562	27.792
0.748	39.495
0.826	59.878
0.823	59.593
0.834	60.161
0.811	55.225
0.818	56.033
0.638	30.315
0.799	54.1
0.742	39.149
0.814	55.504
0.81	55.086
0.745	39.193
0.814	55.504
0.672	32.89
0.817	55.834
0.793	49.183
0.741	38.969
0.72	34.483
0.717	34.008
0.716	33.835
0.803	54.538
0.802	54.377
0.826	59.878
0.72	34.483
0.717	34.008
0.668	32.441
0.671	32.817
0.81	55.086
0.674	33.079
0.745	39.193
0.713	33.514
0.67	32.602
0.77	44.377
0.665	32.147
0.56	27.759
0.668	32.441
0.817	55.834
0.703	33.474
0.793	49.183
0.716	33.835
0.835	60.476
0.741	38.969
0.77	44.377
0.768	44.077
0.666	32.148
0.802	54.377
0.705	33.476
0.56	27.759
0.794	49.376
0.768	44.077
0.674	33.079
0.771	44.565
