P=? [ F (x=9&y=9&crashed=0) ]	R{"cost"}=? [ C<=100 ]
-0.0	0.0
0.891	110.915
-0.0	0.0
0.891	110.915
0.6	24.206
0.6	24.206
0.89	95.138
0.87	64.283
0.872	75.256
0.873	85.063
0.872	75.256
0.862	59.027
0.838	48.469
0.862	59.027
0.854	54.382
0.846	53.024
0.87	64.283
0.881	89.81
0.873	85.063
0.89	95.138
0.882	90.399
0.816	42.316
0.821	43.421
0.604	24.532
0.666	27.117
0.804	38.573
0.633	24.806
0.824	46.753
0.638	25.357
0.737	31.499
0.666	27.117
0.715	27.524
0.816	42.316
0.789	36.702
0.78	34.297
0.683	27.238
0.696	27.407
0.731	29.231
0.854	54.382
0.846	53.024
0.638	25.357
0.766	32.504
0.753	32.044
0.824	46.753
0.804	38.573
0.827	48.128
0.696	27.407
0.882	90.399
0.881	89.81
0.684	27.326
0.725	27.835
0.748	31.863
0.821	43.421
0.716	27.762
0.78	34.297
0.829	48.3
0.838	48.469
0.789	36.702
0.737	31.499
0.803	38.343
0.779	34.075
0.753	32.044
0.796	37.645
0.729	28.537
0.748	31.863
0.796	37.645
0.73	29.215
0.772	33.412
0.772	33.412
0.803	38.343
0.779	34.075
0.731	29.231
0.792	37.501
0.791	36.917
0.769	33.282
0.768	32.71
0.726	28.088
0.766	32.504
0.729	28.537
0.726	28.088
0.602	24.219
0.827	48.128
0.604	24.532
0.79	36.714
0.767	32.691
0.829	48.3
0.793	37.545
0.636	25.151
0.633	24.806
0.636	25.151
0.791	36.917
0.77	33.345
0.634	24.968
0.635	24.997
0.602	24.219
0.715	27.524
0.793	37.545
0.684	27.326
0.716	27.762
0.77	33.345
