-0.846 56.514 
-0.695 24.888 
-0.695 24.888 
-0.846 56.514 
-0.838 51.016 
-0.838 51.016 
-0.726 26.215 
-0.827 45.08 
-0.83 45.798 
-0.779 34.156 
-0.806 39.501 
-0.705 25.624 
-0.8 34.4 
-0.821 40.614 
-0.769 30.406 
-0.805 35.48 
-0.766 29.96 
-0.747 29.693 
-0.771 33.525 
-0.734 28.393 
-0.726 26.215 
-0.83 45.798 
-0.703 25.302 
-0.734 28.393 
-0.743 28.932 
-0.737 28.856 
-0.778 33.886 
-0.821 40.614 
-0.772 33.626 
-0.818 40.118 
-0.813 40.099 
-0.705 25.624 
-0.766 29.96 
-0.81 39.627 
-0.804 35.359 
-0.703 25.302 
-0.828 45.339 
-0.745 29.283 
-0.829 45.381 
-0.811 39.648 
-0.812 40.011 
-0.745 29.283 
-0.803 35.053 
-0.802 34.703 
-0.735 28.513 
-0.735 28.513 
-0.771 33.525 
-0.803 35.053 
-0.746 29.583 
-0.801 34.687 
-0.737 28.856 
-0.743 28.932 
-0.747 29.693 
-0.778 33.886 
-0.772 33.626 
-0.8 34.4 
-0.82 40.439 
-0.819 40.251 
-0.82 40.439 
-0.819 40.251 
-0.81 39.627 
-0.806 39.501 
-0.746 29.583 
-0.812 40.011 
-0.829 45.381 
-0.811 39.648 
-0.818 40.118 
-0.813 40.099 
-0.802 34.703 
-0.801 34.687 
-0.846 56.514 
-0.838 51.016 
-0.726 26.215 
-0.83 45.798 
-0.766 29.96 
-0.703 25.302 
-0.745 29.283 
-0.803 35.053 
-0.735 28.513 
-0.737 28.856 
-0.747 29.693 
-0.778 33.886 
-0.8 34.4 
-0.821 40.614 
-0.82 40.439 
-0.819 40.251 
-0.81 39.627 
-0.806 39.501 
-0.812 40.011 
-0.811 39.648 
-0.818 40.118 
-0.801 34.687 
-0.846 56.514 
-0.838 51.016 
-0.83 45.798 
-0.766 29.96 
-0.745 29.283 
-0.803 35.053 
-0.735 28.513 
-0.737 28.856 
