-0.849 46.979 
-0.856 52.08 
-0.8 32.534 
-0.813 36.575 
-0.849 46.979 
-0.864 52.432 
-0.813 36.575 
-0.813 36.575 
-0.823 37.536 
-0.811 35.847 
-0.852 47.137 
-0.749 31.851 
-0.823 37.536 
-0.864 52.432 
-0.749 31.851 
-0.813 36.575 
-0.886 57.325 
-0.864 52.432 
-0.852 47.137 
-0.849 46.979 
-0.776 32.048 
-0.813 36.575 
-0.839 43.291 
-0.855 47.415 
-0.849 46.979 
-0.852 47.137 
-0.849 46.979 
-0.749 31.851 
-0.779 32.46 
-0.749 31.851 
-0.851 47.008 
-0.864 52.432 
-0.849 46.979 
-0.84 43.512 
-0.776 32.048 
-0.849 46.979 
-0.851 47.008 
-0.849 46.979 
-0.813 36.575 
-0.851 47.008 
-0.849 46.979 
-0.749 31.851 
-0.798 32.491 
-0.813 36.575 
-0.849 46.979 
-0.813 36.575 
-0.851 47.008 
-0.847 46.381 
-0.878 52.747 
-0.838 41.635 
-0.813 36.575 
-0.864 52.432 
-0.835 41.148 
-0.864 52.432 
-0.852 47.137 
-0.811 35.847 
-0.864 52.432 
-0.84 43.512 
-0.838 41.635 
-0.852 47.137 
-0.838 41.635 
-0.776 32.048 
-0.749 31.851 
-0.864 52.432 
-0.847 46.381 
-0.838 41.635 
-0.855 47.415 
-0.838 41.635 
-0.851 47.008 
-0.849 46.979 
-0.776 32.048 
-0.779 32.46 
-0.849 46.979 
-0.811 35.847 
-0.852 47.137 
-0.855 47.415 
-0.838 41.635 
-0.834 41.045 
-0.749 31.851 
-0.813 36.575 
-0.838 41.635 
-0.849 46.979 
-0.855 47.415 
-0.837 41.461 
-0.749 31.851 
-0.8 32.534 
-0.852 47.137 
-0.864 52.432 
-0.849 46.979 
-0.851 47.008 
-0.813 36.575 
-0.876 52.437 
-0.823 37.536 
-0.839 43.291 
-0.749 31.851 
-0.838 41.635 
-0.863 52.254 
-0.776 32.048 
