-0.889 58.032 
-0.761 31.283 
-0.761 31.283 
-0.889 58.032 
-0.791 31.538 
-0.884 57.278 
-0.88 52.948 
-0.846 45.871 
-0.845 42.347 
-0.834 40.674 
-0.823 37.333 
-0.81 35.672 
-0.8 32.526 
-0.867 51.02 
-0.863 48.421 
-0.863 48.421 
-0.834 40.674 
-0.823 37.333 
-0.848 46.075 
-0.8 32.526 
-0.81 35.672 
-0.858 46.222 
-0.862 46.778 
-0.798 32.212 
-0.839 41.646 
-0.843 41.935 
-0.871 51.765 
-0.88 52.948 
-0.867 51.02 
-0.818 36.508 
-0.798 32.212 
-0.884 57.278 
-0.875 52.253 
-0.838 41.376 
-0.821 36.903 
-0.844 42.139 
-0.836 41.081 
-0.887 57.563 
-0.819 36.806 
-0.815 36.474 
-0.875 52.253 
-0.871 51.765 
-0.886 57.325 
-0.87 51.592 
-0.868 51.154 
-0.822 37.321 
-0.814 36.391 
-0.87 51.592 
-0.811 35.838 
-0.812 36.204 
-0.848 46.075 
-0.868 51.154 
-0.888 57.7 
-0.843 41.935 
-0.839 41.646 
-0.861 46.646 
-0.86 46.359 
-0.835 40.803 
-0.878 52.57 
-0.877 52.295 
-0.879 52.789 
-0.878 52.57 
-0.845 42.347 
-0.846 45.871 
-0.799 32.334 
-0.837 41.206 
-0.811 35.838 
-0.879 52.789 
-0.858 46.222 
-0.888 57.7 
-0.86 46.359 
-0.859 46.226 
-0.862 46.778 
-0.861 46.646 
-0.835 40.803 
-0.837 41.206 
-0.799 32.334 
-0.813 36.275 
-0.821 36.903 
-0.819 36.806 
-0.813 36.275 
-0.812 36.204 
-0.886 57.325 
-0.876 52.29 
-0.818 36.508 
-0.815 36.474 
-0.822 37.321 
-0.877 52.295 
-0.876 52.29 
-0.859 46.226 
-0.889 58.032 
-0.761 31.283 
-0.863 48.421 
-0.834 40.674 
-0.823 37.333 
-0.8 32.526 
-0.81 35.672 
-0.88 52.948 
-0.867 51.02 
-0.884 57.278 
