-0.708 25.239 
-0.88 51.884 
-0.708 25.239 
-0.88 51.884 
-0.863 47.457 
-0.757 29.6 
-0.852 45.489 
-0.847 42.199 
-0.835 40.554 
-0.753 26.867 
-0.83 37.807 
-0.863 47.457 
-0.818 35.894 
-0.79 33.106 
-0.789 31.238 
-0.808 35.882 
-0.72 25.465 
-0.744 25.806 
-0.782 30.069 
-0.732 25.696 
-0.77 29.902 
-0.72 25.465 
-0.733 25.736 
-0.71 25.326 
-0.843 41.514 
-0.792 33.124 
-0.763 29.887 
-0.801 34.741 
-0.838 41.169 
-0.77 29.902 
-0.854 45.899 
-0.798 34.214 
-0.82 36.341 
-0.86 46.399 
-0.784 30.612 
-0.825 37.062 
-0.82 36.341 
-0.798 34.214 
-0.825 37.062 
-0.83 37.807 
-0.792 33.124 
-0.763 29.887 
-0.847 42.199 
-0.757 29.6 
-0.805 35.414 
-0.835 40.554 
-0.862 47.32 
-0.861 46.583 
-0.852 45.489 
-0.829 37.632 
-0.837 40.681 
-0.846 42.03 
-0.805 35.414 
-0.803 34.973 
-0.748 26.412 
-0.745 25.847 
-0.751 26.837 
-0.86 46.399 
-0.854 45.899 
-0.753 26.867 
-0.783 30.126 
-0.799 34.297 
-0.788 31.156 
-0.787 30.733 
-0.803 34.973 
-0.75 26.465 
-0.828 37.26 
-0.745 25.847 
-0.838 41.169 
-0.748 26.412 
-0.808 35.882 
-0.853 45.578 
-0.845 41.731 
-0.799 34.297 
-0.732 25.696 
-0.827 37.258 
-0.861 46.583 
-0.782 30.069 
-0.786 30.724 
-0.827 37.258 
-0.71 25.326 
-0.862 47.32 
-0.844 41.641 
-0.837 40.681 
-0.786 30.724 
-0.845 41.731 
-0.844 41.641 
-0.853 45.578 
-0.789 31.238 
-0.788 31.156 
-0.733 25.736 
-0.709 25.297 
-0.783 30.126 
-0.75 26.465 
-0.749 26.432 
-0.751 26.837 
-0.709 25.297 
-0.749 26.432 
-0.79 33.106 
-0.787 30.733 
