-0.708 25.239 
-0.88 51.884 
-0.88 51.884 
-0.708 25.239 
-0.864 47.19 
-0.851 45.27 
-0.847 42.109 
-0.834 40.172 
-0.864 47.19 
-0.756 29.478 
-0.753 26.867 
-0.83 37.717 
-0.79 32.628 
-0.805 35.33 
-0.72 25.424 
-0.782 30.069 
-0.732 25.696 
-0.77 29.902 
-0.72 25.424 
-0.744 25.806 
-0.733 25.736 
-0.81 35.834 
-0.818 35.894 
-0.71 25.326 
-0.789 31.238 
-0.792 33.124 
-0.792 33.124 
-0.763 29.887 
-0.838 41.169 
-0.77 29.902 
-0.798 34.214 
-0.854 45.899 
-0.757 29.6 
-0.747 26.224 
-0.798 34.214 
-0.763 29.887 
-0.859 46.274 
-0.825 37.062 
-0.82 36.341 
-0.752 26.57 
-0.82 36.341 
-0.843 41.514 
-0.825 37.062 
-0.81 35.834 
-0.828 37.26 
-0.835 40.227 
-0.861 46.583 
-0.753 26.867 
-0.803 34.891 
-0.83 37.717 
-0.847 42.109 
-0.861 46.583 
-0.837 40.681 
-0.803 34.891 
-0.801 34.574 
-0.852 45.312 
-0.785 30.585 
-0.783 30.126 
-0.801 34.574 
-0.756 29.478 
-0.788 31.156 
-0.787 30.733 
-0.836 40.633 
-0.745 25.847 
-0.859 46.274 
-0.854 45.899 
-0.829 37.632 
-0.75 26.465 
-0.749 26.253 
-0.819 36.252 
-0.843 41.514 
-0.838 41.169 
-0.853 45.578 
-0.786 30.722 
-0.846 42.03 
-0.845 41.731 
-0.827 37.124 
-0.785 30.585 
-0.757 29.6 
-0.799 34.297 
-0.732 25.696 
-0.853 45.578 
-0.709 25.291 
-0.799 34.297 
-0.783 30.126 
-0.745 25.847 
-0.86 46.399 
-0.782 30.069 
-0.845 41.731 
-0.844 41.592 
-0.86 46.399 
-0.75 26.465 
-0.71 25.326 
-0.819 36.252 
-0.829 37.632 
-0.789 31.238 
-0.788 31.156 
-0.846 42.03 
-0.844 41.592 
-0.744 25.806 
