-0.806 36.138 
-0.766 30.822 
-0.83 37.866 
-0.855 46.987 
-0.872 51.94 
-0.83 37.866 
-0.764 30.779 
-0.846 42.594 
-0.796 35.26 
-0.764 30.779 
-0.872 51.94 
-0.796 35.26 
-0.805 36.047 
-0.798 35.839 
-0.806 36.138 
-0.82 36.882 
-0.763 29.933 
-0.757 29.66 
-0.777 30.993 
-0.781 31.187 
-0.846 42.594 
-0.739 26.644 
-0.737 26.259 
-0.801 35.891 
-0.74 26.651 
-0.836 42.147 
-0.846 42.594 
-0.805 36.047 
-0.812 36.366 
-0.72 25.47 
-0.855 46.987 
-0.753 26.869 
-0.82 36.882 
-0.789 31.408 
-0.805 36.047 
-0.835 41.521 
-0.806 36.138 
-0.795 35.096 
-0.863 47.461 
