-0.872 64.768 
-0.655 30.456 
-0.655 30.456 
-0.872 64.768 
-0.719 31.99 
-0.856 54.624 
-0.759 34.228 
-0.846 54.005 
-0.737 34.071 
-0.838 48.979 
-0.82 47.171 
-0.815 43.091 
-0.807 41.792 
-0.791 38.34 
-0.719 31.99 
-0.76 36.597 
-0.807 41.792 
-0.856 54.624 
-0.73 32.98 
-0.791 38.34 
-0.785 37.884 
-0.773 37.86 
-0.73 32.98 
-0.81 42.229 
-0.838 48.979 
-0.846 54.005 
-0.831 48.328 
-0.812 42.774 
-0.853 54.163 
-0.767 37.222 
-0.82 47.171 
-0.822 47.451 
-0.773 37.86 
-0.828 47.604 
-0.767 37.222 
-0.765 37.091 
-0.815 43.091 
-0.836 48.679 
-0.765 37.091 
-0.788 38.042 
-0.83 47.719 
-0.76 36.597 
-0.788 38.042 
-0.836 48.679 
-0.831 48.328 
-0.855 54.283 
-0.837 48.737 
-0.821 47.407 
-0.813 42.976 
-0.853 54.163 
-0.828 47.604 
-0.822 47.451 
-0.855 54.283 
-0.854 54.181 
-0.83 47.719 
-0.829 47.62 
-0.814 42.994 
-0.837 48.737 
-0.821 47.407 
-0.854 54.181 
-0.814 42.994 
-0.813 42.976 
-0.829 47.62 
-0.872 64.768 
-0.719 31.99 
-0.856 54.624 
-0.791 38.34 
-0.73 32.98 
-0.767 37.222 
-0.838 48.979 
-0.82 47.171 
-0.773 37.86 
-0.76 36.597 
-0.788 38.042 
-0.836 48.679 
-0.831 48.328 
-0.828 47.604 
-0.822 47.451 
-0.855 54.283 
-0.83 47.719 
-0.821 47.407 
-0.854 54.181 
-0.814 42.994 
-0.813 42.976 
-0.829 47.62 
-0.872 64.768 
-0.76 36.597 
-0.73 32.98 
-0.767 37.222 
-0.773 37.86 
-0.82 47.171 
-0.836 48.679 
-0.788 38.042 
-0.813 42.976 
-0.828 47.604 
-0.822 47.451 
-0.855 54.283 
-0.83 47.719 
-0.821 47.407 
-0.854 54.181 
