-0.882 43.015 
-0.725 25.572 
-0.882 43.015 
-0.725 25.572 
-0.79 29.454 
-0.829 30.253 
-0.765 26.358 
-0.848 35.438 
-0.874 41.358 
-0.864 37.468 
-0.84 31.854 
-0.781 26.709 
-0.765 26.358 
-0.864 37.468 
-0.777 26.628 
-0.856 36.03 
-0.874 41.358 
-0.781 26.709 
-0.84 31.854 
-0.881 42.264 
-0.859 36.347 
-0.777 26.628 
-0.88 41.94 
-0.88 41.94 
-0.877 41.48 
-0.852 35.572 
-0.862 37.088 
-0.861 36.649 
-0.852 35.572 
-0.863 37.143 
-0.881 42.264 
-0.877 41.48 
-0.832 30.595 
-0.831 30.3 
-0.86 36.64 
-0.839 31.683 
-0.838 31.391 
-0.857 36.202 
-0.834 30.809 
-0.833 30.605 
-0.851 35.503 
-0.839 31.683 
-0.837 31.248 
-0.836 31.085 
-0.83 30.263 
-0.836 31.085 
-0.835 30.939 
-0.857 36.202 
-0.838 31.391 
-0.837 31.248 
-0.835 30.939 
-0.834 30.809 
-0.849 35.456 
-0.876 41.381 
-0.863 37.143 
-0.862 37.088 
-0.851 35.503 
-0.849 35.456 
-0.831 30.3 
-0.876 41.381 
-0.875 41.362 
-0.833 30.605 
-0.832 30.595 
-0.861 36.649 
-0.86 36.64 
-0.875 41.362 
-0.725 25.572 
-0.864 37.468 
-0.874 41.358 
-0.781 26.709 
-0.84 31.854 
-0.777 26.628 
-0.88 41.94 
-0.881 42.264 
-0.877 41.48 
-0.852 35.572 
-0.839 31.683 
-0.836 31.085 
-0.857 36.202 
-0.838 31.391 
-0.837 31.248 
-0.835 30.939 
-0.834 30.809 
-0.863 37.143 
-0.862 37.088 
-0.849 35.456 
-0.876 41.381 
-0.833 30.605 
-0.832 30.595 
-0.86 36.64 
-0.875 41.362 
-0.831 30.3 
-0.725 25.572 
-0.777 26.628 
-0.874 41.358 
-0.781 26.709 
-0.84 31.854 
-0.852 35.572 
-0.881 42.264 
-0.877 41.48 
