-0.89 37.984 
-0.705 25.66 
-0.918 43.688 
-0.916 43.27 
-0.854 32.782 
-0.884 37.747 
-0.742 27.07 
-0.926 43.993 
-0.911 38.925 
-0.935 53.318 
-0.75 27.434 
-0.749 27.416 
-0.842 32.334 
-0.926 43.993 
-0.809 30.95 
-0.918 43.688 
-0.783 29.719 
-0.884 37.747 
-0.918 43.688 
-0.708 26.071 
-0.885 37.963 
-0.702 25.174 
-0.75 27.434 
-0.854 32.782 
-0.898 38.156 
-0.809 30.95 
-0.813 31.499 
-0.706 26.033 
-0.883 36.92 
-0.77 27.673 
-0.928 44.552 
-0.869 33.087 
-0.919 43.915 
-0.702 25.174 
-0.844 32.348 
-0.926 43.993 
-0.853 32.607 
-0.841 31.984 
-0.918 43.688 
-0.918 43.688 
