-0.871 57.008 
-0.66 22.908 
-0.871 57.008 
-0.66 22.908 
-0.863 51.978 
-0.701 25.947 
-0.87 56.53 
-0.837 41.231 
-0.737 29.769 
-0.769 29.842 
-0.674 23.783 
-0.701 25.947 
-0.73 26.575 
-0.795 34.404 
-0.825 39.781 
-0.82 35.513 
-0.842 45.344 
-0.674 23.783 
-0.851 50.197 
-0.847 46.368 
-0.781 30.723 
-0.736 29.656 
-0.731 26.745 
-0.817 35.07 
-0.781 30.723 
-0.803 34.869 
-0.795 34.404 
-0.661 23.008 
-0.834 40.777 
-0.854 50.982 
-0.801 34.486 
-0.854 50.982 
-0.731 26.745 
-0.845 46.025 
-0.661 23.008 
-0.829 40.339 
-0.842 45.344 
-0.774 29.844 
-0.736 29.656 
-0.82 35.513 
-0.825 39.781 
-0.769 29.842 
-0.73 26.575 
-0.847 46.368 
-0.851 50.197 
-0.853 50.764 
-0.852 50.325 
-0.829 40.339 
-0.844 45.599 
-0.843 45.471 
-0.826 39.858 
-0.78 30.485 
-0.778 30.343 
-0.818 35.391 
-0.802 34.748 
-0.853 50.764 
-0.846 46.239 
-0.777 30.14 
-0.817 35.07 
-0.803 34.869 
-0.828 40.212 
-0.827 40.031 
-0.827 40.031 
-0.776 30.129 
-0.775 29.962 
-0.78 30.485 
-0.778 30.343 
-0.846 46.239 
-0.844 45.599 
-0.852 50.325 
-0.828 40.212 
-0.802 34.748 
-0.775 29.962 
-0.819 35.414 
-0.737 29.769 
-0.819 35.414 
-0.818 35.391 
-0.777 30.14 
-0.776 30.129 
-0.774 29.844 
-0.871 57.008 
-0.66 22.908 
-0.701 25.947 
-0.674 23.783 
-0.781 30.723 
-0.795 34.404 
-0.854 50.982 
-0.825 39.781 
-0.661 23.008 
-0.829 40.339 
-0.736 29.656 
-0.82 35.513 
-0.769 29.842 
-0.73 26.575 
-0.847 46.368 
-0.851 50.197 
-0.842 45.344 
-0.844 45.599 
-0.853 50.764 
-0.817 35.07 
