P=? [ F (x=9&y=9&crashed=0) ]	R{"cost"}=? [ C<=100 ]
0.673	20.924
0.863	57.841
0.863	57.841
0.673	20.924
0.853	50.34
0.862	51.533
0.706	24.391
0.677	21.13
0.784	34.034
0.741	28.346
0.721	24.737
0.836	45.084
0.829	41.506
0.706	24.391
0.677	21.13
0.846	46.937
0.806	39.774
0.804	36.968
0.736	25.802
0.754	28.893
0.742	28.704
0.775	32.056
0.711	24.637
0.729	24.939
0.775	32.056
0.861	51.304
0.846	46.937
0.811	40.258
0.829	41.506
0.768	31.331
0.819	40.437
0.837	45.142
0.764	30.47
0.841	45.579
0.836	45.084
0.764	30.47
0.736	25.802
0.789	35.031
0.758	29.845
0.768	31.331
0.761	29.869
0.861	51.304
0.807	40.075
0.825	40.912
0.844	45.895
0.729	24.939
0.757	29.46
0.811	40.258
0.787	34.467
0.797	36.2
0.824	40.595
0.733	25.407
0.772	31.74
0.801	36.536
0.791	35.476
0.796	35.758
0.845	46.524
0.754	28.893
0.757	29.46
0.806	39.774
0.711	24.637
0.733	25.407
0.798	36.279
0.801	36.536
0.708	24.445
0.845	46.524
0.761	29.869
0.772	31.74
0.793	35.492
0.788	34.866
0.675	21.122
0.821	40.44
0.708	24.445
0.819	40.437
0.827	41.033
0.821	40.44
0.804	36.968
0.803	36.815
0.786	34.334
0.844	45.895
0.842	45.594
0.734	25.501
0.786	34.334
0.828	41.211
0.734	25.501
0.803	36.815
0.794	35.495
0.796	35.758
0.798	36.279
0.862	51.533
0.791	35.476
0.842	45.594
0.675	21.122
0.794	35.495
0.742	28.704
0.807	40.075
0.828	41.211
0.788	34.866
0.824	40.595
0.774	31.909
