-0.7 27.555 
-0.899 54.315 
-0.7 27.555 
-0.899 54.315 
-0.71 30.205 
-0.856 47.791 
-0.879 52.984 
-0.875 48.438 
-0.825 38.665 
-0.83 42.499 
-0.792 36.995 
-0.778 33.031 
-0.85 43.843 
-0.736 30.593 
-0.763 32.644 
-0.741 31.213 
-0.777 32.952 
-0.873 48.113 
-0.898 54.223 
-0.792 36.995 
-0.848 42.934 
-0.882 54.015 
-0.833 42.898 
-0.778 33.031 
-0.808 38.486 
-0.763 32.644 
-0.804 37.528 
-0.794 37.39 
-0.752 31.72 
-0.85 43.843 
-0.819 38.626 
-0.751 31.643 
-0.739 30.848 
-0.807 38.138 
-0.881 53.984 
-0.752 31.72 
-0.83 42.499 
-0.819 38.626 
-0.849 43.124 
-0.736 30.593 
-0.875 48.438 
-0.825 38.665 
-0.805 37.611 
-0.751 31.643 
-0.832 42.852 
-0.793 37.331 
-0.873 48.113 
-0.874 48.191 
-0.805 37.611 
-0.882 54.015 
-0.898 54.223 
-0.849 43.124 
-0.832 42.852 
-0.881 53.984 
-0.808 38.486 
-0.874 48.191 
-0.793 37.331 
-0.848 42.934 
-0.833 42.898 
-0.792 36.995 
-0.763 32.644 
-0.85 43.843 
-0.752 31.72 
-0.83 42.499 
-0.819 38.626 
-0.875 48.438 
-0.825 38.665 
-0.751 31.643 
-0.808 38.486 
-0.805 37.611 
-0.873 48.113 
-0.882 54.015 
-0.793 37.331 
-0.832 42.852 
-0.881 53.984 
-0.833 42.898 
-0.792 36.995 
-0.763 32.644 
-0.85 43.843 
-0.752 31.72 
-0.819 38.626 
-0.825 38.665 
-0.873 48.113 
-0.808 38.486 
-0.805 37.611 
-0.882 54.015 
-0.793 37.331 
-0.832 42.852 
-0.881 53.984 
-0.833 42.898 
-0.85 43.843 
-0.752 31.72 
-0.763 32.644 
-0.819 38.626 
-0.808 38.486 
-0.805 37.611 
-0.832 42.852 
-0.881 53.984 
-0.833 42.898 
-0.752 31.72 
