-0.644 23.613 
-0.795 58.413 
-0.795 58.413 
-0.644 23.613 
-0.773 49.232 
-0.788 53.935 
-0.764 47.311 
-0.779 53.449 
-0.721 34.168 
-0.758 44.283 
-0.704 31.875 
-0.699 28.953 
-0.747 42.005 
-0.679 27.716 
-0.724 36.653 
-0.781 53.516 
-0.688 27.89 
-0.676 27.38 
-0.672 25.273 
-0.788 53.935 
-0.663 24.33 
-0.729 37.525 
-0.743 40.418 
-0.758 44.283 
-0.657 24.247 
-0.714 32.98 
-0.75 42.704 
-0.739 39.526 
-0.736 38.3 
-0.779 53.449 
-0.692 28.346 
-0.743 40.418 
-0.733 37.667 
-0.699 28.953 
-0.696 28.461 
-0.704 31.875 
-0.652 24.075 
-0.755 43.714 
-0.765 47.467 
-0.711 32.505 
-0.77 48.258 
-0.755 43.714 
-0.75 42.704 
-0.657 24.247 
-0.65 23.85 
-0.665 24.822 
-0.707 32.429 
-0.646 23.802 
-0.672 25.273 
-0.669 24.883 
-0.77 48.258 
-0.765 47.467 
-0.736 38.3 
-0.735 37.983 
-0.676 27.38 
-0.712 32.585 
-0.713 32.904 
-0.727 37.173 
-0.691 28.169 
-0.748 42.084 
-0.724 36.653 
-0.717 33.531 
-0.734 37.764 
-0.739 39.526 
-0.741 39.699 
-0.719 33.684 
-0.772 48.715 
-0.742 39.914 
-0.69 27.968 
-0.697 28.556 
-0.717 33.531 
-0.651 23.873 
-0.726 36.786 
-0.727 37.173 
-0.749 42.358 
-0.772 48.715 
-0.771 48.379 
-0.72 33.836 
-0.689 27.902 
-0.677 27.416 
-0.664 24.531 
-0.646 23.802 
-0.749 42.358 
-0.678 27.457 
-0.698 28.715 
-0.706 32.199 
-0.742 39.914 
-0.705 32.082 
-0.757 44.094 
-0.756 43.888 
-0.664 24.531 
-0.757 44.094 
-0.756 43.888 
-0.652 24.075 
-0.698 28.715 
-0.671 25.114 
-0.72 33.836 
-0.718 33.534 
-0.67 25.027 
-0.771 48.379 
