P=? [ F (x=9&y=9&crashed=0) ]	R{"cost"}=? [ C<=100 ]
0.863	57.133
0.709	24.875
0.709	24.875
0.863	57.133
0.854	51.53
0.829	42.453
0.862	56.399
0.752	28.961
0.733	26.503
0.85	50.156
0.845	46.789
0.815	39.236
0.804	36.082
0.782	33.881
0.774	30.925
0.84	45.349
0.752	28.961
0.733	26.503
0.804	36.082
0.756	29.676
0.815	39.236
0.84	45.349
0.862	56.399
0.766	29.813
0.789	34.704
0.774	30.925
0.798	34.998
0.782	33.881
0.845	46.789
0.714	25.338
0.721	25.633
0.85	50.156
0.853	51.032
0.844	46.172
0.82	40.379
0.713	25.199
0.773	30.524
0.753	29.078
0.723	25.7
0.732	26.455
0.728	26.211
0.754	29.464
0.768	29.889
0.8	35.145
0.823	40.981
0.82	40.379
0.823	40.981
0.817	39.545
0.816	39.447
0.824	41.109
0.721	25.633
0.788	34.459
0.769	30.009
0.826	41.734
0.825	41.288
0.724	25.899
0.784	33.966
0.755	29.512
0.852	50.628
0.799	35.021
0.819	40.03
0.766	29.813
0.803	35.739
0.713	25.199
0.842	45.847
0.841	45.533
0.828	42.22
0.827	41.916
0.714	25.338
0.783	33.916
0.798	34.998
0.789	34.704
0.851	50.437
0.786	34.214
0.801	35.421
0.819	40.03
0.818	39.757
0.803	35.739
0.802	35.471
0.725	25.935
0.727	26.175
0.788	34.459
0.786	34.214
0.732	26.455
0.728	26.211
0.727	26.175
0.725	25.935
0.828	42.22
0.818	39.757
0.852	50.628
0.851	50.437
0.843	46.032
0.842	45.847
0.841	45.533
0.827	41.916
0.826	41.734
0.785	34.146
0.825	41.288
0.772	30.404
0.771	30.247
