-0.852 55.134 
-0.852 55.134 
-0.669 23.619 
-0.669 23.619 
-0.844 46.476 
-0.844 46.476 
-0.842 40.694 
-0.771 33.517 
-0.693 25.527 
-0.693 25.527 
-0.78 34.534 
-0.763 29.795 
-0.801 34.597 
-0.813 36.459 
-0.728 28.448 
-0.748 29.365 
-0.711 27.711 
-0.817 39.453 
-0.728 28.448 
-0.808 35.589 
-0.825 40.251 
-0.839 40.334 
-0.762 29.597 
-0.711 27.711 
-0.715 28.214 
-0.75 29.596 
-0.763 29.795 
-0.813 36.459 
-0.823 40.073 
-0.778 33.682 
-0.818 39.933 
-0.817 39.453 
-0.748 29.365 
-0.841 40.502 
-0.779 33.914 
-0.802 34.872 
-0.714 28.154 
-0.805 35.222 
-0.805 35.222 
-0.804 35.189 
-0.803 34.915 
-0.839 40.334 
-0.825 40.251 
-0.715 28.214 
-0.779 33.914 
-0.749 29.556 
-0.712 27.9 
-0.778 33.682 
-0.713 28.001 
-0.818 39.933 
-0.713 28.001 
-0.712 27.9 
-0.801 34.597 
-0.78 34.534 
-0.803 34.915 
-0.749 29.556 
-0.804 35.189 
-0.75 29.596 
-0.669 23.619 
-0.844 46.476 
-0.693 25.527 
-0.711 27.711 
-0.763 29.795 
-0.748 29.365 
-0.839 40.334 
-0.803 34.915 
-0.825 40.251 
-0.801 34.597 
-0.715 28.214 
-0.75 29.596 
-0.818 39.933 
-0.713 28.001 
-0.712 27.9 
-0.749 29.556 
-0.805 35.222 
-0.804 35.189 
-0.818 39.933 
-0.825 40.251 
-0.75 29.596 
-0.818 39.933 
-0.818 39.933 
-0.825 40.251 
-0.75 29.596 
-0.75 29.596 
-0.75 29.596 
-0.75 29.596 
-0.75 29.596 
-0.75 29.596 
-0.711 27.711 
-0.748 29.365 
-0.818 39.933 
-0.75 29.596 
-0.713 28.001 
-0.748 29.365 
-0.75 29.596 
-0.75 29.596 
-0.75 29.596 
-0.818 39.933 
-0.763 29.795 
-0.713 28.001 
