-0.648 23.52 
-0.852 50.711 
-0.824 35.55 
-0.775 29.518 
-0.844 46.473 
-0.838 40.242 
-0.842 40.694 
-0.708 27.549 
-0.669 23.617 
-0.748 29.365 
-0.844 46.473 
-0.693 25.527 
-0.778 33.682 
-0.675 25.377 
-0.728 28.41 
-0.807 35.296 
-0.796 34.577 
-0.748 29.365 
-0.78 34.534 
-0.725 27.935 
-0.693 25.527 
-0.712 27.863 
-0.728 28.41 
-0.675 25.377 
-0.801 34.597 
-0.805 35.175 
-0.669 23.617 
-0.779 33.914 
-0.778 33.682 
-0.775 29.518 
-0.711 27.711 
-0.725 27.935 
-0.842 40.694 
-0.84 40.454 
-0.802 34.872 
-0.803 34.911 
-0.779 33.914 
-0.841 40.498 
-0.803 34.911 
-0.711 27.711 
-0.839 40.334 
-0.839 40.334 
-0.712 27.863 
-0.841 40.498 
-0.78 34.534 
-0.802 34.872 
-0.801 34.597 
-0.844 46.473 
-0.748 29.365 
-0.693 25.527 
-0.711 27.711 
-0.669 23.617 
-0.778 33.682 
-0.775 29.518 
-0.725 27.935 
-0.842 40.694 
-0.779 33.914 
-0.839 40.334 
-0.78 34.534 
-0.802 34.872 
-0.801 34.597 
-0.844 46.473 
-0.748 29.365 
-0.693 25.527 
-0.711 27.711 
-0.778 33.682 
-0.842 40.694 
-0.779 33.914 
-0.839 40.334 
-0.801 34.597 
-0.78 34.534 
-0.802 34.872 
-0.844 46.473 
-0.693 25.527 
-0.711 27.711 
-0.748 29.365 
-0.779 33.914 
-0.778 33.682 
-0.839 40.334 
-0.801 34.597 
-0.78 34.534 
-0.802 34.872 
-0.693 25.527 
-0.711 27.711 
-0.748 29.365 
-0.839 40.334 
-0.779 33.914 
-0.778 33.682 
-0.801 34.597 
-0.78 34.534 
-0.693 25.527 
-0.711 27.711 
-0.748 29.365 
-0.839 40.334 
-0.779 33.914 
-0.778 33.682 
-0.801 34.597 
-0.693 25.527 
-0.78 34.534 
-0.748 29.365 
