-0.789 35.224 
-0.719 29.061 
-0.761 31.322 
-0.83 45.715 
-0.701 28.204 
-0.758 30.751 
-0.789 35.224 
-0.789 35.224 
-0.789 35.224 
-0.789 35.224 
-0.818 39.933 
-0.83 45.715 
-0.82 40.161 
-0.698 27.895 
-0.808 39.741 
-0.842 46.187 
-0.761 31.322 
-0.805 35.592 
-0.81 39.899 
-0.761 31.322 
-0.789 35.224 
-0.789 35.224 
-0.779 34.337 
-0.83 45.715 
-0.75 29.596 
-0.789 35.224 
-0.758 30.751 
-0.852 55.134 
-0.83 45.715 
-0.764 33.722 
-0.789 35.224 
-0.78 34.534 
-0.825 40.251 
-0.789 35.224 
-0.818 39.933 
-0.83 45.715 
-0.761 31.322 
-0.825 40.251 
-0.698 27.895 
-0.789 35.224 
