-0.648 23.531 
-0.898 57.167 
-0.881 47.539 
-0.882 52.367 
-0.681 24.924 
-0.893 56.287 
-0.681 24.924 
-0.89 52.939 
-0.766 29.311 
-0.74 28.937 
-0.86 45.878 
-0.704 25.338 
-0.837 40.093 
-0.857 43.204 
-0.811 34.476 
-0.808 32.009 
-0.721 28.015 
-0.708 25.784 
-0.737 28.662 
-0.833 37.943 
-0.708 25.784 
-0.771 30.092 
-0.724 28.261 
-0.784 30.133 
-0.721 28.015 
-0.848 40.34 
-0.832 37.744 
-0.831 36.293 
-0.814 34.823 
-0.823 34.902 
-0.883 52.767 
-0.875 46.422 
-0.857 43.204 
-0.789 30.4 
-0.868 46.257 
-0.867 46.1 
-0.856 42.352 
-0.855 41.427 
-0.842 40.26 
-0.856 42.352 
-0.796 30.507 
-0.787 30.147 
-0.896 56.661 
-0.852 41.072 
-0.827 35.55 
-0.878 46.789 
-0.804 31.331 
-0.799 30.52 
-0.803 31.069 
-0.806 31.484 
-0.851 40.697 
-0.854 41.143 
-0.813 34.679 
-0.767 29.523 
-0.769 29.652 
-0.833 37.943 
-0.826 35.248 
-0.879 47.218 
-0.704 25.338 
-0.808 32.009 
-0.8 30.784 
-0.723 28.027 
-0.896 56.661 
-0.74 28.937 
-0.841 40.246 
-0.86 45.878 
-0.811 34.476 
-0.89 52.939 
-0.875 46.422 
-0.829 35.681 
-0.724 28.261 
-0.882 52.367 
-0.706 25.536 
-0.796 30.507 
-0.766 29.311 
-0.878 46.789 
-0.851 40.697 
-0.838 40.172 
-0.831 36.293 
-0.83 35.953 
-0.706 25.536 
-0.881 47.539 
-0.879 47.218 
-0.784 30.133 
-0.855 41.427 
-0.801 30.923 
-0.83 35.953 
-0.807 31.739 
-0.825 35.12 
-0.807 31.739 
-0.789 30.4 
-0.738 28.767 
-0.77 29.858 
-0.867 46.1 
-0.825 35.12 
-0.823 34.902 
-0.77 29.858 
-0.832 37.744 
-0.883 52.767 
-0.738 28.767 
