-0.889 54.596 
-0.63 25.007 
-0.889 54.596 
-0.63 25.007 
-0.88 48.633 
-0.881 53.757 
-0.702 28.762 
-0.864 47.44 
-0.658 25.81 
-0.84 41.536 
-0.863 44.088 
-0.776 34.026 
-0.76 29.792 
-0.838 38.249 
-0.702 28.762 
-0.807 37.137 
-0.706 29.186 
-0.768 31.003 
-0.657 25.809 
-0.828 37.573 
-0.658 25.81 
-0.731 29.437 
-0.739 29.773 
-0.784 35.664 
-0.798 36.769 
-0.874 47.874 
-0.776 34.026 
-0.798 36.769 
-0.784 35.664 
-0.855 43.129 
-0.781 34.461 
-0.806 36.89 
-0.768 31.003 
-0.882 54.109 
-0.8 36.849 
-0.738 29.771 
-0.888 54.324 
-0.875 48.143 
-0.657 25.809 
-0.783 34.984 
-0.732 29.567 
-0.861 43.751 
-0.846 41.759 
-0.854 42.597 
-0.861 43.751 
-0.855 43.129 
-0.852 42.24 
-0.829 37.709 
-0.765 30.362 
-0.781 34.461 
-0.705 28.874 
-0.783 34.984 
-0.767 30.876 
-0.766 30.379 
-0.837 38.114 
-0.765 30.362 
-0.834 37.76 
-0.874 47.874 
-0.849 42.122 
-0.848 41.877 
-0.854 42.597 
-0.881 53.757 
-0.846 41.759 
-0.84 41.536 
-0.879 48.364 
-0.731 29.437 
-0.706 29.186 
-0.838 38.249 
-0.836 37.874 
-0.878 48.363 
-0.878 48.363 
-0.888 54.324 
-0.882 54.109 
-0.862 43.879 
-0.732 29.567 
-0.862 43.879 
-0.851 42.227 
-0.767 30.876 
-0.848 41.877 
-0.705 28.874 
-0.836 37.874 
-0.835 37.767 
-0.851 42.227 
-0.849 42.122 
-0.834 37.76 
-0.829 37.709 
-0.766 30.379 
-0.835 37.767 
-0.879 48.364 
-0.889 54.596 
-0.702 28.762 
-0.658 25.81 
-0.798 36.769 
-0.784 35.664 
-0.657 25.809 
-0.861 43.751 
-0.855 43.129 
-0.781 34.461 
-0.783 34.984 
-0.874 47.874 
