-0.75 25.877 
-0.75 25.877 
-0.915 58.424 
-0.81 34.2 
-0.877 42.539 
-0.89 51.453 
-0.762 27.069 
-0.907 57.548 
-0.881 47.067 
-0.829 37.368 
-0.836 40.322 
-0.881 47.067 
-0.78 30.071 
-0.78 30.071 
-0.906 53.417 
-0.791 32.024 
-0.819 35.588 
-0.761 27.029 
-0.852 40.505 
-0.863 41.706 
-0.897 52.439 
-0.791 32.024 
-0.863 41.706 
-0.905 52.83 
-0.855 41.204 
-0.787 31.565 
-0.898 52.815 
-0.836 40.322 
-0.787 31.565 
-0.826 36.05 
-0.825 35.963 
-0.82 35.893 
-0.789 31.705 
-0.906 53.417 
-0.855 41.204 
-0.826 36.05 
-0.854 40.868 
-0.853 40.506 
-0.854 40.868 
-0.82 35.893 
-0.905 52.83 
-0.898 52.815 
-0.853 40.506 
-0.82 35.893 
-0.82 35.893 
-0.82 35.893 
-0.787 31.565 
-0.82 35.893 
-0.82 35.893 
-0.787 31.565 
-0.82 35.893 
-0.82 35.893 
-0.826 36.05 
-0.82 35.893 
-0.82 35.893 
-0.82 35.893 
-0.787 31.565 
-0.82 35.893 
-0.82 35.893 
-0.82 35.893 
-0.787 31.565 
-0.787 31.565 
-0.787 31.565 
-0.826 36.05 
-0.787 31.565 
-0.787 31.565 
-0.906 53.417 
-0.82 35.893 
-0.82 35.893 
-0.82 35.893 
-0.82 35.893 
-0.898 52.815 
-0.906 53.417 
-0.82 35.893 
-0.906 53.417 
-0.82 35.893 
-0.82 35.893 
-0.863 41.706 
-0.787 31.565 
-0.82 35.893 
-0.82 35.893 
-0.82 35.893 
-0.863 41.706 
-0.82 35.893 
-0.787 31.565 
-0.82 35.893 
-0.826 36.05 
-0.787 31.565 
-0.836 40.322 
-0.82 35.893 
-0.82 35.893 
-0.787 31.565 
-0.82 35.893 
-0.787 31.565 
-0.906 53.417 
-0.787 31.565 
-0.82 35.893 
-0.82 35.893 
-0.855 41.204 
-0.82 35.893 
