-0.633 25.493 
-0.906 58.571 
-0.633 25.493 
-0.897 53.562 
-0.885 53.494 
-0.65 25.778 
-0.7 28.081 
-0.808 36.745 
-0.905 58.476 
-0.879 48.894 
-0.763 31.779 
-0.763 31.779 
-0.783 32.005 
-0.726 29.53 
-0.869 47.931 
-0.65 25.778 
-0.8 33.691 
-0.858 44.297 
-0.83 39.039 
-0.835 41.964 
-0.7 28.081 
-0.726 29.53 
-0.718 28.405 
-0.636 25.658 
-0.8 33.691 
-0.704 28.398 
-0.827 38.222 
-0.816 37.12 
-0.869 47.931 
-0.858 44.297 
-0.83 39.039 
-0.82 37.978 
-0.879 48.894 
-0.793 32.787 
-0.846 43.024 
-0.844 42.629 
-0.905 58.476 
-0.852 43.031 
-0.837 42.537 
-0.818 37.513 
-0.794 32.815 
-0.724 29.442 
-0.72 28.707 
-0.835 41.964 
-0.877 48.342 
-0.793 32.787 
-0.874 48.076 
-0.72 28.707 
-0.855 43.907 
-0.854 43.363 
-0.794 32.815 
-0.817 37.294 
-0.827 38.222 
-0.724 29.442 
-0.874 48.076 
-0.877 48.342 
-0.702 28.135 
-0.836 42.332 
-0.82 37.978 
-0.636 25.658 
-0.854 43.363 
-0.845 42.717 
-0.857 44.167 
-0.855 43.907 
-0.703 28.392 
-0.857 44.167 
-0.836 42.332 
-0.718 28.405 
-0.852 43.031 
-0.837 42.537 
-0.845 42.717 
-0.702 28.135 
-0.704 28.398 
-0.703 28.392 
-0.633 25.493 
-0.763 31.779 
-0.7 28.081 
-0.726 29.53 
-0.8 33.691 
-0.869 47.931 
-0.858 44.297 
-0.83 39.039 
-0.905 58.476 
-0.879 48.894 
-0.835 41.964 
-0.793 32.787 
-0.72 28.707 
-0.827 38.222 
-0.724 29.442 
-0.874 48.076 
-0.82 37.978 
-0.636 25.658 
-0.854 43.363 
-0.855 43.907 
-0.857 44.167 
-0.836 42.332 
-0.845 42.717 
-0.718 28.405 
-0.852 43.031 
-0.702 28.135 
