-0.633 25.493 
-0.906 58.571 
-0.633 25.493 
-0.906 58.571 
-0.65 25.769 
-0.895 53.16 
-0.7 28.081 
-0.897 53.562 
-0.905 58.476 
-0.726 29.53 
-0.763 31.779 
-0.763 31.779 
-0.879 48.894 
-0.869 47.931 
-0.858 44.297 
-0.808 36.744 
-0.832 39.337 
-0.802 33.973 
-0.783 32.005 
-0.834 41.869 
-0.7 28.081 
-0.726 29.53 
-0.879 48.894 
-0.718 28.393 
-0.8 33.685 
-0.703 28.392 
-0.636 25.658 
-0.818 37.513 
-0.724 29.104 
-0.869 47.931 
-0.858 44.297 
-0.793 32.742 
-0.897 53.562 
-0.825 37.926 
-0.816 37.12 
-0.808 36.744 
-0.905 58.476 
-0.83 39.039 
-0.827 38.222 
-0.802 33.973 
-0.794 32.815 
-0.787 32.261 
-0.787 32.261 
-0.844 42.629 
-0.837 42.039 
-0.877 48.342 
-0.85 42.765 
-0.874 48.076 
-0.837 42.039 
-0.794 32.815 
-0.72 28.707 
-0.855 43.907 
-0.844 42.629 
-0.783 32.005 
-0.845 42.717 
-0.854 43.363 
-0.83 39.039 
-0.827 38.222 
-0.825 37.926 
-0.72 28.707 
-0.853 43.352 
-0.852 43.031 
-0.835 41.956 
-0.874 48.076 
-0.877 48.342 
-0.702 28.135 
-0.816 37.12 
-0.636 25.658 
-0.852 43.031 
-0.857 44.167 
-0.855 43.907 
-0.857 44.167 
-0.817 37.294 
-0.834 41.869 
-0.817 37.294 
-0.85 42.765 
-0.702 28.135 
-0.845 42.717 
-0.854 43.363 
-0.703 28.392 
-0.906 58.571 
-0.633 25.493 
-0.763 31.779 
-0.7 28.081 
-0.726 29.53 
-0.879 48.894 
-0.869 47.931 
-0.858 44.297 
-0.897 53.562 
-0.83 39.039 
-0.808 36.744 
-0.905 58.476 
-0.794 32.815 
-0.72 28.707 
-0.844 42.629 
-0.783 32.005 
-0.827 38.222 
-0.874 48.076 
-0.877 48.342 
-0.816 37.12 
