-0.918 51.542 
-0.753 29.099 
-0.753 29.099 
-0.918 51.542 
-0.8 33.045 
-0.8 33.045 
-0.843 34.564 
-0.909 45.957 
-0.815 33.217 
-0.916 50.802 
-0.849 37.679 
-0.827 34.423 
-0.89 43.857 
-0.89 43.857 
-0.877 40.912 
-0.875 39.682 
-0.907 45.521 
-0.892 45.426 
-0.862 39.332 
-0.877 40.912 
-0.827 34.423 
-0.86 39.031 
-0.859 37.997 
-0.891 45.258 
-0.916 50.802 
-0.909 45.957 
-0.857 37.784 
-0.876 40.775 
-0.843 34.564 
-0.849 37.679 
-0.862 39.332 
-0.917 51.244 
-0.875 39.682 
-0.917 51.244 
-0.857 37.784 
-0.907 45.521 
-0.891 45.258 
-0.876 40.775 
-0.892 45.426 
-0.918 51.542 
-0.753 29.099 
-0.8 33.045 
-0.827 34.423 
-0.916 50.802 
-0.849 37.679 
-0.862 39.332 
-0.875 39.682 
-0.917 51.244 
-0.857 37.784 
-0.907 45.521 
-0.891 45.258 
-0.892 45.426 
-0.918 51.542 
-0.753 29.099 
-0.8 33.045 
-0.827 34.423 
-0.916 50.802 
-0.849 37.679 
-0.862 39.332 
-0.875 39.682 
-0.857 37.784 
-0.907 45.521 
-0.891 45.258 
-0.892 45.426 
-0.918 51.542 
-0.8 33.045 
-0.827 34.423 
-0.849 37.679 
-0.862 39.332 
-0.875 39.682 
-0.857 37.784 
-0.891 45.258 
-0.907 45.521 
-0.8 33.045 
-0.918 51.542 
-0.827 34.423 
-0.849 37.679 
-0.862 39.332 
-0.891 45.258 
-0.907 45.521 
-0.8 33.045 
-0.918 51.542 
-0.827 34.423 
-0.849 37.679 
-0.862 39.332 
-0.891 45.258 
-0.907 45.521 
-0.918 51.542 
-0.827 34.423 
-0.862 39.332 
-0.849 37.679 
-0.891 45.258 
-0.918 51.542 
-0.827 34.423 
-0.849 37.679 
-0.862 39.332 
-0.891 45.258 
-0.918 51.542 
-0.857 37.784 
-0.918 51.542 
