P=? [ F (x=9&y=9&crashed=0) ]	R{"cost"}=? [ C<=100 ]
-0.0	0.0
0.948	116.521
0.948	116.521
-0.0	0.0
0.713	26.465
0.938	95.3
0.713	26.465
0.937	65.739
0.947	101.109
0.916	50.014
0.917	54.544
0.946	96.064
0.896	43.482
0.908	44.579
0.918	59.102
0.936	65.541
0.927	60.126
0.947	101.109
0.89	38.86
0.848	37.381
0.772	27.399
0.743	26.508
0.839	34.044
0.79	30.697
0.772	27.399
0.79	30.697
0.792	30.986
0.822	33.499
0.811	31.06
0.763	26.76
0.746	26.739
0.926	59.802
0.837	33.703
0.82	32.967
0.815	31.41
0.869	38.029
0.875	38.278
0.887	38.382
0.927	60.126
0.936	65.541
0.904	44.201
0.86	37.697
0.848	37.381
0.839	34.044
0.82	32.967
0.856	37.537
0.908	44.579
0.766	26.933
0.946	96.064
0.938	95.3
0.89	38.86
0.899	43.709
0.899	43.709
0.766	26.933
0.86	37.697
0.918	59.102
0.815	31.41
0.856	37.537
0.791	30.905
0.813	31.343
0.875	38.278
0.822	33.499
0.872	38.158
0.907	44.572
0.906	44.278
0.763	26.76
0.812	31.089
0.838	33.948
0.889	38.721
0.888	38.5
0.744	26.606
0.837	33.703
0.937	65.739
0.871	38.091
0.746	26.739
0.889	38.721
0.744	26.606
0.872	38.158
0.888	38.5
0.887	38.382
0.838	33.948
0.811	31.06
0.792	30.986
0.905	44.272
0.813	31.343
0.871	38.091
0.743	26.508
0.812	31.089
0.907	44.572
0.906	44.278
0.905	44.272
0.948	116.521
-0.0	0.0
0.713	26.465
0.947	101.109
0.772	27.399
0.79	30.697
0.899	43.709
0.927	60.126
0.89	38.86
