-0.844 65.505 
-0.667 23.233 
-0.667 23.233 
-0.844 65.505 
-0.835 60.919 
-0.833 54.93 
-0.717 28.994 
-0.692 27.42 
-0.829 50.674 
-0.773 38.649 
-0.792 43.65 
-0.836 64.582 
-0.833 54.93 
-0.766 34.913 
-0.788 40.569 
-0.82 49.614 
-0.81 46.429 
-0.724 29.396 
-0.677 26.807 
-0.672 23.765 
-0.717 28.994 
-0.81 46.429 
-0.75 33.184 
-0.743 30.83 
-0.82 49.614 
-0.73 29.956 
-0.801 43.847 
-0.687 26.849 
-0.678 26.842 
-0.738 30.219 
-0.75 33.184 
-0.761 34.206 
-0.78 38.783 
-0.766 34.913 
-0.743 30.83 
-0.754 34.046 
-0.692 27.42 
-0.773 38.649 
-0.826 50.049 
-0.729 29.476 
-0.788 40.569 
-0.806 44.731 
-0.842 65.241 
-0.809 45.766 
-0.821 49.79 
-0.809 45.766 
-0.672 23.765 
-0.806 44.731 
-0.677 26.807 
-0.792 43.65 
-0.784 39.6 
-0.786 39.861 
-0.752 33.901 
-0.842 65.241 
-0.836 64.582 
-0.828 50.582 
-0.804 44.214 
-0.843 65.288 
-0.826 50.049 
-0.765 34.702 
-0.742 30.622 
-0.751 33.444 
-0.74 30.464 
-0.804 44.214 
-0.754 34.046 
-0.669 23.522 
-0.783 39.218 
-0.828 50.582 
-0.689 26.973 
-0.691 27.376 
-0.69 27.056 
-0.786 39.861 
-0.671 23.725 
-0.738 30.219 
-0.73 29.956 
-0.751 33.444 
-0.821 49.79 
-0.687 26.849 
-0.762 34.442 
-0.785 39.821 
-0.781 38.996 
-0.671 23.725 
-0.669 23.522 
-0.801 43.847 
-0.764 34.656 
-0.763 34.461 
-0.802 44.024 
-0.739 30.396 
-0.803 44.05 
-0.761 34.206 
-0.668 23.363 
-0.752 33.901 
-0.741 30.607 
-0.78 38.783 
-0.668 23.363 
-0.783 39.218 
-0.782 39.089 
-0.689 26.973 
-0.782 39.089 
-0.781 38.996 
