P=? [ F (x=9&y=9&crashed=0) ]	R{"cost"}=? [ C<=100 ]
0.91	107.616
-0.0	0.0
-0.0	0.0
0.91	107.616
0.663	20.605
0.663	20.605
0.909	92.273
0.909	92.273
0.906	77.422
0.765	24.561
0.664	20.65
0.895	66.43
0.891	57.917
0.89	52.559
0.891	57.917
0.905	72.374
0.9	72.194
0.906	77.422
0.899	67.223
0.886	52.006
0.868	45.801
0.826	34.879
0.881	47.563
0.864	41.552
0.776	28.866
0.765	24.561
0.664	20.65
0.809	31.053
0.851	40.569
0.848	36.875
0.775	25.583
0.826	34.879
0.809	31.053
0.833	35.138
0.886	52.006
0.792	30.231
0.8	30.261
0.843	35.849
0.868	45.801
0.872	46.343
0.898	66.66
0.782	29.08
0.835	35.54
0.877	47.022
0.766	24.608
0.881	47.563
0.788	29.441
0.77	24.796
0.782	29.08
0.804	30.469
0.899	67.223
0.848	36.875
0.864	41.552
0.872	46.343
0.839	35.687
0.786	29.282
0.839	35.687
0.852	40.626
0.774	25.253
0.862	41.135
0.873	46.797
0.874	47.004
0.859	40.917
0.856	40.899
0.855	40.696
0.833	35.138
0.772	25.024
0.775	25.583
0.847	36.551
0.846	36.222
0.845	36.013
0.847	36.551
0.806	30.664
0.86	41.121
0.786	29.282
0.806	30.664
0.802	30.454
0.77	24.796
0.808	30.869
0.851	40.569
0.835	35.54
0.898	66.66
0.772	25.024
0.879	47.244
0.879	47.244
0.88	47.345
0.863	41.348
0.773	25.236
0.791	30.035
0.79	29.824
0.846	36.222
0.873	46.797
0.808	30.869
0.863	41.348
0.791	30.035
0.789	29.633
0.79	29.824
0.789	29.633
0.905	72.374
0.9	72.194
