-0.855 47.14 
-0.69 25.352 
-0.69 25.352 
-0.855 47.14 
-0.724 26.409 
-0.693 25.683 
-0.742 29.913 
-0.768 30.488 
-0.793 34.866 
-0.779 31.246 
-0.832 40.617 
-0.82 37.348 
-0.842 45.143 
-0.729 28.957 
-0.838 42.647 
-0.726 26.771 
-0.793 34.866 
-0.845 45.745 
-0.779 31.246 
-0.832 40.617 
-0.82 37.348 
-0.838 42.647 
-0.8 35.957 
-0.777 30.752 
-0.77 30.726 
-0.741 29.875 
-0.842 45.143 
-0.693 25.683 
-0.837 41.822 
-0.806 36.02 
-0.724 26.409 
-0.809 36.296 
-0.815 36.298 
-0.835 41.762 
-0.737 29.193 
-0.73 28.958 
-0.834 41.08 
-0.738 29.198 
-0.795 35.408 
-0.819 37.209 
-0.726 26.771 
-0.853 46.7 
-0.851 46.103 
-0.8 35.957 
-0.795 35.408 
-0.85 46.092 
-0.853 46.7 
-0.817 36.751 
-0.816 36.321 
-0.794 35.285 
-0.778 31.162 
-0.818 36.841 
-0.85 46.092 
-0.854 47.008 
-0.834 41.08 
-0.833 40.786 
-0.738 29.198 
-0.808 36.272 
-0.807 36.025 
-0.769 30.489 
-0.737 29.193 
-0.73 28.958 
-0.833 40.786 
-0.851 46.103 
-0.854 47.008 
-0.794 35.285 
-0.818 36.841 
-0.817 36.751 
-0.778 31.162 
-0.837 41.822 
-0.835 41.762 
-0.777 30.752 
-0.808 36.272 
-0.816 36.321 
-0.807 36.025 
-0.769 30.489 
-0.855 47.14 
-0.69 25.352 
-0.793 34.866 
-0.779 31.246 
-0.832 40.617 
-0.838 42.647 
-0.842 45.143 
-0.724 26.409 
-0.726 26.771 
-0.8 35.957 
-0.795 35.408 
-0.769 30.489 
-0.853 46.7 
-0.85 46.092 
-0.73 28.958 
-0.833 40.786 
-0.851 46.103 
-0.854 47.008 
-0.794 35.285 
-0.818 36.841 
-0.778 31.162 
-0.837 41.822 
-0.835 41.762 
-0.808 36.272 
