-0.835 41.762 
-0.837 42.873 
-0.835 41.762 
-0.835 41.762 
-0.835 41.762 
-0.835 41.762 
-0.837 42.873 
-0.837 42.873 
-0.835 41.762 
-0.835 41.762 
-0.794 35.983 
-0.852 46.976 
-0.837 42.873 
-0.835 41.762 
-0.835 41.762 
-0.834 41.247 
-0.794 35.983 
-0.835 41.762 
-0.837 42.873 
-0.835 41.762 
-0.835 41.762 
-0.835 41.762 
-0.851 46.103 
-0.808 36.29 
-0.833 40.788 
-0.835 41.762 
-0.852 46.976 
-0.837 42.873 
-0.793 34.998 
-0.835 41.762 
-0.835 41.762 
-0.729 28.967 
-0.835 41.762 
-0.833 40.788 
-0.808 36.29 
-0.851 46.103 
-0.794 35.983 
-0.794 35.983 
-0.835 41.762 
-0.835 41.762 
-0.852 46.976 
-0.833 40.788 
-0.835 41.762 
-0.835 41.762 
-0.794 35.983 
-0.833 40.788 
-0.855 47.14 
-0.837 42.873 
-0.837 42.873 
-0.808 36.29 
-0.837 42.873 
-0.835 41.762 
-0.833 40.788 
-0.835 41.762 
-0.835 41.762 
-0.833 40.788 
-0.815 36.313 
-0.769 30.489 
-0.855 47.14 
-0.808 36.29 
-0.837 42.873 
-0.808 36.29 
-0.69 25.352 
-0.834 41.247 
-0.835 41.762 
-0.851 46.103 
-0.835 41.762 
-0.837 42.873 
-0.834 41.247 
-0.835 41.762 
-0.835 41.762 
-0.835 41.762 
-0.851 46.103 
-0.835 41.762 
-0.834 41.247 
-0.835 41.762 
-0.835 41.762 
-0.835 41.762 
-0.807 36.03 
-0.837 42.873 
-0.832 40.751 
-0.808 36.29 
-0.808 36.29 
-0.817 40.326 
-0.85 46.093 
-0.851 46.103 
-0.851 46.103 
-0.852 46.976 
-0.837 42.873 
