-0.761 27.55 
-0.909 62.937 
-0.761 27.55 
-0.909 62.937 
-0.813 30.847 
-0.813 30.847 
-0.838 31.211 
-0.908 58.111 
-0.907 52.709 
-0.908 58.111 
-0.902 51.665 
-0.884 41.782 
-0.9 48.181 
-0.895 46.843 
-0.891 43.293 
-0.882 38.41 
-0.872 36.806 
-0.859 36.426 
-0.858 33.614 
-0.862 36.8 
-0.847 31.659 
-0.891 43.293 
-0.842 31.641 
-0.895 46.843 
-0.9 48.181 
-0.906 52.322 
-0.856 32.909 
-0.876 37.317 
-0.851 32.192 
-0.905 52.034 
-0.846 31.65 
-0.882 38.41 
-0.898 47.472 
-0.89 42.585 
-0.857 33.572 
-0.853 32.522 
-0.874 37.109 
-0.88 37.837 
-0.851 32.192 
-0.881 37.936 
-0.898 47.472 
-0.874 37.109 
-0.84 31.438 
-0.907 52.709 
-0.86 36.568 
-0.905 52.034 
-0.838 31.211 
-0.856 32.909 
-0.854 32.579 
-0.854 32.579 
-0.852 32.243 
-0.896 47.108 
-0.862 36.8 
-0.86 36.568 
-0.897 47.251 
-0.888 42.338 
-0.887 42.132 
-0.84 31.438 
-0.89 42.585 
-0.889 42.383 
-0.877 37.514 
-0.879 37.642 
-0.839 31.264 
-0.887 42.132 
-0.886 41.979 
-0.897 47.251 
-0.896 47.108 
-0.859 36.426 
-0.886 41.979 
-0.885 41.852 
-0.881 37.936 
-0.878 37.594 
-0.877 37.514 
-0.885 41.852 
-0.839 31.264 
-0.852 32.243 
-0.879 37.642 
-0.878 37.594 
-0.889 42.383 
-0.888 42.338 
-0.858 33.614 
-0.857 33.572 
-0.846 31.65 
-0.909 62.937 
-0.761 27.55 
-0.908 58.111 
-0.891 43.293 
-0.882 38.41 
-0.854 32.579 
-0.851 32.192 
-0.898 47.472 
-0.874 37.109 
-0.852 32.243 
-0.862 36.8 
-0.86 36.568 
-0.846 31.65 
-0.84 31.438 
-0.89 42.585 
-0.897 47.251 
-0.859 36.426 
