P=? [ F (x=9&y=9&crashed=0) ]	R{"cost"}=? [ C<=100 ]
0.56	25.402
0.824	63.167
0.824	63.167
0.56	25.402
0.81	58.763
0.607	27.836
0.647	28.373
0.766	44.503
0.803	57.325
0.823	63.121
0.777	48.122
0.784	52.097
0.782	48.995
0.561	25.648
0.661	29.294
0.797	54.557
0.673	31.921
0.578	25.822
0.808	58.488
0.797	54.557
0.711	37.237
0.746	42.611
0.744	40.535
0.735	40.075
0.708	35.291
0.796	53.06
0.661	29.294
0.823	63.121
0.757	44.039
0.765	44.263
0.743	40.262
0.673	31.921
0.777	48.122
0.734	39.13
0.595	27.046
0.605	27.671
0.747	43.289
0.729	39.065
0.726	38.388
0.717	38.092
0.647	28.373
0.59	26.108
0.786	52.424
0.683	32.692
0.679	32.588
0.696	34.333
0.693	33.898
0.704	34.573
0.793	52.639
0.727	38.601
0.583	25.924
0.659	29.104
0.653	28.437
0.687	33.406
0.592	26.655
0.746	42.611
0.713	37.77
0.711	37.237
0.605	27.671
0.595	27.046
0.657	28.773
0.583	25.924
0.716	37.937
0.578	25.822
0.695	34.225
0.591	26.136
0.607	27.836
0.752	43.326
0.693	33.898
0.677	32.281
0.782	48.995
0.756	43.792
0.687	33.406
0.677	32.281
0.654	28.463
0.784	52.097
0.655	28.768
0.795	52.764
0.78	48.567
0.78	48.567
0.779	48.285
0.744	40.535
0.707	35.274
0.706	34.863
0.753	43.419
0.756	43.792
0.753	43.419
0.793	52.639
0.786	52.424
0.593	26.856
0.685	33.035
0.674	31.948
0.674	31.948
0.713	37.77
0.685	33.035
0.708	35.291
0.726	38.388
0.717	38.092
0.706	34.863
0.705	34.579
