P=? [ F (x=9&y=9&crashed=0) ]	R{"cost"}=? [ C<=100 ]
0.874	54.119
0.69	29.125
0.874	54.119
0.69	29.125
0.708	29.745
0.768	31.139
0.871	53.288
0.825	41.44
0.866	49.296
0.853	47.036
0.824	37.655
0.849	43.32
0.798	32.572
0.799	35.735
0.84	41.597
0.791	31.585
0.768	31.139
0.777	31.354
0.8	35.871
0.814	36.003
0.708	29.745
0.704	29.253
0.691	29.133
0.828	41.49
0.871	53.288
0.844	42.183
0.777	31.354
0.862	48.334
0.793	31.945
0.853	47.036
0.844	42.183
0.848	43.12
0.705	29.262
0.862	48.334
0.865	49.092
0.866	49.296
0.856	47.683
0.796	32.201
0.849	43.32
0.848	43.12
0.857	47.736
0.857	47.736
0.865	49.092
0.796	32.201
0.828	41.49
0.798	32.572
0.821	37.113
0.82	36.754
0.817	36.543
0.856	47.683
0.823	37.464
0.822	37.159
0.816	36.334
0.815	36.064
0.819	36.633
0.816	36.334
0.824	37.655
0.823	37.464
0.799	35.735
0.814	36.003
0.8	35.871
0.82	36.754
0.704	29.253
0.691	29.133
0.819	36.633
0.817	36.543
0.815	36.064
0.825	41.44
0.822	37.159
0.821	37.113
0.874	54.119
0.69	29.125
0.708	29.745
0.871	53.288
0.777	31.354
0.853	47.036
0.844	42.183
0.862	48.334
0.866	49.296
0.849	43.32
0.848	43.12
0.857	47.736
0.704	29.253
0.865	49.092
0.828	41.49
0.798	32.572
0.796	32.201
0.856	47.683
0.816	36.334
0.824	37.655
0.823	37.464
0.799	35.735
0.814	36.003
0.8	35.871
0.82	36.754
0.691	29.133
0.819	36.633
0.817	36.543
0.815	36.064
0.825	41.44
