P=? [ F (x=9&y=9&crashed=0) ]	R{"cost"}=? [ C<=100 ]
0.672	20.971
0.919	93.179
0.672	20.971
0.917	63.754
0.76	24.824
0.685	21.62
0.913	63.336
0.907	53.64
0.809	30.753
0.835	30.972
0.872	41.649
0.893	46.839
0.9	52.411
0.898	47.973
0.889	42.51
0.806	30.39
0.797	26.89
0.871	37.574
0.846	32.258
0.685	21.62
0.856	36.038
0.88	41.748
0.76	24.824
0.782	25.587
0.846	32.258
0.771	25.418
0.856	36.038
0.806	30.39
0.797	26.89
0.682	21.609
0.673	20.978
0.907	53.64
0.913	63.336
0.897	47.272
0.904	53.221
0.903	52.543
0.682	21.609
0.837	31.184
0.844	31.802
0.792	26.267
0.884	41.97
0.898	47.973
0.889	42.51
0.894	47.14
0.789	26.072
0.841	31.417
0.862	36.743
0.87	37.509
0.789	26.072
0.867	37.177
0.768	25.4
0.782	25.587
0.771	25.418
0.864	37.142
0.844	31.802
0.841	31.417
0.673	20.978
0.794	26.719
0.786	25.809
0.785	25.802
0.886	42.302
0.839	31.191
0.835	30.972
0.868	37.366
0.86	36.353
0.762	24.839
0.767	25.221
0.857	36.181
0.793	26.711
0.904	53.221
0.887	42.375
0.765	25.036
0.764	25.02
0.762	24.839
0.858	36.193
0.863	37.044
0.839	31.191
0.786	25.809
0.884	41.97
0.785	25.802
0.861	36.536
0.885	42.095
0.792	26.267
0.767	25.221
0.765	25.036
0.861	36.536
0.764	25.02
0.794	26.719
0.86	36.353
0.858	36.193
0.868	37.366
0.897	47.272
0.903	52.543
0.894	47.14
0.885	42.095
0.888	42.398
0.863	37.044
0.871	37.574
0.867	37.177
0.864	37.142
