-0.746 26.834 
-0.909 58.563 
-0.908 57.781 
-0.9 48.486 
-0.768 27.321 
-0.882 38.666 
-0.896 48.121 
-0.789 30.648 
-0.768 27.321 
-0.891 44.02 
-0.824 31.161 
-0.789 30.648 
-0.887 42.433 
-0.856 36.145 
-0.749 27.0 
-0.855 32.857 
-0.817 31.138 
-0.837 31.418 
-0.809 30.928 
-0.908 57.781 
-0.798 30.729 
-0.877 37.333 
-0.891 44.02 
-0.867 36.755 
-0.869 37.167 
-0.798 30.729 
-0.881 37.935 
-0.9 48.486 
-0.837 31.418 
-0.809 30.928 
-0.845 31.465 
-0.89 42.909 
-0.887 42.433 
-0.859 36.219 
-0.862 36.48 
-0.846 31.624 
-0.849 31.774 
-0.853 32.331 
-0.749 27.0 
-0.85 31.927 
-0.878 37.501 
-0.899 48.213 
-0.898 48.128 
-0.888 42.703 
-0.851 32.173 
-0.878 37.501 
-0.869 37.167 
-0.861 36.333 
-0.855 32.857 
-0.854 32.578 
-0.862 36.48 
-0.854 32.578 
-0.89 42.909 
-0.888 42.703 
-0.851 32.173 
-0.861 36.333 
-0.856 36.145 
-0.845 31.465 
-0.908 57.781 
-0.749 27.0 
-0.768 27.321 
-0.891 44.02 
-0.855 32.857 
-0.862 36.48 
-0.854 32.578 
-0.888 42.703 
-0.851 32.173 
-0.856 36.145 
-0.851 32.173 
-0.851 32.173 
-0.851 32.173 
-0.851 32.173 
-0.891 44.02 
-0.851 32.173 
-0.851 32.173 
-0.851 32.173 
-0.862 36.48 
-0.851 32.173 
-0.851 32.173 
-0.851 32.173 
-0.891 44.02 
-0.851 32.173 
-0.851 32.173 
-0.851 32.173 
-0.862 36.48 
-0.855 32.857 
-0.862 36.48 
-0.891 44.02 
-0.851 32.173 
-0.851 32.173 
-0.862 36.48 
-0.891 44.02 
-0.851 32.173 
-0.855 32.857 
-0.891 44.02 
-0.888 42.703 
-0.851 32.173 
-0.851 32.173 
-0.851 32.173 
-0.891 44.02 
