-0.909 58.25 
-0.909 58.25 
-0.757 26.32 
-0.906 52.277 
-0.781 26.655 
-0.81 30.564 
-0.907 57.227 
-0.759 26.65 
-0.896 47.324 
-0.891 43.2 
-0.9 48.486 
-0.886 41.995 
-0.882 38.268 
-0.799 27.675 
-0.859 36.219 
-0.858 33.262 
-0.824 31.161 
-0.837 31.416 
-0.791 27.202 
-0.799 27.675 
-0.837 31.416 
-0.9 48.486 
-0.845 31.464 
-0.812 30.677 
-0.874 36.972 
-0.868 36.919 
-0.891 43.2 
-0.823 30.99 
-0.882 38.268 
-0.897 47.433 
-0.796 27.62 
-0.791 27.202 
-0.896 47.324 
-0.818 30.84 
-0.817 30.754 
-0.899 47.896 
-0.886 41.995 
-0.889 42.399 
-0.877 37.284 
-0.867 36.706 
-0.864 36.562 
-0.908 57.781 
-0.907 57.227 
-0.794 27.526 
-0.794 27.526 
-0.874 36.972 
-0.908 57.781 
-0.899 47.896 
-0.89 42.859 
-0.881 37.892 
-0.863 36.397 
-0.846 31.623 
-0.89 42.859 
-0.861 36.333 
-0.877 37.284 
-0.855 32.857 
-0.854 32.578 
-0.861 36.333 
-0.888 42.398 
-0.887 42.132 
-0.824 31.161 
-0.854 32.578 
-0.853 32.331 
-0.851 32.173 
-0.85 31.927 
-0.858 33.262 
-0.857 33.019 
-0.878 37.5 
-0.88 37.891 
-0.879 37.675 
-0.759 26.65 
-0.848 31.772 
-0.879 37.675 
-0.878 37.5 
-0.853 32.331 
-0.852 32.177 
-0.85 31.927 
-0.849 31.774 
-0.823 30.99 
-0.818 30.84 
-0.848 31.772 
-0.846 31.623 
-0.867 36.706 
-0.864 36.562 
-0.887 42.132 
-0.859 36.219 
-0.857 33.019 
-0.856 32.908 
-0.817 30.754 
-0.863 36.397 
-0.868 36.919 
-0.856 32.908 
-0.855 32.857 
-0.845 31.464 
-0.852 32.177 
-0.851 32.173 
-0.849 31.774 
-0.881 37.892 
-0.88 37.891 
-0.888 42.398 
