-0.855 55.769 
-0.678 24.655 
-0.678 24.655 
-0.855 55.769 
-0.752 27.206 
-0.727 25.783 
-0.694 24.943 
-0.847 50.396 
-0.833 44.745 
-0.83 40.942 
-0.841 49.465 
-0.839 45.722 
-0.806 34.872 
-0.772 29.86 
-0.694 24.943 
-0.798 31.689 
-0.822 39.712 
-0.814 36.711 
-0.727 25.783 
-0.772 29.86 
-0.786 30.352 
-0.74 26.191 
-0.774 30.132 
-0.814 36.711 
-0.806 34.872 
-0.81 35.346 
-0.822 39.712 
-0.741 26.206 
-0.798 31.689 
-0.847 50.396 
-0.844 50.289 
-0.746 26.662 
-0.837 45.325 
-0.842 49.514 
-0.813 36.034 
-0.746 26.662 
-0.794 31.1 
-0.827 40.297 
-0.837 45.325 
-0.812 35.646 
-0.824 39.997 
-0.749 27.016 
-0.83 40.942 
-0.74 26.191 
-0.813 36.034 
-0.796 31.362 
-0.791 30.82 
-0.79 30.648 
-0.829 40.882 
-0.828 40.546 
-0.838 45.659 
-0.827 40.297 
-0.824 39.997 
-0.812 35.646 
-0.844 50.289 
-0.748 26.93 
-0.793 31.084 
-0.791 30.82 
-0.796 31.362 
-0.748 26.93 
-0.828 40.546 
-0.787 30.592 
-0.839 45.722 
-0.773 30.095 
-0.842 49.514 
-0.841 49.465 
-0.786 30.352 
-0.774 30.132 
-0.797 31.57 
-0.788 30.608 
-0.793 31.084 
-0.749 27.016 
-0.823 39.884 
-0.797 31.57 
-0.823 39.884 
-0.838 45.659 
-0.829 40.882 
-0.79 30.648 
-0.788 30.608 
-0.773 30.095 
-0.787 30.592 
-0.855 55.769 
-0.678 24.655 
-0.694 24.943 
-0.727 25.783 
-0.772 29.86 
-0.814 36.711 
-0.806 34.872 
-0.822 39.712 
-0.798 31.689 
-0.847 50.396 
-0.746 26.662 
-0.837 45.325 
-0.83 40.942 
-0.74 26.191 
-0.813 36.034 
-0.827 40.297 
-0.824 39.997 
-0.844 50.289 
-0.791 30.82 
