-0.872 66.485 
-0.687 24.904 
-0.872 66.485 
-0.871 56.596 
-0.723 28.877 
-0.786 34.594 
-0.775 31.091 
-0.754 29.285 
-0.852 50.804 
-0.7 25.103 
-0.869 56.097 
-0.845 46.466 
-0.862 51.76 
-0.762 30.332 
-0.771 30.551 
-0.718 26.623 
-0.814 39.321 
-0.829 42.49 
-0.8 35.173 
-0.804 36.202 
-0.711 25.373 
-0.821 40.577 
-0.814 39.321 
-0.804 36.202 
-0.833 44.574 
-0.86 51.132 
-0.869 56.097 
-0.845 46.466 
-0.852 50.804 
-0.862 51.76 
-0.84 45.787 
-0.756 29.928 
-0.826 41.463 
-0.714 26.247 
-0.713 25.751 
-0.827 41.812 
-0.833 44.574 
-0.828 42.218 
-0.835 45.038 
-0.826 41.463 
-0.755 29.611 
-0.819 40.238 
-0.801 35.42 
-0.834 44.821 
-0.843 45.965 
-0.8 35.173 
-0.82 40.307 
-0.837 45.585 
-0.818 39.712 
-0.836 45.496 
-0.754 29.285 
-0.861 51.536 
-0.756 29.928 
-0.803 36.058 
-0.802 35.686 
-0.712 25.4 
-0.844 46.117 
-0.717 26.56 
-0.86 51.132 
-0.716 26.511 
-0.802 35.686 
-0.716 26.511 
-0.816 39.493 
-0.861 51.536 
-0.818 39.712 
-0.817 39.505 
-0.837 45.585 
-0.843 45.965 
-0.816 39.493 
-0.844 46.117 
-0.803 36.058 
-0.836 45.496 
-0.712 25.4 
-0.817 39.505 
-0.804 36.202 
-0.869 56.097 
-0.852 50.804 
-0.833 44.574 
-0.8 35.173 
-0.843 45.965 
-0.837 45.585 
-0.86 51.132 
-0.712 25.4 
-0.716 26.511 
-0.861 51.536 
-0.816 39.493 
-0.844 46.117 
-0.803 36.058 
-0.836 45.496 
-0.869 56.097 
-0.861 51.536 
-0.804 36.202 
-0.843 45.965 
-0.837 45.585 
-0.86 51.132 
-0.712 25.4 
-0.716 26.511 
-0.836 45.496 
-0.816 39.493 
-0.712 25.4 
