-0.753 29.842 
-0.9 54.584 
-0.753 29.842 
-0.9 54.584 
-0.881 49.005 
-0.889 53.339 
-0.864 44.516 
-0.871 47.798 
-0.841 41.797 
-0.839 38.588 
-0.801 36.357 
-0.766 34.264 
-0.784 35.692 
-0.763 31.571 
-0.807 37.028 
-0.822 37.11 
-0.83 37.311 
-0.775 34.607 
-0.891 53.758 
-0.861 43.898 
-0.853 42.356 
-0.899 54.417 
-0.845 42.118 
-0.822 37.11 
-0.871 47.798 
-0.782 35.198 
-0.874 48.467 
-0.768 34.452 
-0.763 31.571 
-0.801 36.357 
-0.778 34.994 
-0.762 30.876 
-0.857 43.272 
-0.76 30.565 
-0.784 35.692 
-0.783 35.57 
-0.899 54.417 
-0.891 53.758 
-0.857 43.272 
-0.845 42.118 
-0.842 42.028 
-0.835 37.776 
-0.874 48.467 
-0.766 34.264 
-0.839 38.588 
-0.776 34.92 
-0.804 36.552 
-0.754 30.142 
-0.832 37.665 
-0.862 44.009 
-0.841 41.797 
-0.758 30.292 
-0.863 44.151 
-0.838 38.248 
-0.768 34.452 
-0.856 43.031 
-0.855 42.716 
-0.762 30.876 
-0.806 36.777 
-0.756 30.212 
-0.777 34.945 
-0.856 43.031 
-0.89 53.518 
-0.872 48.038 
-0.756 30.212 
-0.853 42.356 
-0.873 48.229 
-0.831 37.538 
-0.836 38.002 
-0.759 30.503 
-0.804 36.552 
-0.855 42.716 
-0.854 42.524 
-0.873 48.229 
-0.872 48.038 
-0.89 53.518 
-0.854 42.524 
-0.805 36.698 
-0.863 44.151 
-0.831 37.538 
-0.837 38.127 
-0.836 38.002 
-0.838 38.248 
-0.837 38.127 
-0.835 37.776 
-0.832 37.665 
-0.842 42.028 
-0.807 37.028 
-0.758 30.292 
-0.806 36.777 
-0.805 36.698 
-0.754 30.142 
-0.759 30.503 
-0.753 29.842 
-0.822 37.11 
-0.763 31.571 
-0.801 36.357 
-0.874 48.467 
-0.784 35.692 
-0.891 53.758 
