-0.644 28.535 
-0.67 28.781 
-0.733 32.449 
-0.76 38.22 
-0.757 38.148 
-0.7 29.142 
-0.814 55.898 
-0.806 51.072 
-0.733 32.449 
-0.782 44.511 
-0.813 55.397 
-0.806 51.072 
-0.766 39.124 
-0.79 48.704 
-0.67 28.781 
-0.76 38.22 
-0.814 55.898 
-0.814 55.898 
-0.781 43.513 
-0.733 32.449 
-0.745 33.618 
-0.766 39.124 
-0.814 55.898 
-0.822 56.81 
-0.757 38.148 
-0.814 55.898 
-0.733 32.449 
-0.789 48.222 
-0.644 28.535 
-0.762 38.787 
-0.814 55.898 
-0.733 32.449 
-0.734 32.51 
-0.664 28.59 
-0.814 55.898 
-0.721 29.144 
-0.802 50.837 
-0.752 37.659 
-0.75 36.929 
-0.774 39.944 
-0.814 55.898 
-0.733 32.449 
-0.814 55.898 
-0.733 32.449 
-0.736 33.313 
-0.737 33.517 
-0.755 37.964 
-0.814 55.898 
-0.822 56.81 
-0.822 56.81 
-0.757 38.148 
-0.733 32.449 
-0.798 49.195 
-0.644 28.535 
-0.822 56.81 
