P=? [ F (x=9&y=9&crashed=0) ]	R{"cost"}=? [ C<=100 ]
-0.0	0.0
0.957	102.355
-0.0	0.0
0.957	102.355
0.639	25.009
0.639	25.009
0.956	91.946
0.952	80.849
0.942	70.08
0.933	64.592
0.955	87.005
0.943	75.301
0.934	69.771
0.906	54.413
0.952	80.849
0.943	75.301
0.915	59.331
0.955	87.005
0.817	37.225
0.915	59.331
0.956	91.946
0.921	63.593
0.874	48.118
0.869	44.058
0.856	42.511
0.812	34.026
0.891	53.194
0.89	49.794
0.849	39.157
0.664	25.128
0.766	32.572
0.687	26.33
0.753	31.607
0.737	29.472
0.708	27.416
0.803	33.074
0.785	32.84
0.785	32.84
0.836	37.561
0.687	26.33
0.753	31.607
0.906	54.413
0.737	29.472
0.888	49.751
0.723	28.28
0.887	48.451
0.922	63.896
0.812	34.026
0.856	42.511
0.885	48.288
0.876	48.253
0.664	25.128
0.728	29.178
0.708	27.416
0.675	25.767
0.675	25.767
0.897	53.643
0.864	43.184
0.757	32.043
0.68	25.776
0.845	38.558
0.762	32.08
0.804	33.109
0.897	53.643
0.717	28.06
0.921	63.593
0.804	33.109
0.839	38.112
0.837	37.571
0.817	37.225
0.755	31.711
0.869	44.058
0.933	64.592
0.922	63.896
0.849	39.157
0.864	43.184
0.712	27.747
0.728	29.178
0.68	25.776
0.723	28.28
0.717	28.06
0.735	29.456
0.874	48.118
0.731	29.413
0.848	39.105
0.712	27.747
0.843	38.557
0.895	53.441
0.867	43.787
0.84	38.14
0.865	43.463
0.867	43.787
0.762	32.08
0.895	53.441
0.836	37.561
0.865	43.463
0.934	69.771
0.709	27.503
0.848	39.105
0.731	29.413
