P=? [ F (x=9&y=9&crashed=0) ]	R{"cost"}=? [ C<=100 ]
0.979	86.785
0.743	22.754
0.979	86.785
0.743	22.754
0.978	71.31
0.977	50.561
0.978	71.31
0.83	26.594
0.792	26.559
0.977	50.561
0.976	40.652
0.771	26.497
0.963	38.533
0.79	26.553
0.747	22.764
0.76	23.235
0.764	23.245
0.926	32.097
0.92	29.161
0.956	35.352
0.873	26.862
0.884	27.002
0.834	26.641
0.853	26.825
0.863	26.841
0.956	35.352
0.843	26.792
0.928	32.159
0.771	26.497
0.764	23.245
0.915	28.293
0.92	29.161
0.926	32.097
0.888	27.008
0.942	33.387
0.909	27.712
0.911	28.165
0.974	39.61
0.89	27.013
0.939	33.2
0.918	29.079
0.947	33.857
0.747	22.764
0.951	34.069
0.884	27.002
0.944	33.43
0.907	27.697
0.955	34.785
0.934	32.697
0.932	32.628
0.966	38.779
0.863	26.841
0.897	27.225
0.871	26.855
0.744	22.755
0.846	26.801
0.85	26.806
0.869	26.851
0.867	26.85
0.966	38.779
0.971	39.321
0.969	39.103
0.895	27.021
0.932	32.628
0.937	33.134
0.843	26.792
0.976	40.652
0.975	39.989
0.916	28.637
0.905	27.603
0.902	27.311
0.9	27.236
0.945	33.776
0.954	34.736
0.953	34.441
0.969	39.103
0.905	27.603
0.902	27.311
0.852	26.813
0.832	26.601
0.761	23.236
0.846	26.801
0.893	27.016
0.935	32.971
0.896	27.222
0.76	23.235
0.917	28.664
0.873	26.862
0.949	33.985
0.911	28.165
0.975	39.989
0.949	33.985
0.938	33.14
0.952	34.401
0.9	27.236
0.867	26.85
0.972	39.33
0.972	39.33
0.85	26.806
0.763	23.241
