-0.841 54.976 
-0.668 31.278 
-0.841 54.976 
-0.792 42.716 
-0.836 54.848 
-0.832 50.081 
-0.766 37.857 
-0.816 49.368 
-0.815 45.109 
-0.737 37.54 
-0.704 32.538 
-0.789 39.009 
-0.768 38.811 
-0.788 38.819 
-0.734 36.99 
-0.733 34.32 
-0.686 32.403 
-0.685 32.395 
-0.727 33.621 
-0.713 33.255 
-0.798 44.415 
-0.81 44.659 
-0.797 44.213 
-0.817 49.493 
-0.828 50.045 
-0.712 33.09 
-0.685 32.395 
-0.828 50.045 
-0.814 44.912 
-0.767 37.963 
-0.727 33.621 
-0.797 44.213 
-0.731 33.921 
-0.712 33.09 
-0.817 49.493 
-0.836 54.848 
-0.789 39.009 
-0.737 37.54 
-0.832 50.081 
-0.735 37.257 
-0.713 33.255 
-0.731 33.921 
-0.735 37.257 
-0.811 44.66 
-0.734 36.99 
-0.811 44.66 
-0.81 44.659 
-0.798 44.415 
-0.733 34.32 
-0.732 34.097 
-0.815 45.109 
-0.732 34.097 
-0.686 32.403 
-0.816 49.368 
-0.767 37.963 
-0.768 38.811 
-0.841 54.976 
-0.828 50.045 
-0.727 33.621 
-0.712 33.09 
-0.817 49.493 
-0.836 54.848 
-0.737 37.54 
-0.789 39.009 
-0.832 50.081 
-0.713 33.255 
-0.731 33.921 
-0.735 37.257 
-0.734 36.99 
-0.811 44.66 
-0.81 44.659 
-0.798 44.415 
-0.733 34.32 
-0.815 45.109 
-0.732 34.097 
-0.686 32.403 
-0.816 49.368 
-0.767 37.963 
-0.768 38.811 
-0.841 54.976 
-0.828 50.045 
-0.727 33.621 
-0.686 32.403 
-0.817 49.493 
-0.737 37.54 
-0.836 54.848 
-0.789 39.009 
-0.731 33.921 
-0.735 37.257 
-0.734 36.99 
-0.733 34.32 
-0.815 45.109 
-0.732 34.097 
-0.816 49.368 
-0.767 37.963 
-0.712 33.09 
-0.768 38.811 
-0.828 50.045 
-0.686 32.403 
-0.817 49.493 
