-0.666 28.131 
-0.863 60.549 
-0.666 28.131 
-0.822 41.094 
-0.753 29.57 
-0.705 28.448 
-0.835 45.246 
-0.718 29.379 
-0.862 60.403 
-0.854 55.286 
-0.846 49.897 
-0.84 46.027 
-0.856 55.6 
-0.848 51.146 
-0.798 39.141 
-0.797 35.824 
-0.813 40.273 
-0.761 30.611 
-0.77 33.676 
-0.713 28.908 
-0.781 34.356 
-0.758 30.366 
-0.848 51.146 
-0.773 33.998 
-0.792 35.335 
-0.761 30.611 
-0.705 28.448 
-0.77 33.676 
-0.847 50.155 
-0.784 35.013 
-0.856 55.6 
-0.795 35.75 
-0.799 39.338 
-0.718 29.379 
-0.808 39.751 
-0.837 45.461 
-0.804 39.341 
-0.792 35.335 
-0.839 45.86 
-0.838 45.628 
-0.808 39.751 
-0.783 34.813 
-0.805 39.382 
-0.806 39.58 
-0.783 34.813 
-0.807 39.591 
-0.784 35.013 
-0.855 55.465 
-0.855 55.465 
-0.771 33.8 
-0.772 33.875 
-0.772 33.875 
-0.771 33.8 
-0.796 35.766 
-0.796 35.766 
-0.804 39.341 
-0.799 39.338 
-0.666 28.131 
-0.848 51.146 
-0.856 55.6 
-0.784 35.013 
-0.783 34.813 
-0.855 55.465 
-0.771 33.8 
-0.796 35.766 
-0.804 39.341 
-0.666 28.131 
-0.848 51.146 
-0.856 55.6 
-0.784 35.013 
-0.855 55.465 
-0.666 28.131 
-0.784 35.013 
-0.666 28.131 
-0.784 35.013 
-0.784 35.013 
-0.784 35.013 
-0.855 55.465 
-0.856 55.6 
-0.666 28.131 
-0.784 35.013 
-0.848 51.146 
-0.848 51.146 
-0.666 28.131 
-0.856 55.6 
-0.848 51.146 
-0.784 35.013 
-0.666 28.131 
-0.784 35.013 
-0.666 28.131 
-0.784 35.013 
-0.784 35.013 
-0.848 51.146 
-0.784 35.013 
-0.784 35.013 
-0.666 28.131 
-0.848 51.146 
-0.666 28.131 
-0.856 55.6 
-0.666 28.131 
