-0.809 41.896 
-0.698 31.347 
-0.761 35.973 
-0.701 31.659 
-0.809 41.896 
-0.676 27.39 
-0.785 36.126 
-0.811 42.778 
-0.695 31.326 
-0.722 31.876 
-0.676 27.39 
-0.698 31.347 
-0.724 31.908 
-0.698 31.347 
-0.809 41.896 
-0.807 41.85 
-0.81 42.166 
-0.809 41.896 
-0.785 36.126 
-0.698 31.347 
-0.698 31.347 
-0.722 31.876 
-0.812 42.863 
-0.825 46.32 
-0.698 31.347 
-0.689 30.75 
-0.722 31.876 
-0.773 36.085 
-0.722 31.876 
-0.676 27.39 
-0.695 31.326 
-0.761 35.973 
-0.719 31.68 
-0.676 27.39 
-0.676 27.39 
-0.76 35.72 
-0.785 36.126 
-0.747 31.947 
-0.773 36.085 
-0.761 35.973 
-0.722 31.876 
-0.789 41.101 
-0.809 41.896 
