-0.551 25.689 
-0.551 25.689 
-0.851 60.387 
-0.605 28.922 
-0.832 49.837 
-0.841 55.166 
-0.843 60.112 
-0.842 55.26 
-0.818 49.8 
-0.817 45.663 
-0.794 43.628 
-0.629 32.069 
-0.793 39.981 
-0.628 29.498 
-0.643 33.276 
-0.816 45.647 
-0.682 34.454 
-0.625 29.093 
-0.716 36.254 
-0.661 33.335 
-0.607 29.049 
-0.663 33.482 
-0.687 35.245 
-0.642 32.729 
-0.762 37.845 
-0.745 37.067 
-0.73 37.013 
-0.803 44.695 
-0.7 35.476 
-0.819 49.821 
-0.753 37.749 
-0.787 39.11 
-0.706 36.099 
-0.778 39.011 
-0.766 38.222 
-0.682 34.454 
-0.663 33.482 
-0.803 44.695 
-0.832 49.837 
-0.773 38.506 
-0.723 36.392 
-0.749 37.26 
-0.642 32.729 
-0.629 32.069 
-0.766 38.222 
-0.683 34.695 
-0.687 35.245 
-0.683 34.695 
-0.798 43.882 
-0.788 39.399 
-0.726 36.542 
-0.746 37.258 
-0.791 39.5 
-0.729 36.822 
-0.726 36.542 
-0.798 43.882 
-0.723 36.392 
-0.774 38.752 
-0.776 38.822 
-0.802 44.4 
-0.793 39.981 
-0.792 39.691 
-0.773 38.506 
-0.627 29.333 
-0.729 36.822 
-0.843 60.112 
-0.662 33.481 
-0.794 43.628 
-0.751 37.509 
-0.627 29.333 
-0.8 44.083 
-0.7 35.476 
-0.778 39.011 
-0.8 44.083 
-0.802 44.4 
-0.801 44.204 
-0.792 39.691 
-0.776 38.822 
-0.752 37.566 
-0.751 37.509 
-0.705 35.93 
-0.704 35.759 
-0.705 35.93 
-0.628 29.498 
-0.625 29.093 
-0.607 29.049 
-0.706 36.099 
-0.702 35.66 
-0.701 35.512 
-0.801 44.204 
-0.791 39.5 
-0.788 39.399 
-0.787 39.11 
-0.842 55.26 
-0.703 35.745 
-0.702 35.66 
-0.774 38.752 
-0.661 33.335 
-0.643 33.276 
-0.752 37.566 
