-0.873 69.912 
-0.647 26.142 
-0.647 26.142 
-0.873 69.912 
-0.865 64.435 
-0.864 54.101 
-0.858 52.997 
-0.865 64.435 
-0.855 49.451 
-0.794 37.168 
-0.748 32.736 
-0.74 31.546 
-0.806 41.242 
-0.826 42.35 
-0.772 36.034 
-0.694 29.948 
-0.792 37.088 
-0.832 46.363 
-0.762 35.56 
-0.723 31.408 
-0.831 43.277 
-0.692 27.531 
-0.81 41.73 
-0.676 27.495 
-0.852 48.856 
-0.751 35.529 
-0.839 47.751 
-0.69 27.505 
-0.674 27.478 
-0.702 30.86 
-0.655 26.842 
-0.794 37.168 
-0.664 27.291 
-0.806 41.242 
-0.836 47.262 
-0.77 35.714 
-0.713 31.328 
-0.862 53.92 
-0.655 26.842 
-0.752 35.531 
-0.664 27.291 
-0.748 32.736 
-0.702 30.86 
-0.71 31.028 
-0.852 48.856 
-0.732 31.542 
-0.792 37.088 
-0.73 31.501 
-0.826 42.35 
-0.694 29.948 
-0.839 47.751 
-0.772 36.034 
-0.832 46.363 
-0.83 43.235 
-0.83 43.235 
-0.81 41.73 
-0.838 47.409 
-0.771 35.937 
-0.751 35.529 
-0.809 41.687 
-0.808 41.309 
-0.863 54.077 
-0.711 31.186 
-0.73 31.501 
-0.713 31.328 
-0.69 27.505 
-0.732 31.542 
-0.71 31.028 
-0.838 47.409 
-0.711 31.186 
-0.807 41.285 
-0.809 41.687 
-0.831 43.277 
-0.752 35.531 
-0.864 54.101 
-0.808 41.309 
-0.807 41.285 
-0.873 69.912 
-0.865 64.435 
-0.794 37.168 
-0.806 41.242 
-0.655 26.842 
-0.664 27.291 
-0.839 47.751 
-0.748 32.736 
-0.702 30.86 
-0.792 37.088 
-0.826 42.35 
-0.694 29.948 
-0.838 47.409 
-0.832 46.363 
-0.83 43.235 
-0.81 41.73 
-0.751 35.529 
-0.73 31.501 
-0.713 31.328 
-0.732 31.542 
-0.711 31.186 
-0.809 41.687 
-0.831 43.277 
