-0.937 61.037 
-0.69 27.443 
-0.937 61.037 
-0.749 31.487 
-0.927 55.292 
-0.698 27.956 
-0.917 49.726 
-0.909 49.459 
-0.918 54.409 
-0.891 43.434 
-0.839 34.378 
-0.908 44.922 
-0.89 39.07 
-0.698 27.956 
-0.839 34.378 
-0.811 33.113 
-0.868 37.469 
-0.79 32.489 
-0.766 32.194 
-0.868 37.469 
-0.87 37.649 
-0.79 32.489 
-0.886 38.196 
-0.815 33.431 
-0.824 33.876 
-0.763 31.983 
-0.753 31.501 
-0.824 33.876 
-0.919 54.877 
-0.905 44.086 
-0.896 43.662 
-0.899 44.049 
-0.888 38.814 
-0.907 44.793 
-0.886 38.196 
-0.919 54.877 
-0.888 38.814 
-0.75 31.496 
-0.917 49.726 
-0.909 49.459 
-0.907 44.793 
-0.898 43.921 
-0.898 43.921 
-0.89 39.07 
-0.765 32.152 
-0.905 44.086 
-0.765 32.152 
-0.908 44.922 
-0.899 44.049 
-0.75 31.496 
-0.937 61.037 
-0.698 27.956 
-0.839 34.378 
-0.75 31.496 
-0.868 37.469 
-0.79 32.489 
-0.919 54.877 
-0.909 49.459 
-0.898 43.921 
-0.89 39.07 
-0.765 32.152 
-0.899 44.049 
-0.937 61.037 
-0.839 34.378 
-0.698 27.956 
-0.919 54.877 
-0.898 43.921 
-0.909 49.459 
-0.89 39.07 
-0.765 32.152 
-0.899 44.049 
-0.937 61.037 
-0.839 34.378 
-0.698 27.956 
-0.898 43.921 
-0.89 39.07 
-0.899 44.049 
-0.937 61.037 
-0.839 34.378 
-0.698 27.956 
-0.898 43.921 
-0.89 39.07 
-0.899 44.049 
-0.839 34.378 
-0.839 34.378 
-0.839 34.378 
-0.89 39.07 
-0.839 34.378 
-0.839 34.378 
-0.89 39.07 
-0.899 44.049 
-0.839 34.378 
-0.839 34.378 
-0.89 39.07 
-0.89 39.07 
-0.698 27.956 
-0.839 34.378 
-0.899 44.049 
-0.89 39.07 
-0.89 39.07 
