-0.752 31.862 
-0.69 27.448 
-0.75 31.544 
-0.752 31.862 
-0.839 34.378 
-0.918 59.357 
-0.839 34.378 
-0.839 34.378 
-0.917 50.463 
-0.839 34.378 
-0.89 39.07 
-0.919 60.116 
-0.752 31.862 
-0.899 44.049 
-0.75 31.544 
-0.89 39.07 
-0.839 34.378 
-0.919 60.116 
-0.752 31.862 
-0.763 31.988 
-0.898 43.926 
-0.909 49.46 
-0.789 32.489 
-0.839 34.378 
-0.752 31.862 
-0.752 31.862 
-0.9 44.506 
-0.89 39.07 
-0.765 32.157 
-0.752 31.862 
-0.763 31.988 
-0.698 27.956 
-0.891 43.811 
-0.75 31.544 
-0.899 44.049 
-0.916 50.335 
-0.87 38.193 
-0.909 49.46 
-0.868 37.471 
-0.937 61.037 
