-0.728 25.036 
-0.88 57.647 
-0.728 25.036 
-0.88 57.647 
-0.863 56.157 
-0.862 52.079 
-0.753 29.005 
-0.835 44.838 
-0.828 41.449 
-0.753 29.005 
-0.864 56.639 
-0.737 25.769 
-0.737 25.769 
-0.803 36.751 
-0.878 57.09 
-0.804 39.303 
-0.852 50.023 
-0.846 47.487 
-0.781 33.665 
-0.775 32.005 
-0.828 41.449 
-0.842 45.63 
-0.846 47.487 
-0.835 44.838 
-0.86 50.966 
-0.854 50.51 
-0.861 51.354 
-0.852 50.023 
-0.787 34.837 
-0.844 45.899 
-0.79 35.028 
-0.775 32.005 
-0.781 33.665 
-0.815 39.75 
-0.805 39.63 
-0.764 30.872 
-0.763 30.113 
-0.791 35.454 
-0.845 46.844 
-0.757 29.406 
-0.81 39.746 
-0.837 45.109 
-0.785 33.981 
-0.827 40.927 
-0.768 31.19 
-0.879 57.271 
-0.802 36.518 
-0.736 25.746 
-0.825 40.58 
-0.734 25.44 
-0.767 31.172 
-0.765 30.887 
-0.795 35.796 
-0.862 52.079 
-0.853 50.239 
-0.731 25.169 
-0.845 46.844 
-0.755 29.099 
-0.731 25.169 
-0.797 35.857 
-0.793 35.552 
-0.756 29.138 
-0.837 45.109 
-0.772 31.842 
-0.823 40.512 
-0.808 39.681 
-0.734 25.44 
-0.836 45.098 
-0.843 45.788 
-0.863 56.157 
-0.784 33.873 
-0.761 29.866 
-0.86 50.966 
-0.854 50.51 
-0.878 57.09 
-0.864 56.639 
-0.761 29.866 
-0.759 29.633 
-0.759 29.633 
-0.8 36.417 
-0.799 36.197 
-0.787 34.837 
-0.783 33.723 
-0.82 40.221 
-0.77 31.546 
-0.799 36.197 
-0.804 39.303 
-0.785 33.981 
-0.816 39.757 
-0.771 31.554 
-0.822 40.508 
-0.82 40.221 
-0.797 35.857 
-0.808 39.681 
-0.763 30.113 
-0.819 40.074 
-0.818 39.828 
-0.826 40.823 
-0.794 35.558 
-0.77 31.546 
