-0.782 35.897 
-0.766 31.638 
-0.766 31.638 
-0.766 31.638 
-0.766 31.638 
-0.766 31.638 
-0.782 35.897 
-0.837 50.859 
-0.826 45.416 
-0.766 31.638 
-0.745 29.545 
-0.766 31.638 
-0.766 31.638 
-0.766 31.638 
-0.766 31.638 
-0.76 30.427 
-0.766 31.638 
-0.77 35.276 
-0.826 45.416 
-0.864 56.639 
-0.806 40.315 
-0.766 31.638 
-0.766 31.638 
-0.854 52.27 
-0.82 40.651 
-0.766 31.638 
-0.766 31.638 
-0.766 31.638 
-0.766 31.638 
-0.806 40.315 
-0.766 31.638 
-0.784 36.2 
-0.766 31.638 
-0.801 37.093 
-0.77 35.276 
-0.806 40.315 
-0.766 31.638 
-0.768 31.955 
-0.826 45.416 
-0.766 31.638 
-0.766 31.638 
-0.766 31.638 
-0.766 31.638 
-0.864 56.639 
-0.772 35.476 
-0.806 40.315 
-0.709 25.811 
-0.806 40.315 
-0.782 35.897 
-0.768 31.955 
-0.766 31.638 
-0.766 31.638 
-0.82 40.651 
-0.766 31.638 
-0.829 45.762 
-0.766 31.638 
-0.766 31.638 
-0.794 36.299 
-0.766 31.638 
-0.851 51.459 
-0.806 40.315 
-0.766 31.638 
-0.831 47.183 
-0.766 31.638 
