-0.717 30.192 
-0.926 60.752 
-0.717 30.192 
-0.895 53.337 
-0.907 59.129 
-0.858 42.473 
-0.89 49.282 
-0.905 54.709 
-0.72 31.124 
-0.752 31.725 
-0.873 44.789 
-0.85 39.314 
-0.786 32.979 
-0.806 33.082 
-0.762 32.931 
-0.822 37.775 
-0.878 48.183 
-0.814 34.515 
-0.84 37.789 
-0.788 33.078 
-0.902 54.394 
-0.865 43.666 
-0.824 37.788 
-0.871 44.455 
-0.842 38.192 
-0.921 59.361 
-0.847 38.975 
-0.86 43.555 
-0.879 48.333 
-0.89 49.282 
-0.814 34.515 
-0.922 59.485 
-0.719 30.564 
-0.755 32.122 
-0.811 34.06 
-0.755 32.122 
-0.822 37.775 
-0.879 48.333 
-0.752 31.725 
-0.761 32.879 
-0.761 32.879 
-0.878 48.183 
-0.811 34.06 
-0.72 31.124 
-0.806 33.082 
-0.922 59.485 
-0.813 34.198 
-0.907 59.129 
-0.849 39.149 
-0.86 43.555 
-0.921 59.361 
-0.849 39.149 
-0.824 37.788 
-0.813 34.198 
-0.762 32.931 
-0.717 30.192 
-0.89 49.282 
-0.86 43.555 
-0.822 37.775 
-0.752 31.725 
-0.72 31.124 
-0.761 32.879 
-0.806 33.082 
-0.922 59.485 
-0.907 59.129 
-0.921 59.361 
-0.849 39.149 
-0.824 37.788 
-0.813 34.198 
-0.762 32.931 
-0.717 30.192 
-0.86 43.555 
-0.89 49.282 
-0.822 37.775 
-0.813 34.198 
-0.806 33.082 
-0.752 31.725 
-0.72 31.124 
-0.761 32.879 
-0.907 59.129 
-0.921 59.361 
-0.824 37.788 
-0.762 32.931 
-0.813 34.198 
-0.752 31.725 
-0.89 49.282 
-0.761 32.879 
-0.72 31.124 
-0.86 43.555 
-0.907 59.129 
-0.921 59.361 
-0.824 37.788 
-0.762 32.931 
-0.813 34.198 
-0.824 37.788 
-0.752 31.725 
-0.89 49.282 
-0.761 32.879 
-0.72 31.124 
-0.86 43.555 
