-0.652 23.853 
-0.854 65.585 
-0.652 23.853 
-0.688 24.303 
-0.692 27.39 
-0.842 64.376 
-0.838 55.44 
-0.832 55.4 
-0.828 46.509 
-0.804 41.161 
-0.83 50.704 
-0.841 60.166 
-0.841 60.166 
-0.71 27.793 
-0.83 50.704 
-0.772 37.859 
-0.737 32.716 
-0.753 33.068 
-0.805 44.723 
-0.773 38.181 
-0.787 39.049 
-0.691 24.627 
-0.766 35.203 
-0.8 40.497 
-0.727 30.938 
-0.82 46.179 
-0.85 64.808 
-0.809 45.01 
-0.714 28.313 
-0.794 40.374 
-0.766 35.203 
-0.758 33.687 
-0.722 28.63 
-0.787 39.049 
-0.82 46.179 
-0.813 45.305 
-0.813 45.305 
-0.724 28.966 
-0.765 34.221 
-0.734 32.045 
-0.734 32.045 
-0.727 30.938 
-0.764 33.964 
-0.792 39.921 
-0.725 29.71 
-0.792 39.921 
-0.85 64.808 
-0.725 29.71 
-0.712 28.04 
-0.688 24.303 
-0.736 32.158 
-0.828 46.509 
-0.722 28.63 
-0.838 55.44 
-0.691 24.627 
-0.755 33.386 
-0.805 44.723 
-0.764 33.964 
-0.756 33.429 
-0.756 33.429 
-0.755 33.386 
-0.832 55.4 
-0.713 28.26 
-0.736 32.158 
-0.713 28.26 
-0.652 23.853 
-0.841 60.166 
-0.83 50.704 
-0.85 64.808 
-0.727 30.938 
-0.688 24.303 
-0.764 33.964 
-0.691 24.627 
-0.756 33.429 
-0.755 33.386 
-0.832 55.4 
-0.792 39.921 
-0.736 32.158 
-0.713 28.26 
-0.652 23.853 
-0.85 64.808 
-0.83 50.704 
-0.727 30.938 
-0.756 33.429 
-0.755 33.386 
-0.792 39.921 
-0.713 28.26 
-0.727 30.938 
-0.652 23.853 
-0.652 23.853 
-0.756 33.429 
-0.755 33.386 
-0.652 23.853 
-0.756 33.429 
-0.756 33.429 
-0.83 50.704 
-0.756 33.429 
-0.83 50.704 
-0.764 33.964 
-0.756 33.429 
