-0.928 58.826 
-0.708 25.088 
-0.928 58.826 
-0.743 25.764 
-0.919 53.756 
-0.927 58.722 
-0.712 25.39 
-0.908 52.381 
-0.902 48.098 
-0.89 47.143 
-0.885 43.071 
-0.813 31.399 
-0.762 28.961 
-0.861 40.892 
-0.851 37.064 
-0.795 30.547 
-0.753 27.72 
-0.753 27.72 
-0.824 34.929 
-0.819 32.311 
-0.778 29.984 
-0.792 30.108 
-0.88 41.838 
-0.77 29.449 
-0.83 35.769 
-0.846 36.034 
-0.851 37.064 
-0.869 41.757 
-0.769 29.331 
-0.837 36.008 
-0.899 47.253 
-0.861 40.892 
-0.902 48.098 
-0.778 29.984 
-0.927 58.722 
-0.891 47.228 
-0.885 43.071 
-0.911 53.075 
-0.836 35.88 
-0.908 52.381 
-0.819 32.311 
-0.712 25.39 
-0.917 53.651 
-0.824 34.929 
-0.89 47.143 
-0.814 31.737 
-0.847 36.217 
-0.917 53.651 
-0.911 53.075 
-0.827 35.397 
-0.865 41.468 
-0.816 31.746 
-0.901 47.645 
-0.884 42.63 
-0.848 36.471 
-0.866 41.493 
-0.91 52.9 
-0.909 52.509 
-0.818 32.083 
-0.867 41.716 
-0.827 35.397 
-0.85 36.868 
-0.849 36.502 
-0.864 41.106 
-0.863 41.086 
-0.818 32.083 
-0.883 42.473 
-0.882 42.203 
-0.881 42.107 
-0.826 35.135 
-0.793 30.358 
-0.901 47.645 
-0.9 47.41 
-0.869 41.757 
-0.85 36.868 
-0.862 40.909 
-0.91 52.9 
-0.816 31.746 
-0.884 42.63 
-0.883 42.473 
-0.9 47.41 
-0.909 52.509 
-0.792 30.108 
-0.826 35.135 
-0.825 35.019 
-0.794 30.434 
-0.836 35.88 
-0.918 53.659 
-0.882 42.203 
-0.881 42.107 
-0.825 35.019 
-0.794 30.434 
-0.793 30.358 
-0.867 41.716 
-0.849 36.502 
-0.891 47.228 
-0.864 41.106 
-0.862 40.909 
-0.918 53.659 
-0.928 58.826 
