-0.881 61.833 
-0.867 51.992 
-0.867 51.992 
-0.806 36.841 
-0.842 46.138 
-0.765 32.003 
-0.718 26.429 
-0.714 26.317 
-0.704 25.098 
-0.853 46.874 
-0.704 25.098 
-0.812 40.598 
-0.862 47.517 
-0.715 26.405 
-0.862 47.517 
-0.853 46.874 
-0.735 28.728 
-0.769 32.341 
-0.862 47.517 
-0.704 25.098 
-0.75 30.185 
-0.85 46.304 
-0.853 46.874 
-0.811 40.547 
-0.774 34.484 
-0.777 35.005 
-0.837 42.923 
-0.736 28.895 
-0.742 29.818 
-0.807 37.015 
-0.827 41.078 
-0.868 52.038 
-0.689 24.153 
-0.853 46.874 
-0.862 47.517 
-0.773 34.366 
-0.836 42.916 
-0.782 35.729 
-0.803 36.296 
-0.754 30.864 
-0.862 47.517 
-0.78 35.436 
-0.774 34.484 
-0.853 46.874 
-0.777 35.005 
-0.888 62.191 
-0.697 24.913 
-0.889 62.253 
-0.851 46.432 
-0.831 41.442 
-0.842 46.138 
-0.853 46.874 
-0.688 24.127 
-0.867 51.992 
-0.852 46.712 
-0.868 52.038 
-0.889 62.253 
-0.834 42.348 
-0.862 47.517 
-0.853 46.874 
-0.825 40.701 
-0.859 46.943 
-0.801 35.935 
-0.853 46.874 
-0.867 51.992 
-0.812 40.598 
-0.863 47.659 
-0.86 47.234 
-0.769 32.341 
-0.832 42.164 
-0.781 35.548 
-0.825 40.701 
-0.751 30.244 
-0.833 42.168 
-0.869 52.273 
-0.838 43.1 
-0.831 41.442 
-0.862 47.517 
-0.853 46.874 
-0.872 56.962 
-0.803 36.296 
-0.837 42.923 
