-0.688 24.127 
-0.889 62.252 
-0.889 62.252 
-0.688 24.127 
-0.881 61.833 
-0.88 52.696 
-0.722 28.615 
-0.866 51.639 
-0.863 47.659 
-0.783 35.828 
-0.825 40.29 
-0.825 40.29 
-0.807 37.01 
-0.801 35.934 
-0.807 37.01 
-0.719 26.501 
-0.849 46.056 
-0.838 43.1 
-0.735 28.724 
-0.7 24.751 
-0.849 46.056 
-0.87 51.972 
-0.771 33.825 
-0.838 43.1 
-0.689 24.153 
-0.707 25.664 
-0.769 32.303 
-0.878 52.445 
-0.712 25.973 
-0.761 31.891 
-0.704 25.098 
-0.767 31.962 
-0.888 62.134 
-0.748 29.75 
-0.7 24.751 
-0.754 30.862 
-0.852 46.637 
-0.76 31.768 
-0.832 42.164 
-0.861 47.337 
-0.806 36.791 
-0.76 31.768 
-0.754 30.862 
-0.739 29.398 
-0.713 26.075 
-0.74 29.607 
-0.743 29.693 
-0.749 29.926 
-0.831 41.396 
-0.857 46.691 
-0.863 47.659 
-0.752 30.354 
-0.753 30.693 
-0.777 34.962 
-0.86 47.079 
-0.835 42.538 
-0.836 42.792 
-0.717 26.344 
-0.83 41.172 
-0.689 24.153 
-0.775 34.672 
-0.772 34.0 
-0.866 51.639 
-0.779 35.154 
-0.736 28.893 
-0.859 46.888 
-0.828 40.84 
-0.834 42.346 
-0.769 32.303 
-0.829 40.985 
-0.802 36.062 
-0.869 51.845 
-0.837 42.98 
-0.722 28.615 
-0.776 34.847 
-0.878 52.445 
-0.782 35.727 
-0.716 26.273 
-0.879 52.594 
-0.743 29.693 
-0.85 46.297 
-0.827 40.615 
-0.804 36.469 
-0.737 29.109 
-0.78 35.543 
-0.705 25.297 
-0.858 46.696 
-0.781 35.548 
-0.833 42.168 
-0.705 25.297 
-0.751 30.182 
-0.85 46.297 
-0.827 40.615 
-0.804 36.469 
-0.888 62.134 
-0.881 61.833 
-0.737 29.109 
-0.767 31.962 
-0.751 30.182 
-0.852 46.637 
