-0.847 62.142 
-0.677 27.061 
-0.847 62.142 
-0.677 27.061 
-0.701 30.261 
-0.823 53.13 
-0.839 57.999 
-0.812 51.017 
-0.808 47.741 
-0.759 40.415 
-0.721 32.908 
-0.845 61.567 
-0.792 45.402 
-0.683 27.285 
-0.683 27.285 
-0.828 55.89 
-0.784 42.303 
-0.754 37.425 
-0.733 34.853 
-0.839 57.999 
-0.82 51.334 
-0.831 56.5 
-0.711 31.118 
-0.831 56.5 
-0.776 41.213 
-0.792 45.402 
-0.711 31.118 
-0.736 35.501 
-0.743 36.361 
-0.768 41.133 
-0.845 61.567 
-0.726 34.816 
-0.724 33.441 
-0.821 51.591 
-0.784 42.303 
-0.828 55.89 
-0.74 35.656 
-0.725 34.694 
-0.781 41.662 
-0.754 37.425 
-0.749 36.789 
-0.799 46.562 
-0.804 46.993 
-0.812 51.017 
-0.776 41.213 
-0.76 40.494 
-0.765 40.83 
-0.743 36.361 
-0.796 45.821 
-0.722 33.108 
-0.68 27.134 
-0.708 30.875 
-0.739 35.579 
-0.705 30.731 
-0.68 27.134 
-0.807 47.706 
-0.806 47.222 
-0.821 51.591 
-0.781 41.662 
-0.805 47.138 
-0.804 46.993 
-0.799 46.562 
-0.749 36.789 
-0.796 45.821 
-0.798 46.399 
-0.797 45.984 
-0.71 30.965 
-0.708 30.875 
-0.765 40.83 
-0.704 30.657 
-0.702 30.321 
-0.76 40.494 
-0.782 41.963 
-0.704 30.657 
-0.783 42.233 
-0.782 41.963 
-0.702 30.321 
-0.767 40.868 
-0.752 37.157 
-0.751 36.917 
-0.753 37.192 
-0.723 33.329 
-0.797 45.984 
-0.798 46.399 
-0.705 30.731 
-0.725 34.694 
-0.723 33.329 
-0.751 36.917 
-0.75 36.811 
-0.71 30.965 
-0.806 47.222 
-0.768 41.133 
-0.739 35.579 
-0.783 42.233 
-0.753 37.192 
-0.752 37.157 
-0.807 47.706 
-0.766 40.853 
-0.75 36.811 
-0.767 40.868 
