-0.699 24.756 
-0.89 63.197 
-0.864 52.27 
-0.881 52.962 
-0.81 39.951 
-0.886 57.693 
-0.889 58.313 
-0.863 47.908 
-0.838 45.705 
-0.837 42.939 
-0.807 36.968 
-0.878 52.354 
-0.721 28.634 
-0.823 40.053 
-0.734 28.768 
-0.718 26.317 
-0.771 34.05 
-0.769 32.351 
-0.72 28.438 
-0.848 46.305 
-0.754 31.29 
-0.784 35.521 
-0.799 35.752 
-0.856 46.564 
-0.792 35.633 
-0.753 30.622 
-0.76 31.369 
-0.706 25.666 
-0.832 42.251 
-0.792 35.633 
-0.71 25.913 
-0.704 25.103 
-0.844 45.733 
-0.765 31.76 
-0.7 24.933 
-0.744 29.804 
-0.748 30.027 
-0.886 57.693 
-0.715 26.272 
-0.831 41.356 
-0.807 36.968 
-0.78 35.331 
-0.783 35.395 
-0.825 40.272 
-0.779 35.174 
-0.776 34.718 
-0.858 46.792 
-0.829 40.898 
-0.83 41.124 
-0.836 42.72 
-0.768 32.109 
-0.751 30.18 
-0.834 42.321 
-0.775 34.504 
-0.888 57.892 
-0.88 52.675 
-0.738 29.162 
-0.86 47.02 
-0.739 29.331 
-0.835 42.482 
-0.826 40.407 
-0.749 30.052 
-0.736 28.919 
-0.847 46.103 
-0.81 39.951 
-0.777 35.015 
-0.74 29.568 
-0.863 47.908 
-0.862 47.431 
-0.828 40.659 
-0.856 46.564 
-0.712 25.936 
-0.827 40.635 
-0.803 36.278 
-0.717 26.297 
-0.763 31.733 
-0.805 36.532 
-0.762 31.716 
-0.805 36.532 
-0.845 45.922 
-0.889 58.313 
-0.72 28.438 
-0.743 29.761 
-0.742 29.653 
-0.768 32.109 
-0.734 28.768 
-0.751 30.18 
-0.705 25.34 
-0.713 25.965 
-0.823 40.053 
-0.741 29.612 
-0.861 47.265 
-0.804 36.29 
-0.737 28.921 
-0.773 34.259 
-0.705 25.34 
-0.802 36.043 
-0.831 41.356 
-0.713 25.965 
-0.761 31.494 
