-0.89 63.197 
-0.89 63.197 
-0.699 24.741 
-0.875 51.903 
-0.889 58.29 
-0.886 57.59 
-0.881 52.962 
-0.815 39.895 
-0.863 47.908 
-0.842 45.401 
-0.793 35.613 
-0.721 28.62 
-0.735 28.746 
-0.807 36.968 
-0.837 42.881 
-0.863 47.908 
-0.718 26.316 
-0.771 34.05 
-0.72 28.436 
-0.824 40.042 
-0.784 35.521 
-0.754 31.29 
-0.769 32.351 
-0.807 36.968 
-0.848 46.302 
-0.856 46.564 
-0.815 39.895 
-0.706 25.666 
-0.76 31.369 
-0.8 35.735 
-0.744 29.8 
-0.878 52.308 
-0.749 30.008 
-0.704 25.099 
-0.762 31.699 
-0.7 24.933 
-0.837 42.881 
-0.831 41.355 
-0.886 57.59 
-0.881 52.962 
-0.74 29.562 
-0.825 40.174 
-0.859 46.915 
-0.832 42.069 
-0.753 30.592 
-0.829 40.872 
-0.834 42.363 
-0.78 35.328 
-0.736 28.918 
-0.783 35.395 
-0.705 25.338 
-0.858 46.732 
-0.767 31.886 
-0.776 34.718 
-0.83 41.123 
-0.827 40.635 
-0.773 34.259 
-0.805 36.611 
-0.775 34.509 
-0.88 52.674 
-0.71 25.911 
-0.742 29.591 
-0.738 29.162 
-0.888 57.892 
-0.844 45.686 
-0.879 52.547 
-0.847 46.078 
-0.804 36.29 
-0.765 31.76 
-0.714 26.242 
-0.801 35.862 
-0.777 35.015 
-0.843 45.543 
-0.845 45.917 
-0.862 47.431 
-0.856 46.564 
-0.774 34.295 
-0.71 25.911 
-0.715 26.272 
-0.803 36.276 
-0.738 29.162 
-0.769 32.351 
-0.712 25.917 
-0.827 40.635 
-0.753 30.592 
-0.751 30.18 
-0.72 28.436 
-0.75 30.033 
-0.835 42.534 
-0.861 47.265 
-0.846 45.965 
-0.779 35.174 
-0.861 47.265 
-0.751 30.18 
-0.835 42.534 
-0.888 57.892 
-0.832 42.069 
-0.713 25.949 
-0.76 31.369 
-0.765 31.76 
