-0.801 26.062 
-0.862 37.312 
-0.804 26.451 
-0.801 26.062 
-0.801 26.062 
-0.891 47.397 
-0.856 36.708 
-0.864 41.2 
-0.88 42.548 
-0.891 47.397 
-0.804 26.451 
-0.804 26.451 
-0.801 26.062 
-0.891 47.397 
-0.861 36.731 
-0.861 36.731 
-0.864 41.2 
-0.862 37.312 
-0.837 31.128 
-0.864 41.2 
-0.891 47.397 
-0.861 36.731 
-0.808 26.755 
-0.873 41.543 
-0.865 41.481 
-0.811 30.748 
-0.856 36.708 
-0.873 41.543 
-0.801 26.062 
-0.801 26.062 
-0.801 26.062 
-0.801 26.062 
-0.811 30.748 
-0.864 41.2 
-0.804 26.451 
-0.882 46.085 
-0.804 26.451 
-0.865 41.481 
-0.891 47.397 
-0.839 31.548 
-0.873 41.543 
-0.856 36.708 
-0.801 26.062 
-0.853 35.896 
-0.88 42.548 
-0.891 47.397 
-0.864 41.2 
-0.811 30.748 
-0.801 26.062 
-0.804 26.451 
-0.864 41.2 
-0.801 26.062 
-0.873 41.543 
-0.801 26.062 
-0.804 26.451 
-0.856 36.708 
-0.801 26.062 
-0.801 26.062 
-0.853 35.896 
-0.865 41.481 
-0.873 41.543 
-0.811 30.748 
-0.801 26.062 
-0.801 26.062 
-0.853 35.896 
-0.864 41.2 
-0.811 30.748 
-0.811 30.748 
-0.801 26.062 
-0.881 42.833 
-0.873 41.543 
-0.801 26.062 
-0.865 41.481 
-0.863 37.522 
-0.862 37.312 
-0.856 36.708 
-0.801 26.062 
-0.804 26.451 
-0.801 26.062 
-0.801 26.062 
-0.865 41.481 
-0.856 36.708 
-0.853 35.896 
-0.801 26.062 
-0.899 47.814 
-0.891 47.397 
-0.882 46.085 
-0.804 26.451 
-0.865 41.481 
-0.801 26.062 
-0.864 41.2 
-0.804 26.451 
-0.839 31.548 
-0.801 26.062 
-0.808 26.755 
-0.801 26.062 
-0.856 36.708 
-0.804 26.451 
