-0.801 26.062 
-0.801 26.062 
-0.899 47.701 
-0.882 46.073 
-0.835 30.848 
-0.811 30.748 
-0.871 41.102 
-0.808 26.755 
-0.853 35.75 
-0.84 31.743 
-0.81 30.742 
-0.863 37.521 
-0.897 46.996 
-0.881 42.833 
-0.853 35.75 
-0.84 31.743 
-0.863 37.521 
-0.855 36.181 
-0.871 41.102 
-0.878 41.489 
-0.86 36.443 
-0.804 26.451 
-0.88 42.25 
-0.897 46.996 
-0.882 46.073 
-0.804 26.451 
-0.837 31.127 
-0.879 42.075 
-0.881 42.833 
-0.862 36.945 
-0.808 26.755 
-0.898 47.223 
-0.838 31.545 
-0.878 41.489 
-0.835 30.848 
-0.861 36.731 
-0.837 31.127 
-0.86 36.443 
-0.898 47.223 
-0.81 30.742 
-0.862 36.945 
-0.861 36.731 
-0.839 31.548 
-0.879 42.075 
-0.811 30.748 
-0.839 31.548 
-0.838 31.545 
-0.801 26.062 
-0.853 35.75 
-0.84 31.743 
-0.863 37.521 
-0.871 41.102 
-0.897 46.996 
-0.882 46.073 
-0.804 26.451 
-0.881 42.833 
-0.808 26.755 
-0.878 41.489 
-0.835 30.848 
-0.837 31.127 
-0.86 36.443 
-0.81 30.742 
-0.898 47.223 
-0.862 36.945 
-0.861 36.731 
-0.811 30.748 
-0.839 31.548 
-0.838 31.545 
-0.801 26.062 
-0.853 35.75 
-0.863 37.521 
-0.871 41.102 
-0.897 46.996 
-0.882 46.073 
-0.804 26.451 
-0.881 42.833 
-0.808 26.755 
-0.878 41.489 
-0.837 31.127 
-0.86 36.443 
-0.81 30.742 
-0.898 47.223 
-0.862 36.945 
-0.861 36.731 
-0.811 30.748 
-0.839 31.548 
-0.838 31.545 
-0.801 26.062 
-0.853 35.75 
-0.839 31.548 
-0.863 37.521 
-0.871 41.102 
-0.897 46.996 
-0.882 46.073 
-0.804 26.451 
-0.881 42.833 
-0.808 26.755 
-0.878 41.489 
-0.837 31.127 
-0.81 30.742 
