-0.722 25.625 
-0.895 51.394 
-0.722 25.625 
-0.854 40.603 
-0.727 25.985 
-0.887 47.144 
-0.853 36.677 
-0.751 27.28 
-0.872 46.072 
-0.87 42.488 
-0.779 30.996 
-0.82 35.882 
-0.817 34.814 
-0.807 32.405 
-0.834 35.944 
-0.792 31.009 
-0.849 36.057 
-0.873 46.427 
-0.867 40.735 
-0.836 35.997 
-0.885 46.524 
-0.752 27.641 
-0.807 32.405 
-0.764 29.388 
-0.762 29.275 
-0.752 27.641 
-0.773 30.766 
-0.817 34.814 
-0.87 42.488 
-0.887 47.144 
-0.869 41.106 
-0.762 29.275 
-0.751 27.28 
-0.793 31.232 
-0.769 30.202 
-0.801 31.591 
-0.819 35.065 
-0.805 32.059 
-0.772 30.275 
-0.803 31.989 
-0.769 30.202 
-0.872 46.072 
-0.886 46.711 
-0.851 36.326 
-0.726 25.901 
-0.801 31.591 
-0.793 31.232 
-0.853 36.677 
-0.851 36.326 
-0.802 31.641 
-0.723 25.63 
-0.726 25.901 
-0.723 25.63 
-0.85 36.06 
-0.819 35.065 
-0.869 41.106 
-0.868 40.883 
-0.836 35.997 
-0.886 46.711 
-0.868 40.883 
-0.867 40.735 
-0.854 40.603 
-0.763 29.277 
-0.885 46.524 
-0.873 46.427 
-0.772 30.275 
-0.82 35.882 
-0.802 31.641 
-0.792 31.009 
-0.85 36.06 
-0.763 29.277 
-0.722 25.625 
-0.807 32.405 
-0.817 34.814 
-0.752 27.641 
-0.762 29.275 
-0.751 27.28 
-0.769 30.202 
-0.802 31.641 
-0.887 47.144 
-0.872 46.072 
-0.793 31.232 
-0.853 36.677 
-0.851 36.326 
-0.726 25.901 
-0.723 25.63 
-0.819 35.065 
-0.836 35.997 
-0.869 41.106 
-0.886 46.711 
-0.868 40.883 
-0.867 40.735 
-0.854 40.603 
-0.885 46.524 
-0.873 46.427 
-0.82 35.882 
-0.763 29.277 
-0.722 25.625 
-0.807 32.405 
-0.817 34.814 
