-0.814 35.327 
-0.82 35.99 
-0.763 30.589 
-0.851 36.582 
-0.82 35.99 
-0.82 35.99 
-0.823 36.286 
-0.869 41.161 
-0.819 35.899 
-0.763 30.589 
-0.887 47.146 
-0.869 41.161 
-0.75 29.967 
-0.726 25.925 
-0.805 35.175 
-0.82 35.99 
-0.765 30.636 
-0.814 35.327 
-0.82 35.99 
-0.726 25.925 
-0.869 41.161 
-0.793 31.4 
-0.771 30.89 
-0.853 40.753 
-0.886 46.712 
-0.87 45.872 
-0.836 36.409 
-0.722 25.768 
-0.82 35.99 
-0.802 31.941 
-0.839 36.438 
-0.851 36.582 
-0.869 41.161 
-0.852 36.74 
-0.82 35.99 
-0.869 41.161 
-0.869 41.161 
