-0.88 58.018 
-0.653 27.043 
-0.871 48.35 
-0.701 28.428 
-0.722 31.446 
-0.772 32.438 
-0.783 36.613 
-0.775 32.831 
-0.827 41.713 
-0.855 47.456 
-0.854 43.804 
-0.712 30.208 
-0.826 38.616 
-0.701 28.428 
-0.799 37.413 
-0.857 47.957 
-0.795 36.685 
-0.844 42.703 
-0.811 37.449 
-0.871 48.35 
-0.825 38.535 
-0.82 37.826 
-0.775 32.831 
-0.719 30.788 
-0.836 42.185 
-0.837 42.648 
-0.772 32.438 
-0.722 31.446 
-0.797 36.932 
-0.83 42.139 
-0.851 43.429 
-0.817 37.463 
-0.783 36.613 
-0.844 42.703 
-0.851 43.429 
-0.719 30.788 
-0.713 30.283 
-0.811 37.449 
-0.819 37.817 
-0.857 47.957 
-0.713 30.283 
-0.855 47.456 
-0.83 42.139 
-0.853 43.684 
-0.853 43.684 
-0.795 36.685 
-0.817 37.463 
-0.854 43.804 
-0.826 38.616 
-0.837 42.648 
-0.772 32.438 
-0.722 31.446 
-0.783 36.613 
-0.844 42.703 
-0.851 43.429 
-0.719 30.788 
-0.857 47.957 
-0.855 47.456 
-0.871 48.35 
-0.83 42.139 
-0.853 43.684 
-0.817 37.463 
-0.854 43.804 
-0.826 38.616 
-0.772 32.438 
-0.783 36.613 
-0.844 42.703 
-0.851 43.429 
-0.857 47.957 
-0.855 47.456 
-0.83 42.139 
-0.871 48.35 
-0.853 43.684 
-0.817 37.463 
-0.772 32.438 
-0.783 36.613 
-0.851 43.429 
-0.871 48.35 
-0.857 47.957 
-0.83 42.139 
-0.851 43.429 
-0.851 43.429 
-0.851 43.429 
-0.851 43.429 
-0.851 43.429 
-0.851 43.429 
-0.851 43.429 
-0.83 42.139 
-0.83 42.139 
-0.83 42.139 
-0.851 43.429 
-0.851 43.429 
-0.83 42.139 
-0.851 43.429 
-0.851 43.429 
-0.851 43.429 
-0.851 43.429 
-0.851 43.429 
-0.851 43.429 
-0.851 43.429 
