-0.897 53.754 
-0.651 26.696 
-0.651 26.696 
-0.897 53.754 
-0.714 28.215 
-0.653 27.043 
-0.779 32.253 
-0.723 28.764 
-0.879 48.945 
-0.827 41.713 
-0.859 46.74 
-0.799 33.22 
-0.812 36.957 
-0.779 32.253 
-0.723 28.764 
-0.854 43.469 
-0.826 38.615 
-0.879 48.945 
-0.714 28.215 
-0.872 48.14 
-0.848 42.505 
-0.812 36.957 
-0.782 32.566 
-0.799 33.22 
-0.795 32.836 
-0.653 27.043 
-0.868 47.413 
-0.839 41.925 
-0.862 47.22 
-0.854 43.469 
-0.877 48.682 
-0.721 28.682 
-0.877 48.682 
-0.851 42.76 
-0.842 42.223 
-0.819 37.703 
-0.817 37.456 
-0.814 37.041 
-0.721 28.682 
-0.817 37.456 
-0.861 46.892 
-0.853 43.145 
-0.853 43.145 
-0.851 42.76 
-0.797 33.142 
-0.871 47.81 
-0.87 47.72 
-0.814 37.041 
-0.842 42.223 
-0.795 32.836 
-0.782 32.566 
-0.824 38.41 
-0.823 38.152 
-0.822 38.06 
-0.82 37.812 
-0.781 32.488 
-0.796 32.911 
-0.82 37.812 
-0.839 41.925 
-0.827 41.713 
-0.822 38.06 
-0.841 42.172 
-0.84 41.971 
-0.87 47.72 
-0.862 47.22 
-0.781 32.488 
-0.861 46.892 
-0.826 38.615 
-0.825 38.491 
-0.823 38.152 
-0.871 47.81 
-0.825 38.491 
-0.824 38.41 
-0.797 33.142 
-0.796 32.911 
-0.722 28.698 
-0.841 42.172 
-0.84 41.971 
-0.722 28.698 
-0.651 26.696 
-0.897 53.754 
-0.779 32.253 
-0.723 28.764 
-0.799 33.22 
-0.653 27.043 
-0.854 43.469 
-0.877 48.682 
-0.817 37.456 
-0.721 28.682 
-0.82 37.812 
-0.814 37.041 
-0.851 42.76 
-0.795 32.836 
-0.782 32.566 
-0.839 41.925 
-0.827 41.713 
-0.822 38.06 
-0.862 47.22 
-0.781 32.488 
-0.842 42.223 
