-0.935 58.111 
-0.711 23.884 
-0.935 58.111 
-0.711 23.884 
-0.934 52.824 
-0.934 52.824 
-0.918 47.754 
-0.775 30.461 
-0.885 41.403 
-0.913 46.774 
-0.763 27.977 
-0.873 36.148 
-0.736 27.766 
-0.843 32.739 
-0.901 42.431 
-0.764 28.178 
-0.884 37.728 
-0.843 32.739 
-0.873 36.148 
-0.714 24.497 
-0.824 32.075 
-0.734 24.525 
-0.733 24.502 
-0.794 30.823 
-0.735 27.22 
-0.918 47.754 
-0.838 32.145 
-0.913 46.774 
-0.775 30.461 
-0.901 42.431 
-0.894 41.449 
-0.817 32.01 
-0.794 30.823 
-0.801 30.84 
-0.805 31.106 
-0.814 31.464 
-0.808 31.459 
-0.712 24.041 
-0.898 42.039 
-0.876 36.376 
-0.88 37.003 
-0.881 37.234 
-0.807 31.218 
-0.841 32.694 
-0.84 32.19 
-0.816 31.633 
-0.916 47.378 
-0.878 36.775 
-0.735 27.22 
-0.801 30.84 
-0.897 41.804 
-0.9 42.39 
-0.916 47.378 
-0.897 41.804 
-0.895 41.464 
-0.877 36.711 
-0.917 47.419 
-0.815 31.555 
-0.882 37.515 
-0.874 36.246 
-0.736 27.766 
-0.9 42.39 
-0.884 37.728 
-0.883 37.552 
-0.895 41.464 
-0.714 24.497 
-0.874 36.246 
-0.817 32.01 
-0.877 36.711 
-0.885 41.403 
-0.84 32.19 
-0.841 32.694 
-0.917 47.419 
-0.883 37.552 
-0.882 37.515 
-0.733 24.502 
-0.808 31.459 
-0.934 52.824 
-0.843 32.739 
-0.873 36.148 
-0.918 47.754 
-0.913 46.774 
-0.901 42.431 
-0.794 30.823 
-0.735 27.22 
-0.801 30.84 
-0.736 27.766 
-0.916 47.378 
-0.897 41.804 
-0.808 31.459 
-0.9 42.39 
-0.895 41.464 
-0.714 24.497 
-0.874 36.246 
-0.817 32.01 
-0.885 41.403 
-0.84 32.19 
-0.841 32.694 
-0.917 47.419 
-0.883 37.552 
