-0.917 63.753 
-0.75 25.859 
-0.75 25.859 
-0.917 63.753 
-0.915 58.24 
-0.906 58.155 
-0.899 52.338 
-0.846 37.694 
-0.873 41.245 
-0.787 29.931 
-0.787 29.931 
-0.916 63.492 
-0.9 52.935 
-0.765 26.391 
-0.892 48.237 
-0.839 36.688 
-0.873 41.245 
-0.846 37.694 
-0.765 26.391 
-0.882 45.934 
-0.88 42.795 
-0.763 26.167 
-0.796 30.45 
-0.828 35.393 
-0.812 33.229 
-0.797 30.679 
-0.822 34.546 
-0.807 32.18 
-0.822 34.546 
-0.9 52.935 
-0.807 32.18 
-0.797 30.679 
-0.892 48.237 
-0.886 46.781 
-0.812 33.229 
-0.828 35.393 
-0.906 58.155 
-0.825 34.761 
-0.844 37.162 
-0.89 47.555 
-0.811 32.985 
-0.877 42.068 
-0.889 47.323 
-0.882 45.934 
-0.876 41.876 
-0.826 35.071 
-0.842 36.771 
-0.875 41.662 
-0.891 48.148 
-0.81 32.623 
-0.889 47.323 
-0.84 36.714 
-0.884 46.365 
-0.884 46.365 
-0.809 32.622 
-0.808 32.238 
-0.88 42.795 
-0.878 42.391 
-0.763 26.167 
-0.879 42.696 
-0.878 42.391 
-0.845 37.393 
-0.842 36.771 
-0.916 63.492 
-0.874 41.487 
-0.827 35.157 
-0.845 37.393 
-0.764 26.39 
-0.885 46.584 
-0.885 46.584 
-0.874 41.487 
-0.879 42.696 
-0.891 48.148 
-0.827 35.157 
-0.808 32.238 
-0.809 32.622 
-0.764 26.39 
-0.917 63.753 
-0.75 25.859 
-0.873 41.245 
-0.765 26.391 
-0.822 34.546 
-0.9 52.935 
-0.906 58.155 
-0.812 33.229 
-0.807 32.18 
-0.797 30.679 
-0.892 48.237 
-0.828 35.393 
-0.882 45.934 
-0.884 46.365 
-0.827 35.157 
-0.88 42.795 
-0.763 26.167 
-0.889 47.323 
-0.878 42.391 
-0.916 63.492 
-0.845 37.393 
-0.885 46.584 
-0.879 42.696 
