-0.917 63.753 
-0.75 25.859 
-0.75 25.859 
-0.917 63.753 
-0.905 52.783 
-0.915 58.144 
-0.846 37.694 
-0.873 41.24 
-0.898 52.007 
-0.896 47.675 
-0.915 58.144 
-0.916 63.492 
-0.787 29.931 
-0.765 26.391 
-0.787 29.931 
-0.882 45.887 
-0.873 41.24 
-0.846 37.694 
-0.765 26.391 
-0.763 26.112 
-0.88 42.794 
-0.839 36.295 
-0.828 35.393 
-0.812 33.173 
-0.797 30.598 
-0.822 34.546 
-0.807 32.18 
-0.822 34.546 
-0.904 52.187 
-0.807 32.18 
-0.797 30.598 
-0.842 36.682 
-0.812 33.173 
-0.89 47.555 
-0.839 36.295 
-0.81 32.551 
-0.792 30.001 
-0.828 35.393 
-0.826 34.913 
-0.825 34.674 
-0.886 46.781 
-0.888 47.23 
-0.886 46.781 
-0.884 46.318 
-0.811 32.985 
-0.884 46.318 
-0.843 37.074 
-0.896 47.675 
-0.88 42.794 
-0.888 47.23 
-0.879 42.696 
-0.878 42.378 
-0.845 37.393 
-0.844 37.078 
-0.808 32.238 
-0.878 42.378 
-0.877 42.068 
-0.845 37.393 
-0.808 32.238 
-0.916 63.492 
-0.827 35.157 
-0.885 46.537 
-0.874 41.477 
-0.827 35.157 
-0.794 30.317 
-0.793 30.084 
-0.889 47.323 
-0.764 26.336 
-0.885 46.537 
-0.876 41.876 
-0.875 41.662 
-0.877 42.068 
-0.876 41.876 
-0.811 32.985 
-0.875 41.662 
-0.874 41.477 
-0.904 52.187 
-0.796 30.45 
-0.825 34.674 
-0.89 47.555 
-0.879 42.696 
-0.889 47.323 
-0.793 30.084 
-0.796 30.45 
-0.795 30.367 
-0.792 30.001 
-0.764 26.336 
-0.795 30.367 
-0.794 30.317 
-0.844 37.078 
-0.843 37.074 
-0.75 25.859 
-0.917 63.753 
-0.787 29.931 
-0.846 37.694 
-0.765 26.391 
-0.822 34.546 
-0.807 32.18 
-0.812 33.173 
-0.828 35.393 
