-0.937 59.026 
-0.724 25.855 
-0.933 49.317 
-0.814 30.118 
-0.885 32.331 
-0.795 27.108 
-0.775 27.087 
-0.916 43.653 
-0.879 31.4 
-0.836 30.942 
-0.858 30.974 
-0.858 30.974 
-0.903 41.236 
-0.795 27.108 
-0.819 30.498 
-0.836 30.942 
-0.93 48.679 
-0.88 31.646 
-0.903 41.236 
-0.915 43.378 
-0.912 42.752 
-0.907 42.723 
-0.93 48.679 
-0.819 30.498 
-0.906 42.147 
-0.817 30.371 
-0.817 30.371 
-0.912 42.752 
-0.916 43.653 
-0.906 42.147 
-0.907 42.723 
-0.912 42.752 
-0.819 30.498 
-0.903 41.236 
-0.836 30.942 
-0.912 42.752 
-0.912 42.752 
-0.819 30.498 
-0.858 30.974 
-0.903 41.236 
-0.858 30.974 
-0.903 41.236 
-0.795 27.108 
-0.912 42.752 
-0.795 27.108 
-0.912 42.752 
-0.836 30.942 
-0.858 30.974 
-0.858 30.974 
-0.915 43.378 
-0.924 43.939 
-0.795 27.108 
-0.795 27.108 
-0.912 42.752 
-0.836 30.942 
-0.903 41.236 
-0.912 42.752 
-0.795 27.108 
-0.858 30.974 
-0.907 42.723 
-0.858 30.974 
-0.905 41.864 
-0.819 30.498 
-0.795 27.108 
-0.93 48.679 
-0.906 42.147 
-0.769 26.724 
-0.795 27.108 
-0.912 42.752 
-0.775 27.087 
-0.907 42.723 
-0.898 37.66 
-0.819 30.498 
-0.891 36.588 
-0.912 42.752 
