-0.937 54.308 
-0.754 25.266 
-0.754 25.266 
-0.937 54.308 
-0.934 49.086 
-0.906 38.058 
-0.891 36.588 
-0.93 48.673 
-0.924 43.939 
-0.812 29.985 
-0.888 32.432 
-0.91 42.279 
-0.801 27.34 
-0.84 30.846 
-0.875 31.066 
-0.771 26.243 
-0.858 30.974 
-0.831 30.415 
-0.858 30.974 
-0.771 26.243 
-0.92 43.117 
-0.817 30.37 
-0.795 27.091 
-0.801 27.34 
-0.783 26.599 
-0.782 26.552 
-0.924 43.939 
-0.9 36.944 
-0.795 27.091 
-0.93 48.673 
-0.914 42.923 
-0.91 42.279 
-0.882 31.977 
-0.904 37.451 
-0.881 31.409 
-0.902 37.131 
-0.891 36.588 
-0.885 32.331 
-0.912 42.746 
-0.835 30.449 
-0.875 31.066 
-0.879 31.4 
-0.783 26.599 
-0.879 31.4 
-0.904 37.451 
-0.814 30.118 
-0.888 32.432 
-0.885 32.331 
-0.814 30.118 
-0.817 30.37 
-0.9 36.944 
-0.882 31.977 
-0.914 42.923 
-0.912 42.746 
-0.782 26.552 
-0.84 30.846 
-0.838 30.625 
-0.838 30.625 
-0.837 30.587 
-0.835 30.449 
-0.901 37.087 
-0.837 30.587 
-0.901 37.087 
-0.881 31.409 
-0.754 25.266 
-0.858 30.974 
-0.771 26.243 
-0.801 27.34 
-0.924 43.939 
-0.93 48.673 
-0.795 27.091 
-0.91 42.279 
-0.891 36.588 
-0.875 31.066 
-0.783 26.599 
-0.879 31.4 
-0.904 37.451 
-0.885 32.331 
-0.814 30.118 
-0.882 31.977 
-0.914 42.923 
-0.912 42.746 
-0.782 26.552 
-0.84 30.846 
-0.881 31.409 
-0.858 30.974 
-0.771 26.243 
-0.801 27.34 
-0.924 43.939 
-0.93 48.673 
-0.795 27.091 
-0.891 36.588 
-0.885 32.331 
-0.875 31.066 
-0.904 37.451 
-0.783 26.599 
-0.879 31.4 
-0.84 30.846 
-0.814 30.118 
-0.882 31.977 
