-0.916 57.238 
-0.826 27.029 
-0.826 27.029 
-0.916 57.238 
-0.914 56.883 
-0.913 47.296 
-0.838 27.554 
-0.868 35.967 
-0.854 31.518 
-0.912 46.954 
-0.899 43.246 
-0.886 40.964 
-0.842 31.466 
-0.841 31.331 
-0.912 46.954 
-0.899 43.246 
-0.829 27.176 
-0.862 33.153 
-0.881 38.537 
-0.874 36.795 
-0.886 40.964 
-0.862 33.153 
-0.881 38.537 
-0.892 41.784 
-0.892 41.784 
-0.871 36.389 
-0.898 42.994 
-0.871 36.389 
-0.838 27.554 
-0.829 27.176 
-0.877 36.908 
-0.861 32.834 
-0.855 32.398 
-0.858 32.739 
-0.841 31.331 
-0.894 41.838 
-0.88 38.139 
-0.879 37.481 
-0.897 42.495 
-0.856 32.542 
-0.858 32.739 
-0.88 38.139 
-0.914 56.883 
-0.913 47.296 
-0.896 42.243 
-0.895 41.914 
-0.878 37.231 
-0.897 42.495 
-0.896 42.243 
-0.879 37.481 
-0.878 37.231 
-0.856 32.542 
-0.855 32.398 
-0.877 36.908 
-0.861 32.834 
-0.895 41.914 
-0.854 31.518 
-0.842 31.466 
-0.826 27.029 
-0.916 57.238 
-0.913 47.296 
-0.899 43.246 
-0.892 41.784 
-0.881 38.537 
-0.862 33.153 
-0.871 36.389 
-0.838 27.554 
-0.829 27.176 
-0.841 31.331 
-0.858 32.739 
-0.88 38.139 
-0.896 42.243 
-0.878 37.231 
-0.856 32.542 
-0.855 32.398 
-0.861 32.834 
-0.854 31.518 
-0.842 31.466 
-0.916 57.238 
-0.913 47.296 
-0.899 43.246 
-0.881 38.537 
-0.862 33.153 
-0.871 36.389 
-0.838 27.554 
-0.841 31.331 
-0.858 32.739 
-0.88 38.139 
-0.878 37.231 
-0.896 42.243 
-0.856 32.542 
-0.855 32.398 
-0.861 32.834 
-0.854 31.518 
-0.842 31.466 
-0.913 47.296 
-0.899 43.246 
-0.881 38.537 
-0.871 36.389 
-0.838 27.554 
