-0.765 29.082 
-0.923 43.011 
-0.929 48.96 
-0.882 32.976 
-0.783 29.803 
-0.917 42.887 
-0.822 31.332 
-0.856 31.69 
-0.923 43.011 
-0.923 43.011 
-0.783 29.803 
-0.74 25.591 
-0.782 29.725 
-0.894 37.542 
-0.752 27.397 
-0.783 29.803 
-0.898 37.73 
-0.905 37.981 
-0.809 30.89 
-0.938 58.316 
-0.882 32.976 
-0.809 30.89 
-0.936 53.475 
-0.915 38.314 
-0.791 29.822 
-0.856 31.69 
-0.925 43.65 
-0.886 37.244 
-0.916 38.767 
-0.923 43.011 
-0.876 32.375 
-0.883 33.415 
-0.783 29.803 
-0.738 25.362 
-0.782 29.725 
-0.736 24.595 
-0.923 43.011 
-0.928 44.256 
-0.806 30.143 
-0.856 31.69 
-0.887 37.468 
