-0.862 51.845 
-0.709 24.883 
-0.862 51.845 
-0.709 24.883 
-0.804 36.12 
-0.784 33.867 
-0.729 26.608 
-0.858 50.758 
-0.845 46.687 
-0.752 28.961 
-0.724 25.839 
-0.815 39.234 
-0.775 31.122 
-0.845 46.687 
-0.711 25.212 
-0.755 29.54 
-0.752 28.961 
-0.729 26.608 
-0.858 50.758 
-0.768 29.805 
-0.832 44.486 
-0.828 42.296 
-0.798 34.996 
-0.815 39.234 
-0.788 34.603 
-0.775 31.122 
-0.844 46.203 
-0.828 42.296 
-0.711 25.212 
-0.773 30.717 
-0.823 40.978 
-0.82 40.26 
-0.82 40.26 
-0.834 44.724 
-0.836 45.174 
-0.727 26.19 
-0.832 44.486 
-0.84 45.345 
-0.801 35.201 
-0.786 34.141 
-0.861 51.621 
-0.86 51.128 
-0.726 25.883 
-0.823 40.978 
-0.827 41.819 
-0.77 30.052 
-0.788 34.603 
-0.843 45.832 
-0.827 41.819 
-0.826 41.454 
-0.819 39.899 
-0.8 35.134 
-0.774 31.076 
-0.803 35.768 
-0.772 30.511 
-0.771 30.173 
-0.842 45.703 
-0.841 45.366 
-0.787 34.47 
-0.728 26.287 
-0.799 35.017 
-0.803 35.768 
-0.835 45.025 
-0.802 35.467 
-0.818 39.84 
-0.817 39.541 
-0.817 39.541 
-0.816 39.249 
-0.826 41.454 
-0.825 41.175 
-0.786 34.141 
-0.754 29.269 
-0.802 35.467 
-0.768 29.805 
-0.755 29.54 
-0.859 50.982 
-0.861 51.621 
-0.833 44.511 
-0.772 30.511 
-0.754 29.269 
-0.753 29.078 
-0.84 45.345 
-0.836 45.174 
-0.835 45.025 
-0.86 51.128 
-0.859 50.982 
-0.769 29.911 
-0.787 34.47 
-0.843 45.832 
-0.842 45.703 
-0.824 41.106 
-0.771 30.173 
-0.753 29.078 
-0.769 29.911 
-0.728 26.287 
-0.825 41.175 
-0.824 41.106 
-0.819 39.899 
-0.818 39.84 
-0.774 31.076 
