P=? [ F (x=9&y=9&crashed=0) ]	R{"cost"}=? [ C<=100 ]
0.804	26.389
0.968	122.615
0.968	122.615
0.804	26.389
0.967	102.539
0.964	81.787
0.963	61.52
0.966	86.556
0.889	37.726
0.935	49.742
0.87	34.568
0.838	30.82
0.822	30.69
0.858	33.337
0.919	48.846
0.846	31.705
0.943	54.711
0.955	60.24
0.926	48.955
0.954	56.129
0.906	42.938
0.966	86.556
0.965	82.023
0.862	33.586
0.943	54.711
0.918	44.677
0.899	38.835
0.87	34.568
0.899	38.835
0.948	55.45
0.906	42.938
0.82	30.623
0.819	27.684
0.929	49.504
0.868	34.406
0.962	61.31
0.898	38.666
0.893	38.003
0.817	27.627
0.958	60.855
0.812	26.811
0.891	37.834
0.928	49.067
0.846	31.705
0.958	60.855
0.951	55.536
0.841	31.293
0.868	34.406
0.817	27.627
0.945	54.822
0.893	38.003
0.945	54.822
0.917	44.08
0.844	31.538
0.952	55.98
0.913	43.729
0.909	43.213
0.915	44.035
0.913	43.729
0.812	26.811
0.908	43.044
0.861	33.541
0.822	30.69
0.807	26.521
0.806	26.433
0.898	38.666
0.911	43.405
0.915	44.035
0.809	26.703
0.955	60.24
0.918	44.677
0.84	30.942
0.911	43.405
0.844	31.538
0.841	31.293
0.929	49.504
0.965	82.023
0.964	81.787
0.963	61.52
0.809	26.703
0.807	26.521
0.845	31.545
0.954	56.129
0.952	55.98
0.91	43.356
0.838	30.82
0.86	33.425
0.919	48.846
0.908	43.044
0.839	30.922
0.951	55.536
0.82	30.623
0.819	27.684
0.91	43.356
0.917	44.08
0.806	26.433
0.859	33.381
0.859	33.381
0.86	33.425
0.811	26.787
