-0.899 62.21 
-0.764 29.521 
-0.899 62.21 
-0.872 47.295 
-0.89 57.416 
-0.793 30.299 
-0.766 29.927 
-0.881 51.992 
-0.873 51.624 
-0.859 45.677 
-0.882 56.329 
-0.855 41.685 
-0.839 40.398 
-0.838 36.883 
-0.81 34.885 
-0.806 31.7 
-0.852 41.039 
-0.843 40.666 
-0.864 46.292 
-0.889 57.28 
-0.863 46.002 
-0.814 35.593 
-0.827 36.096 
-0.811 35.009 
-0.833 36.101 
-0.804 31.288 
-0.798 30.989 
-0.855 41.685 
-0.864 46.292 
-0.835 36.27 
-0.806 31.7 
-0.819 35.701 
-0.889 57.28 
-0.882 56.329 
-0.81 34.885 
-0.814 35.593 
-0.824 35.711 
-0.826 35.813 
-0.821 35.705 
-0.794 30.455 
-0.843 40.666 
-0.766 29.927 
-0.841 40.427 
-0.881 51.992 
-0.873 51.624 
-0.819 35.701 
-0.836 36.607 
-0.765 29.602 
-0.804 31.288 
-0.798 30.989 
-0.797 30.984 
-0.796 30.691 
-0.854 41.402 
-0.805 31.451 
-0.824 35.711 
-0.821 35.705 
-0.833 36.101 
-0.837 36.844 
-0.836 36.607 
-0.853 41.271 
-0.796 30.691 
-0.795 30.473 
-0.805 31.451 
-0.854 41.402 
-0.853 41.271 
-0.842 40.555 
-0.842 40.555 
-0.826 35.813 
-0.765 29.602 
-0.838 36.883 
-0.837 36.844 
-0.841 40.427 
-0.839 40.398 
-0.795 30.473 
-0.827 36.096 
-0.797 30.984 
-0.855 41.685 
-0.864 46.292 
-0.806 31.7 
-0.889 57.28 
-0.766 29.927 
-0.843 40.666 
-0.873 51.624 
-0.819 35.701 
-0.798 30.989 
-0.824 35.711 
-0.833 36.101 
-0.796 30.691 
-0.836 36.607 
-0.854 41.402 
-0.853 41.271 
-0.842 40.555 
-0.826 35.813 
-0.765 29.602 
-0.838 36.883 
-0.837 36.844 
-0.841 40.427 
-0.795 30.473 
-0.827 36.096 
-0.797 30.984 
