-0.734 32.991 
-0.734 32.991 
-0.846 53.242 
-0.763 33.322 
-0.768 33.942 
-0.855 54.678 
-0.846 53.242 
-0.846 53.242 
-0.838 48.713 
-0.801 42.593 
-0.847 54.3 
-0.846 53.242 
-0.846 53.242 
-0.846 53.242 
-0.855 54.678 
-0.801 42.593 
-0.731 32.938 
-0.773 37.421 
-0.846 53.242 
-0.801 42.593 
-0.734 32.991 
-0.734 32.991 
-0.846 53.242 
-0.846 53.242 
-0.847 54.3 
-0.846 53.242 
-0.839 53.183 
-0.83 47.685 
-0.809 43.175 
-0.801 42.593 
-0.846 53.242 
-0.846 53.242 
-0.846 53.242 
-0.846 53.242 
-0.75 33.31 
-0.807 43.097 
-0.855 54.678 
-0.825 47.517 
-0.791 37.976 
-0.871 64.417 
-0.846 53.242 
-0.846 53.242 
-0.846 53.242 
-0.846 53.242 
-0.766 33.501 
-0.846 53.242 
-0.846 53.242 
-0.813 44.301 
-0.799 42.356 
-0.846 53.242 
-0.773 37.421 
-0.846 53.242 
-0.846 53.242 
-0.839 53.183 
-0.825 47.517 
-0.846 53.242 
-0.846 53.242 
-0.846 53.242 
-0.839 53.183 
-0.846 53.242 
-0.846 53.242 
-0.846 53.242 
-0.846 53.242 
-0.846 53.242 
-0.801 42.593 
-0.807 43.097 
-0.786 37.458 
-0.734 32.991 
-0.83 47.685 
-0.801 42.593 
-0.801 42.593 
-0.832 48.053 
-0.846 53.242 
-0.734 32.991 
-0.846 53.242 
-0.846 53.242 
-0.797 38.293 
-0.846 53.242 
-0.846 53.242 
-0.79 37.7 
-0.863 59.249 
-0.763 33.322 
-0.77 34.134 
-0.825 47.517 
-0.731 32.938 
-0.847 54.3 
