-0.888 69.837 
-0.888 69.837 
-0.709 28.621 
-0.721 29.239 
-0.88 64.67 
-0.758 33.031 
-0.732 32.471 
-0.871 63.527 
-0.734 32.986 
-0.805 41.809 
-0.857 58.517 
-0.798 38.302 
-0.863 59.247 
-0.827 46.953 
-0.855 54.631 
-0.839 52.32 
-0.822 43.246 
-0.838 48.711 
-0.782 37.166 
-0.773 34.049 
-0.88 64.67 
-0.871 63.527 
-0.711 29.132 
-0.854 53.94 
-0.863 59.247 
-0.816 42.344 
-0.782 37.166 
-0.773 34.049 
-0.841 52.568 
-0.846 53.239 
-0.82 43.007 
-0.808 42.209 
-0.862 58.557 
-0.827 46.953 
-0.837 48.424 
-0.763 33.317 
-0.822 43.246 
-0.855 54.631 
-0.772 33.844 
-0.845 53.059 
-0.816 42.344 
-0.79 37.657 
-0.768 33.597 
-0.763 33.317 
-0.786 37.456 
-0.833 48.07 
-0.783 37.412 
-0.854 53.94 
-0.846 53.239 
-0.829 47.637 
-0.786 37.456 
-0.766 33.501 
-0.792 37.845 
-0.795 38.032 
-0.845 53.059 
-0.768 33.597 
-0.766 33.501 
-0.807 42.167 
-0.833 48.07 
-0.711 29.132 
-0.838 48.711 
-0.829 47.637 
-0.734 32.986 
-0.807 42.167 
-0.839 52.32 
-0.772 33.844 
-0.831 47.914 
-0.83 47.684 
-0.79 37.657 
-0.821 43.202 
-0.795 38.032 
-0.792 37.845 
-0.797 38.262 
-0.796 38.092 
-0.832 48.053 
-0.831 47.914 
-0.808 42.209 
-0.791 37.763 
-0.791 37.763 
-0.796 38.092 
-0.83 47.684 
-0.821 43.202 
-0.783 37.412 
-0.862 58.557 
-0.797 38.262 
-0.832 48.053 
-0.711 29.132 
-0.888 69.837 
-0.88 64.67 
-0.863 59.247 
-0.782 37.166 
-0.773 34.049 
-0.827 46.953 
-0.822 43.246 
-0.855 54.631 
-0.816 42.344 
-0.854 53.94 
-0.846 53.239 
-0.786 37.456 
-0.768 33.597 
