-0.801 46.282 
-0.811 48.158 
-0.859 59.553 
-0.847 57.671 
-0.847 57.671 
-0.775 38.473 
-0.799 43.255 
-0.855 58.831 
-0.847 57.671 
-0.833 52.626 
-0.763 33.331 
-0.847 57.671 
-0.816 48.477 
-0.801 46.282 
-0.768 33.949 
-0.847 57.671 
-0.855 58.831 
-0.806 47.526 
-0.839 53.185 
-0.799 43.255 
-0.783 39.312 
-0.785 39.623 
-0.842 57.215 
-0.772 37.971 
-0.766 33.504 
-0.768 33.949 
-0.829 48.854 
-0.778 38.749 
-0.834 52.755 
-0.796 42.194 
-0.799 43.255 
-0.775 38.473 
-0.855 58.831 
-0.734 32.991 
-0.806 47.526 
-0.816 48.477 
-0.763 33.331 
