P=? [ F (x=9&y=9&crashed=0) ]	R{"cost"}=? [ C<=100 ]
-0.0	0.0
0.947	94.134
-0.0	0.0
0.947	94.134
0.626	19.749
0.626	19.749
0.938	93.291
0.937	79.201
0.711	23.315
0.912	67.607
0.891	52.679
0.833	40.336
0.909	62.388
0.861	45.543
0.882	51.868
0.895	56.77
0.832	36.247
0.935	78.47
0.881	47.842
0.928	74.346
0.926	73.231
0.919	69.133
0.907	62.097
0.711	23.315
0.901	58.136
0.856	41.792
0.723	27.111
0.718	24.146
0.741	28.591
0.809	31.992
0.812	34.763
0.765	29.467
0.918	67.704
0.849	40.39
0.77	30.351
0.919	69.133
0.788	30.377
0.8	30.797
0.883	52.165
0.826	35.55
0.935	78.47
0.871	47.102
0.927	73.776
0.928	74.346
0.79	30.64
0.945	93.319
0.926	73.231
0.869	46.635
0.817	35.358
0.731	27.25
0.813	35.067
0.765	29.467
0.741	28.591
0.901	58.136
0.736	27.569
0.879	47.285
0.808	31.805
0.9	57.667
0.878	47.149
0.865	46.465
0.862	45.926
0.856	41.792
0.853	41.361
0.899	57.347
0.907	62.097
0.829	35.889
0.937	79.201
0.852	40.747
0.739	28.07
0.718	24.146
0.716	23.826
0.802	31.281
0.769	30.102
0.716	23.826
0.805	31.401
0.739	28.07
0.898	56.978
0.881	47.842
0.851	40.739
0.726	27.229
0.767	29.751
0.895	56.77
0.812	34.763
0.723	27.111
0.817	35.358
0.909	62.388
0.768	29.792
0.853	41.361
0.946	93.75
0.734	27.541
0.864	46.176
0.809	31.992
0.946	93.75
0.832	36.247
0.805	31.401
0.725	27.212
0.864	46.176
0.789	30.625
0.828	35.761
0.734	27.541
