-0.874 52.676 
-0.678 25.8 
-0.874 52.676 
-0.678 25.8 
-0.865 47.189 
-0.873 52.316 
-0.803 35.253 
-0.848 42.652 
-0.855 46.142 
-0.822 37.029 
-0.79 31.537 
-0.829 40.222 
-0.745 29.912 
-0.706 26.846 
-0.777 30.774 
-0.692 26.149 
-0.707 27.102 
-0.718 28.189 
-0.734 29.564 
-0.761 30.323 
-0.692 26.149 
-0.734 29.564 
-0.679 25.927 
-0.79 31.537 
-0.789 31.415 
-0.806 35.759 
-0.815 36.594 
-0.718 28.189 
-0.761 30.323 
-0.844 42.225 
-0.863 46.714 
-0.77 30.385 
-0.855 46.142 
-0.716 27.931 
-0.822 37.029 
-0.829 40.222 
-0.831 40.958 
-0.716 27.931 
-0.839 41.425 
-0.811 35.855 
-0.83 40.497 
-0.847 42.529 
-0.741 29.883 
-0.863 46.714 
-0.836 41.352 
-0.739 29.766 
-0.841 41.712 
-0.789 31.415 
-0.775 30.74 
-0.836 41.352 
-0.772 30.695 
-0.841 41.712 
-0.831 40.958 
-0.739 29.766 
-0.812 36.186 
-0.814 36.475 
-0.813 36.207 
-0.679 25.927 
-0.77 30.385 
-0.772 30.695 
-0.814 36.475 
-0.811 35.855 
-0.813 36.207 
-0.812 36.186 
-0.874 52.676 
-0.692 26.149 
-0.718 28.189 
-0.761 30.323 
-0.79 31.537 
-0.822 37.029 
-0.829 40.222 
-0.863 46.714 
-0.789 31.415 
-0.836 41.352 
-0.831 40.958 
-0.739 29.766 
-0.679 25.927 
-0.772 30.695 
-0.77 30.385 
-0.814 36.475 
-0.813 36.207 
-0.812 36.186 
-0.811 35.855 
-0.874 52.676 
-0.718 28.189 
-0.679 25.927 
-0.79 31.537 
-0.829 40.222 
-0.692 26.149 
-0.836 41.352 
-0.831 40.958 
-0.739 29.766 
-0.77 30.385 
-0.814 36.475 
-0.813 36.207 
-0.811 35.855 
-0.77 30.385 
-0.836 41.352 
-0.77 30.385 
-0.831 40.958 
