-0.899 47.671 
-0.78 26.306 
-0.899 47.671 
-0.795 30.315 
-0.793 27.247 
-0.863 36.456 
-0.82 30.987 
-0.883 38.683 
-0.894 46.705 
-0.891 42.919 
-0.856 32.877 
-0.839 31.3 
-0.815 30.55 
-0.885 41.74 
-0.784 26.576 
-0.847 31.676 
-0.863 36.456 
-0.856 32.877 
-0.784 26.576 
-0.866 36.754 
-0.872 36.854 
-0.882 38.26 
-0.842 31.59 
-0.819 30.802 
-0.895 46.877 
-0.851 32.319 
-0.85 31.985 
-0.841 31.534 
-0.878 37.492 
-0.879 37.74 
-0.891 42.919 
-0.894 46.705 
-0.876 37.129 
-0.839 31.3 
-0.897 47.498 
-0.889 42.526 
-0.866 36.754 
-0.854 32.629 
-0.815 30.55 
-0.795 30.315 
-0.888 42.437 
-0.887 42.029 
-0.817 30.588 
-0.896 47.242 
-0.873 36.857 
-0.898 47.532 
-0.885 41.74 
-0.854 32.629 
-0.851 32.319 
-0.85 31.985 
-0.876 37.129 
-0.873 36.857 
-0.896 47.242 
-0.817 30.588 
-0.881 38.044 
-0.877 37.276 
-0.88 37.952 
-0.89 42.726 
-0.89 42.726 
-0.855 32.715 
-0.887 42.029 
-0.886 41.878 
-0.877 37.276 
-0.886 41.878 
-0.872 36.854 
-0.881 38.044 
-0.88 37.952 
-0.888 42.437 
-0.855 32.715 
-0.842 31.59 
-0.795 30.315 
-0.863 36.456 
-0.856 32.877 
-0.891 42.919 
-0.894 46.705 
-0.866 36.754 
-0.885 41.74 
-0.854 32.629 
-0.851 32.319 
-0.85 31.985 
-0.873 36.857 
-0.896 47.242 
-0.887 42.029 
-0.888 42.437 
-0.877 37.276 
-0.89 42.726 
-0.886 41.878 
-0.872 36.854 
-0.855 32.715 
-0.88 37.952 
-0.863 36.456 
-0.856 32.877 
-0.891 42.919 
-0.894 46.705 
-0.851 32.319 
-0.866 36.754 
-0.854 32.629 
-0.896 47.242 
-0.873 36.857 
-0.887 42.029 
