P=? [ F (x=9&y=9&crashed=0) ]	R{"cost"}=? [ C<=100 ]
0.602	20.0
0.87	52.341
0.602	20.0
0.678	24.421
0.648	21.283
0.851	46.467
0.863	47.277
0.869	51.629
0.823	40.36
0.792	34.918
0.846	42.576
0.791	31.617
0.822	37.073
0.65	21.296
0.65	21.296
0.685	24.951
0.71	25.188
0.754	29.963
0.752	27.453
0.764	30.065
0.782	30.481
0.86	46.504
0.832	40.507
0.745	26.451
0.648	21.283
0.733	26.066
0.805	35.842
0.82	36.643
0.869	51.629
0.764	30.065
0.815	35.87
0.756	30.021
0.799	34.942
0.861	47.223
0.838	41.618
0.804	35.731
0.845	42.466
0.719	25.941
0.843	41.701
0.837	41.318
0.837	41.318
0.733	26.066
0.816	35.933
0.863	47.277
0.844	41.836
0.832	40.507
0.725	25.952
0.801	35.251
0.846	42.576
0.729	26.001
0.801	35.251
0.851	46.467
0.745	26.451
0.712	25.253
0.816	35.933
0.782	30.481
0.75	27.178
0.748	26.778
0.751	27.426
0.79	31.519
0.75	27.178
0.68	24.437
0.71	25.188
0.715	25.6
0.715	25.6
0.788	31.234
0.786	30.923
0.712	25.253
0.822	37.073
0.821	36.776
0.683	24.78
0.728	25.982
0.726	25.97
0.747	26.713
0.786	30.923
0.783	30.488
0.682	24.68
0.788	31.234
0.718	25.823
0.685	24.951
0.716	25.704
0.682	24.68
0.748	26.778
0.747	26.713
0.785	30.786
0.784	30.607
0.789	31.354
0.752	27.453
0.823	40.36
0.799	34.942
0.754	29.963
0.785	30.786
0.68	24.437
0.844	41.836
0.821	36.776
0.789	31.354
0.718	25.823
0.784	30.607
0.716	25.704
0.684	24.847
