P=? [ F (x=9&y=9&crashed=0) ]	R{"cost"}=? [ C<=100 ]
0.677	20.935
0.929	89.896
0.677	20.935
0.929	89.896
0.928	74.768
0.927	58.803
0.73	24.436
0.926	58.603
0.918	53.929
0.758	26.785
0.774	28.832
0.831	35.799
0.907	52.183
0.901	48.095
0.897	46.928
0.884	43.305
0.852	37.595
0.821	34.899
0.73	24.436
0.884	43.305
0.897	46.928
0.844	35.886
0.862	40.923
0.877	41.947
0.852	37.595
0.758	26.785
0.866	41.277
0.793	29.997
0.803	30.487
0.819	32.283
0.862	40.923
0.918	53.929
0.783	29.406
0.81	30.972
0.91	53.028
0.926	58.603
0.774	28.832
0.754	26.721
0.776	28.954
0.805	30.696
0.901	48.095
0.826	35.234
0.789	29.564
0.784	29.436
0.812	31.37
0.751	25.978
0.916	53.344
0.907	52.183
0.882	42.303
0.877	41.947
0.748	25.708
0.899	47.326
0.9	47.815
0.909	52.687
0.828	35.538
0.753	26.096
0.744	25.429
0.883	43.171
0.917	53.441
0.848	36.906
0.748	25.708
0.74	25.097
0.863	41.015
0.908	52.279
0.793	29.997
0.737	24.999
0.816	31.664
0.846	36.294
0.845	35.974
0.866	41.277
0.823	35.005
0.88	42.289
0.85	37.029
0.88	42.289
0.742	25.376
0.744	25.429
0.814	31.645
0.847	36.383
0.733	24.662
0.823	35.005
0.803	30.487
0.804	30.674
0.736	24.821
0.776	28.954
0.734	24.784
0.791	29.764
0.849	36.94
0.775	28.866
0.818	32.186
0.817	31.806
0.731	24.462
0.74	25.097
0.819	32.283
0.865	41.186
0.85	37.029
0.829	35.623
0.742	25.376
0.916	53.344
0.735	24.818
0.898	47.023
