P=? [ F (x=9&y=9&crashed=0) ]	R{"cost"}=? [ C<=100 ]
0.89	51.329
0.671	23.481
0.671	23.481
0.89	51.329
0.708	23.636
0.889	51.025
0.883	46.776
0.88	45.613
0.874	41.406
0.755	30.2
0.828	31.679
0.829	34.966
0.863	40.19
0.856	36.935
0.721	26.221
0.776	30.222
0.721	26.221
0.806	30.494
0.688	23.494
0.776	30.222
0.793	30.485
0.727	27.315
0.693	23.603
0.824	31.224
0.793	30.485
0.811	31.121
0.708	23.636
0.748	29.155
0.845	35.466
0.747	28.385
0.836	35.367
0.864	40.485
0.863	40.19
0.748	29.155
0.735	27.437
0.871	40.898
0.883	46.776
0.889	51.025
0.874	41.406
0.852	36.363
0.88	45.613
0.852	36.363
0.846	35.519
0.856	36.935
0.755	30.2
0.727	27.315
0.846	35.519
0.882	46.472
0.881	45.822
0.743	27.949
0.693	23.603
0.688	23.494
0.74	27.682
0.736	27.539
0.745	28.347
0.81	30.939
0.853	36.663
0.835	35.326
0.831	35.178
0.871	40.898
0.864	40.485
0.827	31.557
0.809	30.82
0.824	31.224
0.827	31.557
0.809	30.82
0.882	46.472
0.873	41.104
0.741	27.818
0.744	28.194
0.881	45.822
0.855	36.86
0.872	41.096
0.855	36.86
0.853	36.663
0.83	35.139
0.829	34.966
0.744	28.194
0.835	35.326
0.831	35.178
0.74	27.682
0.736	27.539
0.741	27.818
0.735	27.437
0.811	31.121
0.845	35.466
0.836	35.367
0.83	35.139
0.873	41.104
0.872	41.096
0.89	51.329
0.721	26.221
0.776	30.222
0.708	23.636
0.863	40.19
0.748	29.155
0.889	51.025
0.874	41.406
0.88	45.613
0.852	36.363
