-0.837 55.672 
-0.671 23.689 
-0.837 55.672 
-0.671 23.689 
-0.822 50.423 
-0.788 43.078 
-0.764 34.601 
-0.674 27.009 
-0.718 29.666 
-0.718 29.666 
-0.692 27.377 
-0.777 38.262 
-0.738 30.067 
-0.809 45.723 
-0.813 49.488 
-0.758 33.707 
-0.787 39.759 
-0.672 23.751 
-0.742 30.565 
-0.81 48.612 
-0.758 33.707 
-0.742 30.565 
-0.689 27.016 
-0.803 44.019 
-0.804 44.052 
-0.777 38.262 
-0.692 27.377 
-0.809 45.723 
-0.781 39.017 
-0.784 39.336 
-0.812 48.692 
-0.803 44.019 
-0.779 38.326 
-0.74 30.105 
-0.738 30.067 
-0.763 34.167 
-0.78 38.745 
-0.741 30.513 
-0.76 33.795 
-0.78 38.745 
-0.672 23.751 
-0.787 39.759 
-0.786 39.538 
-0.762 34.156 
-0.761 33.952 
-0.674 27.009 
-0.691 27.191 
-0.785 39.497 
-0.761 33.952 
-0.691 27.191 
-0.69 27.052 
-0.76 33.795 
-0.81 48.612 
-0.812 48.692 
-0.779 38.326 
-0.741 30.513 
-0.786 39.538 
-0.785 39.497 
-0.74 30.105 
-0.69 27.052 
-0.763 34.167 
-0.762 34.156 
-0.689 27.016 
-0.671 23.689 
-0.837 55.672 
-0.718 29.666 
-0.758 33.707 
-0.742 30.565 
-0.777 38.262 
-0.809 45.723 
-0.803 44.019 
-0.738 30.067 
-0.78 38.745 
-0.672 23.751 
-0.761 33.952 
-0.691 27.191 
-0.812 48.692 
-0.786 39.538 
-0.785 39.497 
-0.74 30.105 
-0.69 27.052 
-0.689 27.016 
-0.837 55.672 
-0.718 29.666 
-0.672 23.751 
-0.689 27.016 
-0.758 33.707 
-0.777 38.262 
-0.809 45.723 
-0.738 30.067 
-0.78 38.745 
-0.761 33.952 
-0.691 27.191 
-0.786 39.538 
-0.785 39.497 
-0.69 27.052 
-0.837 55.672 
-0.718 29.666 
-0.672 23.751 
-0.758 33.707 
