-0.803 50.644 
-0.683 29.075 
-0.821 59.32 
-0.732 30.667 
-0.694 30.167 
-0.638 27.575 
-0.812 54.568 
-0.761 35.938 
-0.638 27.575 
-0.683 29.075 
-0.638 27.575 
-0.638 27.575 
-0.755 34.624 
-0.67 28.191 
-0.749 34.108 
-0.802 44.588 
-0.766 39.694 
-0.637 27.259 
-0.77 39.929 
-0.72 30.479 
-0.741 34.062 
-0.765 38.427 
-0.821 59.32 
-0.766 39.694 
-0.803 50.644 
-0.638 27.575 
-0.782 40.312 
-0.638 27.575 
-0.811 54.125 
-0.755 34.624 
-0.786 44.274 
-0.812 54.568 
-0.787 44.581 
-0.802 44.588 
-0.713 30.263 
-0.638 27.575 
-0.755 34.624 
-0.762 36.113 
