-0.694 30.167 
-0.67 28.191 
-0.749 34.108 
-0.765 38.427 
-0.782 40.312 
-0.64 27.285 
-0.764 36.363 
-0.765 38.427 
-0.81 50.185 
-0.782 40.312 
-0.748 34.089 
-0.765 38.427 
-0.779 40.227 
-0.692 30.046 
-0.734 30.526 
-0.764 36.363 
-0.821 59.318 
-0.828 59.47 
-0.67 28.191 
-0.778 38.724 
-0.782 40.312 
-0.718 30.184 
-0.765 38.427 
-0.639 27.226 
-0.72 30.201 
-0.64 27.285 
-0.747 33.796 
-0.763 36.327 
-0.748 34.089 
-0.782 40.312 
-0.804 44.226 
-0.808 48.686 
-0.756 34.473 
-0.694 30.167 
-0.762 35.888 
-0.673 28.386 
-0.765 38.427 
-0.782 40.312 
-0.761 35.833 
-0.67 28.191 
-0.785 44.097 
-0.754 34.166 
-0.764 36.363 
-0.656 27.542 
-0.639 27.226 
-0.722 30.477 
-0.746 33.777 
-0.747 33.796 
-0.672 28.349 
-0.817 53.405 
-0.778 38.724 
-0.718 30.184 
-0.683 29.066 
-0.748 34.089 
-0.782 40.312 
-0.694 30.167 
-0.821 59.318 
