-0.749 34.108 
-0.765 38.427 
-0.764 36.363 
-0.765 38.427 
-0.765 38.427 
-0.764 36.363 
-0.821 59.318 
-0.765 38.427 
-0.747 33.796 
-0.763 36.327 
-0.804 44.226 
-0.808 48.686 
-0.756 34.473 
-0.765 38.427 
-0.764 36.363 
-0.746 33.777 
-0.747 33.796 
-0.821 59.318 
-0.783 39.479 
-0.747 33.796 
-0.764 36.363 
-0.787 40.555 
-0.69 28.732 
-0.808 48.686 
-0.765 38.427 
-0.747 33.796 
-0.804 44.226 
-0.765 38.427 
-0.781 39.312 
-0.747 33.796 
-0.749 34.108 
-0.765 38.427 
-0.762 35.756 
-0.781 39.312 
-0.765 38.427 
-0.764 36.363 
-0.828 59.399 
-0.754 34.161 
-0.765 38.427 
-0.783 39.479 
-0.747 33.796 
-0.765 38.427 
-0.764 36.363 
-0.787 40.555 
-0.764 36.363 
-0.747 33.796 
-0.738 30.101 
-0.787 40.555 
-0.803 44.023 
-0.707 29.712 
-0.783 39.479 
-0.747 33.796 
-0.749 34.108 
-0.763 36.327 
-0.783 39.479 
-0.747 33.796 
-0.747 33.796 
-0.817 50.797 
-0.68 27.101 
-0.787 40.555 
-0.787 40.555 
-0.756 34.473 
-0.81 50.048 
-0.76 35.571 
-0.747 33.796 
-0.714 29.881 
-0.764 36.363 
-0.765 38.427 
-0.783 39.479 
-0.803 44.023 
-0.821 59.318 
-0.747 33.796 
-0.747 33.796 
-0.754 34.161 
-0.783 39.479 
-0.765 38.427 
-0.747 33.796 
-0.748 33.983 
-0.748 33.983 
-0.785 40.3 
-0.778 38.585 
-0.764 36.363 
-0.69 28.732 
-0.821 59.318 
-0.746 33.777 
-0.808 48.686 
-0.765 38.427 
-0.828 59.399 
-0.69 28.732 
-0.747 33.796 
-0.672 23.766 
