-0.899 48.005 
-0.755 26.473 
-0.761 26.759 
-0.815 30.539 
-0.889 42.339 
-0.892 46.472 
-0.859 36.463 
-0.883 41.567 
-0.88 37.828 
-0.815 30.539 
-0.856 32.963 
-0.82 30.945 
-0.837 31.181 
-0.873 36.796 
-0.864 36.69 
-0.847 31.676 
-0.756 26.504 
-0.76 26.75 
-0.86 36.595 
-0.841 31.511 
-0.895 46.772 
-0.886 41.86 
-0.853 32.332 
-0.856 32.963 
-0.88 37.828 
-0.897 47.122 
-0.819 30.801 
-0.864 36.69 
-0.892 46.472 
-0.883 41.567 
-0.85 31.984 
-0.847 31.676 
-0.898 47.583 
-0.876 37.112 
-0.898 47.583 
-0.873 36.796 
-0.878 37.495 
-0.854 32.58 
-0.854 32.58 
-0.851 32.194 
-0.897 47.122 
-0.888 42.201 
-0.878 37.495 
-0.876 37.112 
-0.85 31.984 
-0.816 30.592 
-0.888 42.201 
-0.877 37.241 
-0.817 30.678 
-0.894 46.699 
-0.885 41.792 
-0.894 46.699 
-0.885 41.792 
-0.839 31.398 
-0.838 31.205 
-0.841 31.511 
-0.851 32.194 
-0.877 37.241 
-0.817 30.678 
-0.84 31.47 
-0.839 31.398 
-0.84 31.47 
-0.838 31.205 
-0.864 36.69 
-0.88 37.828 
-0.883 41.567 
-0.898 47.583 
-0.873 36.796 
-0.856 32.963 
-0.878 37.495 
-0.894 46.699 
-0.885 41.792 
-0.817 30.678 
-0.839 31.398 
-0.88 37.828 
-0.883 41.567 
-0.873 36.796 
-0.898 47.583 
-0.878 37.495 
-0.885 41.792 
-0.839 31.398 
-0.894 46.699 
-0.88 37.828 
-0.883 41.567 
-0.873 36.796 
-0.885 41.792 
-0.894 46.699 
-0.88 37.828 
-0.883 41.567 
-0.873 36.796 
-0.885 41.792 
-0.894 46.699 
-0.88 37.828 
-0.894 46.699 
-0.88 37.828 
-0.88 37.828 
-0.88 37.828 
-0.88 37.828 
-0.894 46.699 
-0.88 37.828 
