-0.899 48.005 
-0.899 48.005 
-0.755 26.468 
-0.755 26.468 
-0.761 26.756 
-0.815 30.539 
-0.892 46.472 
-0.889 42.339 
-0.881 38.208 
-0.815 30.539 
-0.857 36.245 
-0.883 41.548 
-0.856 32.963 
-0.82 30.945 
-0.837 31.169 
-0.873 36.796 
-0.864 36.69 
-0.841 31.51 
-0.846 31.639 
-0.76 26.75 
-0.853 32.321 
-0.86 36.595 
-0.817 30.587 
-0.864 36.69 
-0.892 46.472 
-0.85 31.984 
-0.896 46.91 
-0.887 41.998 
-0.756 26.503 
-0.879 37.508 
-0.898 47.583 
-0.897 47.122 
-0.889 42.339 
-0.898 47.583 
-0.88 37.828 
-0.838 31.204 
-0.851 32.194 
-0.847 31.676 
-0.884 41.635 
-0.88 37.828 
-0.85 31.984 
-0.847 31.676 
-0.819 30.797 
-0.874 36.939 
-0.859 36.463 
-0.876 37.112 
-0.878 37.495 
-0.877 37.241 
-0.854 32.571 
-0.856 32.963 
-0.855 32.715 
-0.756 26.503 
-0.883 41.548 
-0.894 46.699 
-0.837 31.169 
-0.82 30.945 
-0.894 46.699 
-0.859 36.463 
-0.857 36.245 
-0.897 47.122 
-0.818 30.795 
-0.888 42.201 
-0.839 31.398 
-0.876 37.112 
-0.874 36.939 
-0.855 32.715 
-0.854 32.571 
-0.895 46.772 
-0.886 41.86 
-0.888 42.201 
-0.886 41.86 
-0.885 41.723 
-0.877 37.241 
-0.851 32.194 
-0.873 36.796 
-0.86 36.595 
-0.885 41.723 
-0.895 46.772 
-0.84 31.459 
-0.839 31.398 
-0.84 31.459 
-0.878 37.495 
-0.818 30.795 
-0.815 30.539 
-0.88 37.828 
-0.864 36.69 
-0.892 46.472 
-0.889 42.339 
-0.898 47.583 
-0.85 31.984 
-0.847 31.676 
-0.856 32.963 
-0.756 26.503 
-0.82 30.945 
-0.894 46.699 
-0.859 36.463 
-0.885 41.723 
-0.876 37.112 
-0.874 36.939 
-0.855 32.715 
