-0.847 38.487 
-0.91 55.277 
-0.889 40.389 
-0.889 40.389 
-0.889 40.389 
-0.847 38.487 
-0.847 38.487 
-0.899 49.715 
-0.889 40.389 
-0.847 38.487 
-0.811 33.073 
-0.847 38.487 
-0.9 50.309 
-0.83 38.183 
-0.847 38.487 
-0.847 38.487 
-0.847 38.487 
-0.917 55.4 
-0.847 38.487 
-0.865 38.897 
-0.91 55.277 
-0.889 40.389 
-0.889 40.389 
-0.9 50.309 
-0.866 39.248 
-0.917 55.4 
-0.889 40.389 
-0.889 40.389 
-0.91 55.277 
-0.83 38.183 
-0.91 55.277 
-0.889 40.389 
-0.899 49.715 
-0.889 40.389 
-0.899 49.715 
-0.847 38.487 
-0.899 49.715 
-0.865 38.897 
-0.847 38.487 
-0.847 38.487 
-0.847 38.487 
-0.889 40.389 
-0.889 40.389 
-0.9 50.309 
-0.91 55.277 
-0.865 38.897 
-0.917 55.4 
-0.889 40.389 
-0.847 38.487 
-0.815 33.552 
-0.828 35.435 
-0.889 40.389 
-0.847 38.487 
-0.811 33.073 
-0.91 55.277 
-0.91 55.277 
-0.82 34.824 
-0.91 55.277 
-0.888 40.251 
-0.848 38.619 
-0.899 49.715 
-0.908 50.411 
-0.898 45.53 
-0.888 40.251 
-0.9 50.309 
-0.83 38.183 
-0.889 40.389 
-0.888 40.251 
-0.848 38.619 
-0.91 55.277 
-0.865 38.897 
-0.91 55.277 
-0.899 49.715 
-0.847 38.487 
-0.9 50.309 
-0.865 38.897 
-0.917 55.4 
-0.889 40.389 
-0.899 49.715 
-0.847 38.487 
-0.889 40.389 
-0.91 55.277 
-0.91 55.277 
-0.89 40.745 
-0.919 56.267 
-0.91 55.277 
-0.889 40.389 
-0.917 55.4 
-0.847 38.487 
-0.847 38.487 
