-0.658 26.528 
-0.844 53.032 
-0.835 52.466 
-0.829 47.404 
-0.806 45.511 
-0.752 32.885 
-0.803 41.856 
-0.79 40.568 
-0.782 37.038 
-0.764 35.46 
-0.724 31.126 
-0.7 28.503 
-0.723 30.975 
-0.692 27.511 
-0.741 31.355 
-0.706 30.43 
-0.675 27.226 
-0.764 35.46 
-0.772 36.174 
-0.705 30.321 
-0.666 27.144 
-0.818 46.22 
-0.675 27.226 
-0.816 45.877 
-0.79 40.568 
-0.781 36.876 
-0.835 52.466 
-0.825 46.437 
-0.782 37.038 
-0.666 27.144 
-0.801 41.47 
-0.829 47.404 
-0.77 36.085 
-0.781 36.876 
-0.705 30.321 
-0.793 40.906 
-0.806 45.511 
-0.77 36.085 
-0.827 46.834 
-0.696 28.112 
-0.694 27.631 
-0.793 40.906 
-0.723 30.975 
-0.706 30.43 
-0.741 31.355 
-0.817 45.964 
-0.828 47.316 
-0.744 31.471 
-0.797 41.283 
-0.692 27.511 
-0.827 46.834 
-0.796 41.28 
-0.816 45.877 
-0.825 46.437 
-0.698 28.131 
-0.75 32.501 
-0.749 32.163 
-0.751 32.549 
-0.801 41.47 
-0.748 32.14 
-0.796 41.28 
-0.694 27.631 
-0.747 32.009 
-0.746 31.759 
-0.699 28.333 
-0.797 41.283 
-0.745 31.644 
-0.699 28.333 
-0.696 28.112 
-0.747 32.009 
-0.744 31.471 
-0.746 31.759 
-0.745 31.644 
-0.828 47.316 
-0.771 36.089 
-0.751 32.549 
-0.75 32.501 
-0.749 32.163 
-0.698 28.131 
-0.771 36.089 
-0.764 35.46 
-0.675 27.226 
-0.79 40.568 
-0.782 37.038 
-0.666 27.144 
-0.829 47.404 
-0.781 36.876 
-0.705 30.321 
-0.806 45.511 
-0.77 36.085 
-0.723 30.975 
-0.706 30.43 
-0.741 31.355 
-0.827 46.834 
-0.825 46.437 
-0.801 41.47 
-0.796 41.28 
-0.694 27.631 
-0.696 28.112 
-0.749 32.163 
