-0.715 25.941 
-0.928 49.504 
-0.928 49.504 
-0.715 25.941 
-0.773 26.068 
-0.924 48.384 
-0.919 44.584 
-0.889 36.521 
-0.885 33.203 
-0.825 27.476 
-0.904 41.813 
-0.817 27.411 
-0.79 26.723 
-0.902 38.967 
-0.827 30.123 
-0.869 31.382 
-0.833 30.616 
-0.849 30.72 
-0.784 26.684 
-0.817 27.411 
-0.79 26.723 
-0.9 38.097 
-0.859 30.731 
-0.849 30.72 
-0.889 36.521 
-0.927 48.748 
-0.911 43.798 
-0.778 26.341 
-0.892 37.205 
-0.778 26.341 
-0.862 30.894 
-0.91 43.055 
-0.865 30.939 
-0.918 44.254 
-0.898 37.771 
-0.885 33.203 
-0.901 38.716 
-0.773 26.068 
-0.909 42.795 
-0.908 42.257 
-0.894 37.391 
-0.898 37.771 
-0.894 37.391 
-0.874 31.767 
-0.904 41.813 
-0.883 32.881 
-0.892 37.205 
-0.874 31.767 
-0.878 32.136 
-0.876 32.08 
-0.865 30.939 
-0.914 43.905 
-0.881 32.724 
-0.927 48.748 
-0.907 42.175 
-0.902 38.967 
-0.918 44.254 
-0.914 43.905 
-0.828 30.245 
-0.831 30.573 
-0.828 30.245 
-0.907 42.175 
-0.879 32.409 
-0.875 31.81 
-0.883 32.881 
-0.91 43.055 
-0.909 42.795 
-0.88 32.465 
-0.901 38.716 
-0.827 30.123 
-0.859 30.731 
-0.831 30.573 
-0.825 27.476 
-0.881 32.724 
-0.913 43.865 
-0.833 30.616 
-0.908 42.257 
-0.913 43.865 
-0.911 43.798 
-0.878 32.136 
-0.88 32.465 
-0.879 32.409 
-0.876 32.08 
-0.875 31.81 
-0.832 30.574 
-0.832 30.574 
-0.715 25.941 
-0.928 49.504 
-0.817 27.411 
-0.79 26.723 
-0.849 30.72 
-0.889 36.521 
-0.885 33.203 
-0.773 26.068 
-0.898 37.771 
-0.904 41.813 
-0.865 30.939 
-0.927 48.748 
-0.902 38.967 
-0.918 44.254 
