-0.644 23.134 
-0.82 50.507 
-0.82 50.507 
-0.81 49.699 
-0.777 38.598 
-0.804 44.575 
-0.757 33.913 
-0.767 35.0 
-0.745 31.073 
-0.715 29.533 
-0.79 40.474 
-0.799 44.072 
-0.734 29.944 
-0.681 26.052 
-0.673 23.962 
-0.664 23.644 
-0.652 23.364 
-0.662 23.491 
-0.79 40.474 
-0.681 26.052 
-0.799 44.072 
-0.804 44.575 
-0.781 38.893 
-0.673 23.962 
-0.672 23.915 
-0.7 28.624 
-0.693 27.573 
-0.708 29.132 
-0.645 23.278 
-0.652 23.364 
-0.7 28.624 
-0.693 27.573 
-0.801 44.201 
-0.71 29.436 
-0.812 50.014 
-0.734 29.944 
-0.702 28.836 
-0.817 50.199 
-0.761 34.145 
-0.685 26.352 
-0.692 27.386 
-0.688 26.97 
-0.738 30.163 
-0.811 49.741 
-0.708 29.132 
-0.763 34.418 
-0.739 30.293 
-0.692 27.386 
-0.688 26.97 
-0.765 34.586 
-0.761 34.145 
-0.788 40.275 
-0.742 30.522 
-0.74 30.425 
-0.819 50.38 
-0.763 34.418 
-0.685 26.352 
-0.702 28.836 
-0.8 44.113 
-0.672 23.915 
-0.686 26.621 
-0.783 39.385 
-0.782 39.126 
-0.71 29.436 
-0.766 34.836 
-0.782 39.126 
-0.784 39.616 
-0.787 40.044 
-0.783 39.385 
-0.785 39.846 
-0.784 39.616 
-0.738 30.163 
-0.744 30.911 
-0.743 30.705 
-0.788 40.275 
-0.701 28.82 
-0.817 50.199 
-0.812 50.014 
-0.743 30.705 
-0.687 26.792 
-0.686 26.621 
-0.687 26.792 
-0.765 34.586 
-0.766 34.836 
-0.787 40.044 
-0.786 39.88 
-0.744 30.911 
-0.818 50.33 
-0.662 23.491 
-0.663 23.541 
-0.645 23.278 
-0.741 30.493 
-0.818 50.33 
-0.663 23.541 
-0.786 39.88 
-0.785 39.846 
-0.741 30.493 
-0.701 28.82 
-0.82 50.507 
-0.79 40.474 
