-0.644 23.134 
-0.82 50.507 
-0.82 50.507 
-0.644 23.134 
-0.804 44.341 
-0.777 38.551 
-0.81 49.699 
-0.799 44.072 
-0.79 40.474 
-0.767 34.993 
-0.757 33.913 
-0.737 29.925 
-0.719 29.874 
-0.745 31.073 
-0.645 23.278 
-0.661 23.308 
-0.757 33.913 
-0.68 25.838 
-0.673 23.96 
-0.745 31.073 
-0.767 34.993 
-0.79 40.474 
-0.714 29.384 
-0.811 49.7 
-0.818 49.944 
-0.668 23.365 
-0.799 44.072 
-0.673 23.96 
-0.68 25.838 
-0.693 27.573 
-0.7 28.624 
-0.781 38.857 
-0.708 29.128 
-0.7 28.624 
-0.693 27.573 
-0.708 29.128 
-0.661 23.308 
-0.785 39.483 
-0.762 34.136 
-0.702 28.836 
-0.669 23.543 
-0.81 49.699 
-0.788 40.275 
-0.688 26.97 
-0.692 27.386 
-0.787 39.783 
-0.672 23.731 
-0.765 34.56 
-0.685 26.352 
-0.715 29.533 
-0.783 39.312 
-0.802 44.33 
-0.739 30.145 
-0.692 27.386 
-0.688 26.97 
-0.819 50.337 
-0.681 26.052 
-0.742 30.522 
-0.701 28.776 
-0.789 40.303 
-0.718 29.838 
-0.718 29.838 
-0.715 29.533 
-0.782 39.011 
-0.787 39.783 
-0.764 34.491 
-0.702 28.836 
-0.8 44.113 
-0.763 34.418 
-0.766 34.836 
-0.74 30.42 
-0.686 26.621 
-0.741 30.493 
-0.818 49.944 
-0.683 26.295 
-0.681 26.052 
-0.762 34.136 
-0.739 30.145 
-0.684 26.298 
-0.744 30.91 
-0.743 30.705 
-0.687 26.774 
-0.672 23.731 
-0.743 30.705 
-0.783 39.312 
-0.819 50.337 
-0.744 30.91 
-0.683 26.295 
-0.766 34.836 
-0.782 39.011 
-0.686 26.621 
-0.687 26.774 
-0.801 44.201 
-0.801 44.201 
-0.763 34.418 
-0.74 30.42 
-0.82 50.507 
-0.644 23.134 
-0.757 33.913 
-0.79 40.474 
