P=? [ F (x=9&y=9&crashed=0) ]	R{"cost"}=? [ C<=100 ]
0.671	20.653
0.881	51.707
0.671	20.653
0.864	47.085
0.693	24.105
0.807	34.389
0.722	25.739
0.86	44.964
0.847	41.301
0.834	39.687
0.824	36.128
0.673	20.695
0.745	26.018
0.86	44.964
0.673	20.695
0.693	24.105
0.8	31.571
0.765	29.54
0.784	30.168
0.753	26.94
0.864	47.085
0.847	41.301
0.755	28.87
0.699	24.127
0.861	46.555
0.836	40.292
0.824	36.128
0.834	39.687
0.784	30.168
0.807	34.389
0.843	40.294
0.816	34.814
0.721	25.134
0.8	31.571
0.712	24.237
0.706	24.213
0.79	30.191
0.706	24.213
0.763	29.294
0.845	40.79
0.714	24.646
0.794	30.667
0.758	29.181
0.844	40.517
0.765	29.54
0.713	24.293
0.716	24.841
0.82	35.536
0.719	24.913
0.798	31.22
0.835	39.795
0.863	46.995
0.745	26.018
0.816	34.814
0.823	36.004
0.752	26.668
0.747	26.287
0.817	34.864
0.757	29.102
0.715	24.827
0.819	35.235
0.846	41.084
0.722	25.739
0.799	31.483
0.747	26.287
0.862	46.741
0.822	35.852
0.821	35.605
0.792	30.45
0.755	28.87
0.752	26.668
0.75	26.443
0.719	24.913
0.792	30.45
0.846	41.084
0.818	35.074
0.797	31.132
0.796	30.943
0.75	26.443
0.749	26.402
0.862	46.741
0.861	46.555
0.795	30.829
0.819	35.235
0.791	30.352
0.818	35.074
0.764	29.45
0.756	28.949
0.822	35.852
0.749	26.402
0.796	30.943
0.795	30.829
0.763	29.294
0.758	29.181
0.835	39.795
0.791	30.352
0.764	29.45
0.799	31.483
0.797	31.132
0.756	28.949
