P=? [ F (x=9&y=9&crashed=0) ]	R{"cost"}=? [ C<=100 ]
-0.0	0.0
0.948	116.521
-0.0	0.0
0.948	116.521
0.713	26.465
0.713	26.465
0.927	64.931
0.928	84.828
0.947	101.342
0.926	55.3
0.883	37.999
0.744	27.627
0.946	95.63
0.938	90.339
0.947	101.342
0.79	30.697
0.908	48.786
0.895	42.977
0.946	95.63
0.938	90.339
0.926	55.3
0.918	50.077
0.937	85.17
0.831	37.162
0.9	44.092
0.743	26.507
0.862	37.187
0.799	31.233
0.82	35.728
0.79	30.697
0.744	27.627
0.817	33.204
0.895	42.977
0.868	37.774
0.82	35.728
0.899	44.0
0.883	37.999
0.908	48.786
0.809	32.594
0.809	32.594
0.831	37.162
0.916	49.486
0.918	50.077
0.791	30.829
0.936	85.073
0.9	44.092
0.916	49.486
0.867	37.714
0.815	33.177
0.864	37.545
0.791	30.829
0.812	32.847
0.917	49.819
0.812	32.847
0.817	33.204
0.815	33.177
0.917	49.819
0.936	85.073
0.928	84.828
0.811	32.755
0.863	37.354
0.864	37.545
0.863	37.354
0.811	32.755
0.937	85.17
0.743	26.507
0.948	116.521
-0.0	0.0
0.713	26.465
0.947	101.342
0.946	95.63
0.938	90.339
0.79	30.697
0.744	27.627
0.9	44.092
0.82	35.728
0.883	37.999
0.908	48.786
0.809	32.594
0.831	37.162
0.918	50.077
0.916	49.486
0.791	30.829
0.812	32.847
0.817	33.204
0.815	33.177
0.936	85.073
0.928	84.828
0.864	37.545
0.863	37.354
0.937	85.17
0.743	26.507
0.948	116.521
-0.0	0.0
0.713	26.465
0.947	101.342
0.946	95.63
0.938	90.339
0.79	30.697
0.744	27.627
