P=? [ F (x=9&y=9&crashed=0) ]	R{"cost"}=? [ C<=100 ]
0.853	76.234
0.629	33.841
0.629	33.841
0.853	76.234
0.655	33.966
0.693	37.185
0.655	33.966
0.831	65.793
0.829	60.891
0.851	75.803
0.845	70.932
0.843	70.322
0.697	37.312
0.72	37.401
0.837	66.874
0.693	37.185
0.795	51.097
0.812	55.227
0.755	42.493
0.753	40.477
0.748	39.487
0.643	33.889
0.813	57.346
0.63	33.843
0.774	47.444
0.798	52.861
0.644	33.891
0.772	46.037
0.74	38.621
0.815	58.415
0.727	37.57
0.771	44.374
0.772	46.037
0.845	70.932
0.74	38.621
0.837	66.874
0.851	75.803
0.737	38.147
0.72	37.401
0.793	50.339
0.79	49.155
0.767	43.808
0.813	57.346
0.779	47.519
0.782	47.794
0.753	40.477
0.763	43.318
0.732	37.995
0.804	53.793
0.802	53.648
0.821	59.335
0.759	42.961
0.759	42.961
0.8	53.144
0.835	66.253
0.749	39.669
0.73	37.828
0.749	39.669
0.785	48.149
0.801	53.304
0.829	60.891
0.828	60.387
0.807	54.305
0.793	50.339
0.798	52.861
0.819	58.866
0.755	42.493
0.79	49.155
0.77	44.125
0.852	76.09
0.805	54.178
0.766	43.621
0.825	59.79
0.824	59.625
0.832	66.116
0.819	58.866
0.817	58.517
0.808	54.486
0.737	38.147
0.833	66.145
0.831	65.793
0.787	48.626
0.81	54.937
0.821	59.335
0.794	50.625
0.762	43.229
0.789	48.89
0.779	47.519
0.828	60.387
0.826	59.989
0.826	59.989
0.728	37.757
0.844	70.565
0.783	47.95
0.732	37.995
0.836	66.577
0.786	48.304
0.77	44.125
0.695	37.188
0.766	43.621
