-0.665 24.197 
-0.869 51.512 
-0.665 24.197 
-0.739 26.062 
-0.863 47.404 
-0.85 45.28 
-0.846 41.428 
-0.689 24.46 
-0.833 39.94 
-0.829 36.456 
-0.716 25.388 
-0.712 25.124 
-0.689 24.46 
-0.755 29.161 
-0.761 31.05 
-0.78 31.281 
-0.783 31.865 
-0.799 34.389 
-0.783 31.865 
-0.822 35.396 
-0.805 35.243 
-0.799 34.389 
-0.755 29.161 
-0.855 46.277 
-0.851 46.057 
-0.838 40.342 
-0.85 45.28 
-0.716 25.388 
-0.712 25.124 
-0.758 29.586 
-0.858 46.858 
-0.834 40.217 
-0.76 30.496 
-0.863 47.404 
-0.826 35.798 
-0.829 36.456 
-0.803 34.62 
-0.76 30.496 
-0.833 39.94 
-0.828 36.15 
-0.842 40.74 
-0.804 35.176 
-0.846 41.428 
-0.827 35.978 
-0.758 29.586 
-0.824 35.513 
-0.781 31.563 
-0.842 40.74 
-0.861 47.004 
-0.756 29.269 
-0.781 31.563 
-0.822 35.396 
-0.859 46.903 
-0.824 35.513 
-0.845 41.297 
-0.844 41.05 
-0.756 29.269 
-0.86 46.989 
-0.78 31.281 
-0.761 31.05 
-0.862 47.225 
-0.862 47.225 
-0.843 40.919 
-0.805 35.243 
-0.844 41.05 
-0.845 41.297 
-0.843 40.919 
-0.8 34.508 
-0.804 35.176 
-0.801 34.56 
-0.8 34.508 
-0.802 34.609 
-0.801 34.56 
-0.802 34.609 
-0.665 24.197 
-0.689 24.46 
-0.783 31.865 
-0.755 29.161 
-0.85 45.28 
-0.716 25.388 
-0.712 25.124 
-0.863 47.404 
-0.76 30.496 
-0.833 39.94 
-0.829 36.456 
-0.842 40.74 
-0.758 29.586 
-0.781 31.563 
-0.824 35.513 
-0.756 29.269 
-0.78 31.281 
-0.761 31.05 
-0.862 47.225 
-0.805 35.243 
-0.844 41.05 
-0.843 40.919 
-0.804 35.176 
-0.8 34.508 
-0.802 34.609 
-0.801 34.56 
