-0.836 67.021 
-0.664 26.542 
-0.828 61.646 
-0.685 27.754 
-0.829 66.819 
-0.668 26.612 
-0.798 46.546 
-0.803 50.748 
-0.819 55.836 
-0.768 40.205 
-0.729 33.16 
-0.822 56.793 
-0.814 51.928 
-0.782 41.792 
-0.79 45.595 
-0.783 44.665 
-0.703 30.602 
-0.715 31.655 
-0.758 37.603 
-0.693 30.134 
-0.758 37.603 
-0.687 29.95 
-0.722 32.385 
-0.745 35.984 
-0.722 32.385 
-0.78 41.393 
-0.756 37.207 
-0.798 46.546 
-0.805 51.262 
-0.733 34.926 
-0.738 35.804 
-0.775 41.07 
-0.751 37.027 
-0.704 30.89 
-0.71 30.997 
-0.812 51.549 
-0.822 56.793 
-0.814 51.928 
-0.835 66.968 
-0.788 45.187 
-0.688 30.079 
-0.712 31.447 
-0.82 56.21 
-0.784 44.798 
-0.749 36.398 
-0.773 40.594 
-0.821 56.607 
-0.746 36.321 
-0.733 34.926 
-0.735 35.39 
-0.692 30.131 
-0.734 35.004 
-0.711 31.278 
-0.771 40.578 
-0.813 51.577 
-0.786 45.084 
-0.804 50.832 
-0.75 36.793 
-0.687 29.95 
-0.774 40.94 
-0.786 45.084 
-0.805 51.262 
-0.812 51.549 
-0.75 36.793 
-0.737 35.585 
-0.738 35.804 
-0.77 40.448 
-0.769 40.283 
-0.835 66.968 
-0.829 66.819 
-0.77 40.448 
-0.774 40.94 
-0.71 30.997 
-0.704 30.89 
-0.737 35.585 
-0.736 35.48 
-0.736 35.48 
-0.804 50.832 
-0.769 40.283 
-0.749 36.398 
-0.746 36.321 
-0.692 30.131 
-0.687 29.95 
-0.758 37.603 
-0.798 46.546 
-0.804 50.832 
-0.822 56.793 
-0.814 51.928 
-0.733 34.926 
-0.786 45.084 
-0.805 51.262 
-0.812 51.549 
-0.75 36.793 
-0.738 35.804 
-0.692 30.131 
-0.835 66.968 
-0.829 66.819 
-0.77 40.448 
-0.774 40.94 
-0.71 30.997 
