-0.704 30.896 
-0.836 67.108 
-0.806 52.043 
-0.704 30.896 
-0.704 30.896 
-0.704 30.896 
-0.82 56.35 
-0.734 35.195 
-0.79 46.641 
-0.828 61.733 
-0.805 51.273 
-0.805 51.273 
-0.704 30.896 
-0.751 37.317 
-0.687 29.956 
-0.828 61.733 
-0.822 56.793 
-0.736 36.364 
-0.751 37.317 
-0.733 34.932 
-0.704 30.896 
-0.704 30.896 
-0.687 29.956 
-0.687 29.956 
-0.704 30.896 
-0.746 36.551 
-0.783 44.666 
-0.829 67.009 
-0.805 51.273 
-0.71 31.014 
-0.765 40.803 
-0.79 46.641 
-0.774 40.945 
-0.729 33.162 
-0.806 52.043 
-0.704 30.896 
-0.829 67.009 
-0.704 30.896 
-0.822 56.793 
-0.704 30.896 
-0.828 61.733 
-0.714 32.334 
-0.704 30.896 
-0.829 67.009 
-0.828 61.733 
-0.791 50.129 
-0.704 30.896 
-0.704 30.896 
-0.786 45.225 
-0.704 30.896 
-0.704 30.896 
-0.806 52.043 
-0.704 30.896 
-0.759 40.786 
-0.829 67.009 
-0.782 41.803 
-0.704 30.896 
-0.704 30.896 
-0.758 40.324 
