P=? [ F (x=9&y=9&crashed=0) ]	R{"cost"}=? [ C<=100 ]
0.598	18.975
0.863	55.396
0.863	55.396
0.598	18.975
0.651	22.364
0.651	22.364
0.749	29.147
0.712	28.071
0.822	40.724
0.861	55.216
0.855	51.04
0.825	44.428
0.775	33.7
0.766	30.072
0.682	23.497
0.801	38.793
0.797	35.448
0.696	26.577
0.842	49.181
0.838	46.198
0.669	22.445
0.682	23.497
0.696	26.577
0.838	46.198
0.759	29.365
0.766	30.072
0.775	33.7
0.852	50.649
0.845	49.568
0.749	29.147
0.751	29.341
0.837	45.095
0.712	28.071
0.852	50.649
0.845	49.568
0.788	34.697
0.777	33.822
0.828	44.643
0.834	44.713
0.861	55.216
0.855	51.04
0.71	27.562
0.701	27.008
0.82	40.355
0.786	34.399
0.761	29.484
0.78	34.078
0.843	49.391
0.711	27.929
0.803	39.005
0.763	29.682
0.801	38.793
0.842	49.181
0.809	39.524
0.817	40.142
0.794	35.082
0.708	27.377
0.813	39.895
0.797	35.448
0.78	34.078
0.809	39.524
0.793	34.95
0.678	23.191
0.705	27.145
0.805	39.264
0.707	27.256
0.825	44.428
0.818	40.346
0.678	23.191
0.784	34.368
0.812	39.733
0.784	34.368
0.791	34.822
0.804	39.162
0.828	44.643
0.674	22.932
0.672	22.729
0.698	26.687
0.672	22.729
0.854	50.87
0.836	44.928
0.796	35.288
0.764	29.839
0.7	26.868
0.676	23.071
0.674	22.932
0.705	27.145
0.791	34.822
0.805	39.264
0.676	23.071
0.698	26.687
0.817	40.142
0.813	39.895
0.67	22.55
0.764	29.839
0.854	50.87
0.836	44.928
0.812	39.733
0.834	44.713
0.796	35.288
