-0.855 72.857 
-0.675 24.999 
-0.855 72.857 
-0.675 24.999 
-0.845 61.785 
-0.811 41.934 
-0.846 67.525 
-0.854 72.768 
-0.837 56.096 
-0.812 46.755 
-0.687 25.092 
-0.77 35.448 
-0.846 67.525 
-0.838 56.607 
-0.787 36.338 
-0.792 39.668 
-0.729 29.582 
-0.829 51.347 
-0.7 25.561 
-0.714 25.722 
-0.72 26.586 
-0.744 29.67 
-0.726 29.032 
-0.758 32.307 
-0.797 41.297 
-0.783 35.522 
-0.828 51.222 
-0.822 47.551 
-0.762 35.021 
-0.697 25.257 
-0.749 30.415 
-0.82 47.09 
-0.838 56.607 
-0.829 51.347 
-0.822 47.551 
-0.763 35.098 
-0.752 31.47 
-0.828 51.222 
-0.794 40.699 
-0.755 31.616 
-0.727 29.168 
-0.747 30.019 
-0.717 26.193 
-0.786 36.13 
-0.762 35.021 
-0.793 39.862 
-0.697 25.257 
-0.785 35.719 
-0.752 31.47 
-0.796 41.013 
-0.797 41.297 
-0.745 29.82 
-0.716 25.917 
-0.719 26.355 
-0.746 29.973 
-0.821 47.139 
-0.763 35.098 
-0.756 31.947 
-0.757 32.042 
-0.795 40.905 
-0.716 25.917 
-0.793 39.862 
-0.784 35.712 
-0.719 26.355 
-0.795 40.905 
-0.757 32.042 
-0.756 31.947 
-0.821 47.139 
-0.784 35.712 
-0.855 72.857 
-0.675 24.999 
-0.846 67.525 
-0.838 56.607 
-0.822 47.551 
-0.757 32.042 
-0.762 35.021 
-0.752 31.47 
-0.797 41.297 
-0.763 35.098 
-0.793 39.862 
-0.716 25.917 
-0.795 40.905 
-0.719 26.355 
-0.756 31.947 
-0.675 24.999 
-0.846 67.525 
-0.793 39.862 
-0.822 47.551 
-0.757 32.042 
-0.762 35.021 
-0.795 40.905 
-0.763 35.098 
-0.716 25.917 
-0.756 31.947 
-0.675 24.999 
-0.846 67.525 
-0.793 39.862 
-0.762 35.021 
-0.763 35.098 
-0.756 31.947 
