P=? [ F (x=9&y=9&crashed=0) ]	R{"cost"}=? [ C<=100 ]
0.608	24.461
0.882	102.827
0.882	102.827
0.608	24.461
0.881	87.618
0.863	80.783
0.862	67.811
0.853	57.903
0.682	26.329
0.645	26.319
0.861	67.405
0.828	47.245
0.853	57.903
0.829	51.742
0.718	30.149
0.814	46.197
0.736	31.247
0.754	31.542
0.88	87.397
0.872	82.506
0.626	26.013
0.806	41.626
0.845	53.402
0.777	35.828
0.762	35.435
0.765	35.821
0.629	26.103
0.642	26.288
0.785	39.923
0.783	36.842
0.726	30.809
0.758	32.44
0.836	51.867
0.736	31.247
0.709	28.456
0.725	30.351
0.798	41.429
0.861	67.405
0.814	46.197
0.845	53.402
0.872	82.506
0.88	87.397
0.821	47.13
0.864	81.181
0.806	41.626
0.702	27.478
0.709	28.456
0.792	40.626
0.871	82.281
0.836	51.867
0.626	26.013
0.843	53.028
0.805	41.542
0.687	26.523
0.695	27.146
0.819	46.545
0.792	40.626
0.787	40.415
0.687	26.523
0.798	41.429
0.693	27.142
0.758	32.44
0.762	35.435
0.843	53.028
0.682	26.329
0.757	31.903
0.871	82.281
0.864	81.181
0.779	36.305
0.693	27.142
0.702	27.478
0.754	31.542
0.707	27.893
0.785	39.923
0.642	26.288
0.782	36.694
0.779	36.305
0.628	26.033
0.844	53.116
0.705	27.828
0.705	27.828
0.695	27.146
0.645	26.319
0.765	35.821
0.82	47.059
0.787	40.415
0.726	30.809
0.783	36.842
0.862	67.811
0.863	80.783
0.782	36.694
0.757	31.903
0.707	27.893
0.819	46.545
0.777	35.828
0.881	87.618
0.629	26.103
0.829	51.742
0.805	41.542
0.82	47.059
