-0.836 50.148 
-0.665 23.074 
-0.836 50.148 
-0.826 45.303 
-0.68 23.446 
-0.819 44.215 
-0.805 39.673 
-0.804 35.907 
-0.827 49.344 
-0.774 33.906 
-0.815 40.718 
-0.683 26.577 
-0.713 28.48 
-0.772 30.917 
-0.73 28.951 
-0.755 29.814 
-0.715 28.543 
-0.769 30.63 
-0.699 27.35 
-0.727 28.609 
-0.8 35.091 
-0.743 29.786 
-0.699 27.35 
-0.81 40.054 
-0.739 29.189 
-0.829 49.459 
-0.76 30.494 
-0.835 49.71 
-0.781 34.236 
-0.821 44.639 
-0.793 35.022 
-0.693 27.307 
-0.783 34.469 
-0.686 26.89 
-0.691 27.094 
-0.821 44.639 
-0.802 35.697 
-0.815 40.718 
-0.813 40.459 
-0.68 23.446 
-0.788 34.931 
-0.786 34.723 
-0.792 34.956 
-0.781 34.236 
-0.774 33.906 
-0.772 30.917 
-0.727 28.609 
-0.805 39.673 
-0.802 35.697 
-0.691 27.094 
-0.686 26.89 
-0.757 30.046 
-0.684 26.598 
-0.812 40.334 
-0.812 40.334 
-0.835 49.71 
-0.739 29.189 
-0.757 30.046 
-0.74 29.41 
-0.785 34.689 
-0.693 27.307 
-0.785 34.689 
-0.742 29.599 
-0.788 34.931 
-0.742 29.599 
-0.741 29.417 
-0.684 26.598 
-0.758 30.198 
-0.759 30.342 
-0.759 30.342 
-0.758 30.198 
-0.76 30.494 
-0.827 49.344 
-0.793 35.022 
-0.743 29.786 
-0.792 34.956 
-0.741 29.417 
-0.74 29.41 
-0.836 50.148 
-0.699 27.35 
-0.815 40.718 
-0.821 44.639 
-0.772 30.917 
-0.76 30.494 
-0.805 39.673 
-0.691 27.094 
-0.802 35.697 
-0.739 29.189 
-0.693 27.307 
-0.785 34.689 
-0.788 34.931 
-0.742 29.599 
-0.684 26.598 
-0.743 29.786 
-0.759 30.342 
-0.758 30.198 
-0.741 29.417 
-0.74 29.41 
-0.836 50.148 
-0.821 44.639 
