-0.665 23.074 
-0.845 55.076 
-0.665 23.074 
-0.845 55.076 
-0.787 30.859 
-0.829 45.84 
-0.836 50.148 
-0.79 34.574 
-0.68 23.445 
-0.835 49.71 
-0.699 27.349 
-0.821 44.639 
-0.808 39.475 
-0.804 35.907 
-0.712 28.278 
-0.82 41.216 
-0.769 30.369 
-0.686 26.474 
-0.679 23.31 
-0.727 28.609 
-0.759 30.342 
-0.795 34.584 
-0.743 29.633 
-0.769 30.369 
-0.755 29.721 
-0.715 28.542 
-0.836 50.148 
-0.732 29.161 
-0.697 27.133 
-0.686 26.474 
-0.835 49.71 
-0.739 29.189 
-0.687 27.032 
-0.8 35.091 
-0.691 27.094 
-0.804 35.907 
-0.758 29.81 
-0.787 30.859 
-0.808 39.475 
-0.811 39.846 
-0.803 35.498 
-0.8 35.091 
-0.827 45.733 
-0.825 45.264 
-0.823 45.051 
-0.691 27.094 
-0.812 40.303 
-0.755 29.721 
-0.826 45.303 
-0.809 39.702 
-0.821 44.639 
-0.818 40.991 
-0.819 41.052 
-0.823 45.051 
-0.79 34.574 
-0.802 35.337 
-0.81 39.722 
-0.813 40.427 
-0.73 28.951 
-0.729 28.837 
-0.815 40.718 
-0.813 40.427 
-0.815 40.718 
-0.802 35.337 
-0.727 28.609 
-0.714 28.496 
-0.679 23.31 
-0.729 28.837 
-0.73 28.951 
-0.713 28.48 
-0.82 41.216 
-0.817 40.827 
-0.741 29.417 
-0.74 29.257 
-0.742 29.485 
-0.812 40.303 
-0.827 45.733 
-0.758 29.81 
-0.743 29.633 
-0.816 40.801 
-0.74 29.257 
-0.742 29.485 
-0.741 29.417 
-0.715 28.542 
-0.687 27.032 
-0.826 45.303 
-0.739 29.189 
-0.759 30.342 
-0.817 40.827 
-0.816 40.801 
-0.713 28.48 
-0.665 23.074 
-0.845 55.076 
-0.769 30.369 
-0.836 50.148 
-0.835 49.71 
-0.804 35.907 
-0.787 30.859 
-0.808 39.475 
-0.79 34.574 
