-0.829 49.941 
-0.836 59.236 
-0.742 30.077 
-0.702 28.693 
-0.798 40.132 
-0.702 28.693 
-0.821 44.668 
-0.798 40.132 
-0.758 30.822 
-0.715 28.779 
-0.727 28.801 
-0.827 49.353 
-0.788 35.239 
-0.809 41.043 
-0.789 35.681 
-0.742 30.077 
-0.727 28.801 
-0.836 59.236 
-0.829 49.941 
-0.703 28.745 
-0.798 40.132 
-0.791 39.658 
-0.798 40.132 
-0.656 25.078 
-0.758 30.822 
-0.827 49.353 
-0.788 35.239 
-0.715 28.779 
-0.715 28.779 
-0.728 29.648 
-0.758 30.822 
-0.765 33.928 
-0.758 30.822 
-0.788 35.239 
-0.772 34.197 
-0.612 23.945 
-0.742 30.077 
-0.757 30.762 
-0.702 28.693 
-0.783 35.16 
-0.691 27.096 
-0.727 28.801 
-0.789 35.681 
-0.773 34.279 
-0.827 49.353 
-0.798 40.132 
-0.827 49.353 
-0.775 34.737 
-0.742 30.077 
