P=? [ F (x=9&y=9&crashed=0) ]	R{"cost"}=? [ C<=100 ]
-0.0	0.0
0.929	103.54
-0.0	0.0
0.929	103.54
0.624	20.644
0.624	20.644
0.919	78.762
0.918	63.5
0.708	22.292
0.928	92.94
0.928	92.94
0.927	83.374
0.876	36.533
0.914	52.466
0.858	32.795
0.917	57.979
0.918	63.5
0.917	57.979
0.914	52.466
0.907	47.253
0.876	36.533
0.894	46.145
0.884	40.928
0.926	83.147
0.919	78.762
0.89	41.81
0.825	30.448
0.774	25.864
0.803	25.901
0.819	27.441
0.708	22.292
0.729	25.416
0.717	24.252
0.748	25.455
0.768	25.646
0.752	25.621
0.811	25.905
0.84	30.63
0.857	32.565
0.717	24.252
0.907	47.253
0.903	46.685
0.926	83.147
0.884	40.928
0.84	30.63
0.723	25.087
0.803	25.901
0.819	27.441
0.833	30.466
0.813	26.654
0.847	31.343
0.896	46.185
0.847	31.343
0.889	41.628
0.885	40.979
0.896	46.185
0.729	25.416
0.853	31.986
0.825	30.448
0.834	30.468
0.853	31.986
0.89	41.81
0.889	41.628
0.903	46.685
0.815	26.985
0.72	24.604
0.904	46.913
0.72	24.604
0.851	31.742
0.848	31.349
0.885	40.979
0.722	24.819
0.894	46.145
0.818	27.207
0.904	46.913
0.723	25.087
0.816	27.168
0.851	31.742
0.771	25.715
0.774	25.864
0.813	26.654
0.771	25.715
0.848	31.349
0.927	83.374
0.749	25.564
0.722	24.819
0.814	26.784
0.852	31.788
0.769	25.703
0.834	30.468
0.814	26.784
0.811	25.905
0.751	25.619
0.751	25.619
0.749	25.564
0.852	31.788
0.818	27.207
0.816	27.168
0.748	25.455
0.768	25.646
