-0.67 25.337 
-0.704 28.667 
-0.829 50.719 
-0.83 55.869 
-0.704 28.667 
-0.843 57.494 
-0.828 46.903 
-0.812 41.401 
-0.744 29.673 
-0.813 44.965 
-0.796 39.736 
-0.793 35.691 
-0.776 34.712 
-0.765 33.845 
-0.835 57.349 
-0.776 34.712 
-0.817 46.521 
-0.742 29.33 
-0.768 34.592 
-0.819 46.806 
-0.734 28.936 
-0.804 41.307 
-0.835 57.349 
-0.798 40.306 
-0.793 35.691 
-0.802 40.988 
-0.802 40.988 
-0.798 40.306 
-0.763 30.145 
-0.767 34.289 
-0.734 28.936 
-0.797 39.963 
-0.765 33.845 
-0.819 46.806 
-0.744 29.673 
-0.794 35.938 
-0.743 29.427 
-0.797 39.963 
-0.794 35.938 
-0.743 29.427 
-0.804 41.307 
-0.804 41.307 
-0.819 46.806 
-0.804 41.307 
-0.804 41.307 
-0.793 35.691 
-0.744 29.673 
-0.797 39.963 
-0.804 41.307 
-0.794 35.938 
-0.793 35.691 
-0.804 41.307 
-0.804 41.307 
-0.744 29.673 
-0.804 41.307 
-0.743 29.427 
-0.804 41.307 
-0.819 46.806 
-0.798 40.306 
-0.835 57.349 
-0.835 57.349 
-0.814 45.335 
-0.793 35.691 
-0.762 29.922 
-0.743 29.427 
-0.795 36.109 
-0.803 41.142 
-0.794 35.938 
-0.793 35.691 
-0.804 41.307 
-0.798 40.306 
-0.779 34.885 
-0.733 28.701 
-0.835 57.349 
-0.743 29.427 
-0.744 29.673 
-0.794 35.938 
-0.846 61.692 
-0.743 29.427 
-0.743 29.427 
-0.764 30.37 
-0.835 57.349 
-0.763 30.145 
-0.742 29.33 
-0.845 61.583 
-0.766 34.181 
