-0.628 22.504 
-0.814 54.164 
-0.654 23.675 
-0.734 32.655 
-0.642 23.415 
-0.667 26.711 
-0.768 38.752 
-0.806 49.559 
-0.812 53.43 
-0.7 28.239 
-0.718 28.43 
-0.791 48.036 
-0.723 29.276 
-0.771 41.856 
-0.79 45.167 
-0.741 32.951 
-0.761 38.508 
-0.745 34.35 
-0.667 26.711 
-0.678 26.947 
-0.785 43.447 
-0.759 37.504 
-0.63 22.81 
-0.751 35.387 
-0.691 27.385 
-0.723 29.276 
-0.806 49.559 
-0.779 43.013 
-0.681 27.347 
-0.801 48.056 
-0.779 43.013 
-0.804 48.661 
-0.754 36.753 
-0.736 32.878 
-0.772 42.116 
-0.787 44.025 
-0.812 53.43 
-0.698 27.981 
-0.803 48.492 
-0.772 42.116 
-0.795 48.053 
-0.693 27.763 
-0.788 44.361 
-0.749 35.117 
-0.694 27.874 
-0.63 22.81 
-0.771 41.856 
-0.756 37.022 
-0.719 28.606 
-0.768 38.752 
-0.79 45.167 
-0.789 44.591 
-0.748 34.804 
-0.746 34.561 
-0.795 48.053 
-0.756 37.022 
-0.755 36.774 
-0.747 34.731 
-0.722 29.138 
-0.813 53.81 
-0.754 36.753 
-0.813 53.81 
-0.72 28.848 
-0.789 44.591 
-0.721 29.066 
-0.72 28.848 
-0.691 27.385 
-0.75 35.292 
-0.629 22.674 
-0.679 27.1 
-0.629 22.674 
-0.68 27.233 
-0.679 27.1 
-0.68 27.233 
-0.694 27.874 
-0.75 35.292 
-0.721 29.066 
-0.681 27.347 
-0.791 48.036 
-0.667 26.711 
-0.723 29.276 
-0.806 49.559 
-0.779 43.013 
-0.772 42.116 
-0.754 36.753 
-0.63 22.81 
-0.771 41.856 
-0.768 38.752 
-0.79 45.167 
-0.813 53.81 
-0.691 27.385 
-0.795 48.053 
-0.629 22.674 
-0.679 27.1 
-0.694 27.874 
-0.721 29.066 
-0.681 27.347 
-0.791 48.036 
-0.667 26.711 
-0.723 29.276 
