-0.689 25.289 
-0.899 53.753 
-0.899 53.753 
-0.689 25.289 
-0.705 25.687 
-0.774 29.501 
-0.705 25.687 
-0.898 48.426 
-0.891 47.784 
-0.889 43.026 
-0.844 31.812 
-0.846 35.957 
-0.874 41.645 
-0.774 29.501 
-0.873 38.235 
-0.809 30.913 
-0.833 31.164 
-0.777 29.859 
-0.793 29.907 
-0.857 36.235 
-0.882 41.788 
-0.849 36.177 
-0.805 30.395 
-0.808 30.768 
-0.895 48.011 
-0.799 30.138 
-0.885 42.192 
-0.799 30.138 
-0.842 31.783 
-0.872 38.017 
-0.864 36.801 
-0.886 42.615 
-0.805 30.395 
-0.795 30.006 
-0.895 48.011 
-0.837 31.221 
-0.866 37.101 
-0.898 48.426 
-0.882 41.788 
-0.885 42.192 
-0.866 37.101 
-0.889 43.026 
-0.888 42.77 
-0.869 37.619 
-0.868 37.369 
-0.871 37.774 
-0.891 47.784 
-0.846 35.957 
-0.841 31.436 
-0.86 36.58 
-0.861 36.652 
-0.86 36.58 
-0.849 36.177 
-0.777 29.859 
-0.84 31.419 
-0.838 31.395 
-0.834 31.18 
-0.864 36.801 
-0.868 37.369 
-0.795 30.006 
-0.833 31.164 
-0.809 30.913 
-0.873 38.235 
-0.793 29.907 
-0.888 42.77 
-0.871 37.774 
-0.869 37.619 
-0.886 42.615 
-0.861 36.652 
-0.874 41.645 
-0.837 31.221 
-0.834 31.18 
-0.838 31.395 
-0.841 31.436 
-0.899 53.753 
-0.689 25.289 
-0.774 29.501 
-0.805 30.395 
-0.895 48.011 
-0.898 48.426 
-0.882 41.788 
-0.885 42.192 
-0.866 37.101 
-0.889 43.026 
-0.891 47.784 
-0.846 35.957 
-0.849 36.177 
-0.86 36.58 
-0.777 29.859 
-0.864 36.801 
-0.868 37.369 
-0.795 30.006 
-0.809 30.913 
-0.873 38.235 
-0.793 29.907 
-0.888 42.77 
-0.871 37.774 
-0.886 42.615 
-0.869 37.619 
-0.874 41.645 
