-0.895 53.338 
-0.895 53.338 
-0.86 37.176 
-0.876 42.156 
-0.895 53.338 
-0.86 37.176 
-0.849 36.177 
-0.757 30.869 
-0.878 42.2 
-0.887 47.876 
-0.689 25.832 
-0.86 37.176 
-0.86 37.176 
-0.81 31.991 
-0.887 47.876 
-0.757 30.869 
-0.689 25.832 
-0.878 42.2 
-0.89 52.803 
-0.883 47.235 
-0.887 47.876 
-0.86 37.176 
-0.757 30.869 
-0.806 31.374 
-0.764 30.941 
-0.752 30.776 
-0.88 47.104 
-0.801 31.038 
-0.849 36.177 
-0.878 42.2 
-0.86 37.176 
-0.856 36.781 
-0.853 36.566 
-0.884 47.634 
-0.895 53.338 
-0.841 32.596 
-0.887 47.876 
-0.705 30.414 
-0.895 53.338 
-0.86 37.176 
-0.86 37.176 
-0.708 30.623 
-0.86 37.176 
-0.867 37.444 
