P=? [ F (x=9&y=9&crashed=0) ]	R{"cost"}=? [ C<=100 ]
-0.0	0.0
0.909	83.438
-0.0	0.0
0.909	83.438
0.606	19.336
0.606	19.336
0.908	73.542
0.907	57.771
0.908	73.542
0.672	22.825
0.889	52.903
0.847	44.726
0.905	57.398
0.752	28.507
0.797	33.409
0.788	30.057
0.846	41.475
0.878	50.647
0.871	47.632
0.749	25.522
0.828	39.001
0.827	36.241
0.888	52.133
0.735	24.421
0.861	45.411
0.711	24.411
0.829	39.142
0.696	23.515
0.69	22.869
0.905	57.398
0.673	22.835
0.776	28.777
0.863	45.847
0.819	35.136
0.708	24.245
0.763	28.611
0.843	40.399
0.84	40.002
0.88	51.174
0.865	46.865
0.88	51.174
0.708	24.245
0.844	40.999
0.84	40.002
0.797	33.409
0.871	47.632
0.8	33.628
0.788	30.057
0.761	28.606
0.785	29.609
0.813	34.916
0.878	50.647
0.802	33.997
0.87	47.356
0.783	29.248
0.745	25.265
0.811	34.665
0.803	34.12
0.845	41.173
0.748	25.343
0.862	45.729
0.777	28.782
0.741	24.887
0.744	24.963
0.866	46.873
0.808	34.221
0.781	29.224
0.78	28.997
0.798	33.53
0.879	50.781
0.822	35.403
0.868	47.144
0.749	25.522
0.691	23.035
0.787	30.049
0.813	34.916
0.868	47.144
0.738	24.584
0.846	41.475
0.825	35.777
0.823	35.602
0.81	34.467
0.807	34.207
0.752	28.507
0.694	23.264
0.841	40.13
0.822	35.403
0.827	36.241
0.826	35.979
0.741	24.887
0.763	28.611
0.786	29.801
0.81	34.467
0.907	57.771
0.906	57.536
0.694	23.264
0.691	23.035
0.841	40.13
0.738	24.584
0.78	28.997
