-0.977 45.706 
-0.758 26.391 
-0.758 26.391 
-0.977 45.706 
-0.845 27.449 
-0.891 27.958 
-0.976 40.658 
-0.895 31.586 
-0.96 38.241 
-0.957 35.405 
-0.869 27.858 
-0.853 27.588 
-0.869 27.858 
-0.845 27.449 
-0.952 34.419 
-0.899 31.927 
-0.927 33.011 
-0.915 32.593 
-0.909 31.951 
-0.954 34.751 
-0.97 39.184 
-0.962 38.706 
-0.921 32.893 
-0.945 34.025 
-0.93 33.152 
-0.955 35.056 
-0.944 33.507 
-0.853 27.588 
-0.965 38.939 
-0.895 31.586 
-0.914 32.08 
-0.921 32.893 
-0.974 40.304 
-0.937 33.407 
-0.913 32.079 
-0.971 39.642 
-0.975 40.357 
-0.956 35.298 
-0.93 33.152 
-0.973 39.89 
-0.947 34.122 
-0.891 27.958 
-0.848 27.455 
-0.937 33.407 
-0.972 39.749 
-0.941 33.422 
-0.848 27.455 
-0.915 32.593 
-0.947 34.122 
-0.968 39.068 
-0.909 31.951 
-0.899 31.927 
-0.939 33.421 
-0.968 39.068 
-0.963 38.809 
-0.973 39.89 
-0.963 38.809 
-0.943 33.487 
-0.971 39.642 
-0.946 34.101 
-0.943 33.487 
-0.946 34.101 
-0.977 45.706 
-0.853 27.588 
-0.891 27.958 
-0.937 33.407 
-0.921 32.893 
-0.915 32.593 
-0.899 31.927 
-0.963 38.809 
-0.971 39.642 
-0.943 33.487 
-0.947 34.122 
-0.977 45.706 
-0.853 27.588 
-0.937 33.407 
-0.915 32.593 
-0.971 39.642 
-0.943 33.487 
-0.947 34.122 
-0.977 45.706 
-0.937 33.407 
-0.853 27.588 
-0.915 32.593 
-0.947 34.122 
-0.977 45.706 
-0.937 33.407 
-0.915 32.593 
-0.977 45.706 
-0.937 33.407 
-0.971 39.642 
-0.937 33.407 
-0.977 45.706 
-0.963 38.809 
-0.977 45.706 
-0.971 39.642 
-0.937 33.407 
-0.971 39.642 
-0.971 39.642 
-0.937 33.407 
