-0.758 26.391 
-0.977 45.703 
-0.758 26.391 
-0.847 26.884 
-0.976 40.658 
-0.899 28.877 
-0.909 31.951 
-0.861 27.389 
-0.957 35.401 
-0.96 38.241 
-0.879 27.4 
-0.893 28.685 
-0.899 28.877 
-0.975 39.993 
-0.909 31.951 
-0.972 39.628 
-0.885 27.605 
-0.891 27.958 
-0.954 34.751 
-0.889 27.861 
-0.952 34.417 
-0.93 33.152 
-0.964 38.798 
-0.955 35.042 
-0.937 33.407 
-0.927 33.011 
-0.963 38.374 
-0.973 39.886 
-0.937 33.407 
-0.965 38.939 
-0.97 39.184 
-0.942 33.418 
-0.945 34.025 
-0.944 33.507 
-0.915 32.593 
-0.914 32.08 
-0.921 32.853 
-0.919 32.794 
-0.956 35.297 
-0.93 33.152 
-0.947 34.122 
-0.912 32.058 
-0.952 34.417 
-0.927 33.011 
-0.882 27.544 
-0.916 32.734 
-0.947 34.122 
-0.968 39.068 
-0.96 38.241 
-0.921 32.853 
-0.882 27.544 
-0.968 39.068 
-0.97 39.184 
-0.879 27.4 
-0.946 34.059 
-0.891 27.958 
-0.915 32.593 
-0.962 38.333 
-0.913 32.079 
-0.962 38.333 
-0.943 33.487 
-0.916 32.734 
-0.945 34.025 
-0.944 33.507 
-0.943 33.487 
-0.914 32.08 
-0.758 26.391 
-0.909 31.951 
-0.882 27.544 
-0.937 33.407 
-0.891 27.958 
-0.93 33.152 
-0.952 34.417 
-0.927 33.011 
-0.947 34.122 
-0.96 38.241 
-0.968 39.068 
-0.97 39.184 
-0.915 32.593 
-0.962 38.333 
-0.945 34.025 
-0.943 33.487 
-0.914 32.08 
-0.891 27.958 
-0.909 31.951 
-0.882 27.544 
-0.937 33.407 
-0.947 34.122 
-0.927 33.011 
-0.968 39.068 
-0.915 32.593 
-0.945 34.025 
-0.943 33.487 
-0.914 32.08 
-0.891 27.958 
-0.937 33.407 
-0.947 34.122 
-0.968 39.068 
-0.915 32.593 
-0.943 33.487 
