-0.8 38.227 
-0.816 42.332 
-0.845 53.795 
-0.792 37.383 
-0.833 47.968 
-0.816 42.332 
-0.825 47.964 
-0.824 46.607 
-0.85 54.242 
-0.799 38.102 
-0.817 42.812 
-0.792 37.383 
-0.845 53.795 
-0.816 42.332 
-0.792 37.383 
-0.776 33.975 
-0.792 37.383 
-0.739 33.001 
-0.815 42.249 
-0.799 38.102 
-0.842 52.857 
-0.852 57.751 
-0.85 54.242 
-0.85 54.242 
-0.739 33.001 
-0.792 37.383 
-0.792 37.383 
-0.843 53.602 
-0.793 37.505 
-0.869 63.449 
-0.686 32.503 
-0.845 53.795 
-0.844 53.662 
-0.86 59.806 
-0.769 33.291 
-0.799 38.102 
