-0.975 40.371 
-0.903 27.948 
-0.976 40.74 
-0.966 38.575 
-0.939 33.599 
-0.952 34.965 
-0.954 35.217 
-0.975 40.371 
-0.965 38.555 
-0.805 27.755 
-0.974 39.776 
-0.903 27.948 
-0.939 33.599 
-0.903 27.948 
-0.904 27.989 
-0.761 26.818 
-0.966 38.575 
-0.966 38.575 
-0.954 35.217 
-0.903 27.948 
-0.759 26.689 
-0.939 33.599 
-0.967 38.835 
-0.971 39.095 
-0.903 27.948 
-0.912 28.918 
-0.939 33.599 
-0.938 33.566 
-0.946 34.069 
-0.937 33.549 
-0.966 38.575 
-0.903 27.948 
-0.931 33.028 
-0.805 27.755 
-0.913 32.263 
-0.877 27.851 
-0.916 32.737 
-0.964 38.304 
-0.955 38.062 
-0.972 39.318 
-0.939 33.599 
-0.954 35.217 
-0.939 33.599 
-0.937 33.549 
-0.904 27.989 
-0.802 26.878 
-0.934 33.332 
-0.914 32.497 
-0.966 38.575 
-0.973 39.367 
-0.761 26.818 
-0.973 39.367 
