-0.976 40.74 
-0.722 23.005 
-0.816 27.33 
-0.877 27.85 
-0.759 26.689 
-0.955 38.062 
-0.912 28.918 
-0.913 32.25 
-0.954 34.996 
-0.782 26.785 
-0.759 26.689 
-0.877 27.85 
-0.903 27.948 
-0.916 32.737 
-0.76 26.737 
-0.91 28.534 
-0.8 26.823 
-0.948 34.485 
-0.931 33.008 
-0.964 38.293 
-0.945 34.046 
-0.952 34.965 
-0.975 40.371 
-0.974 39.619 
-0.812 27.269 
-0.802 26.878 
-0.812 27.269 
-0.904 27.975 
-0.967 38.831 
-0.97 38.842 
-0.932 33.269 
-0.939 33.584 
-0.802 26.878 
-0.946 34.069 
-0.939 33.584 
-0.912 28.918 
-0.904 27.975 
-0.975 40.371 
-0.971 39.088 
-0.972 39.123 
-0.936 33.362 
-0.914 32.488 
-0.931 33.008 
-0.965 38.555 
-0.966 38.57 
-0.974 39.619 
-0.973 39.367 
-0.973 39.367 
-0.915 32.496 
-0.913 32.25 
-0.955 38.062 
-0.937 33.535 
-0.934 33.332 
-0.938 33.549 
-0.934 33.332 
-0.903 27.948 
-0.946 34.069 
-0.76 26.737 
-0.966 38.57 
-0.965 38.555 
-0.937 33.535 
-0.915 32.496 
-0.975 40.371 
-0.903 27.948 
-0.903 27.948 
-0.903 27.948 
-0.903 27.948 
-0.903 27.948 
-0.973 39.367 
-0.904 27.975 
-0.904 27.975 
-0.903 27.948 
-0.973 39.367 
-0.903 27.948 
-0.973 39.367 
-0.903 27.948 
-0.965 38.555 
-0.973 39.367 
-0.904 27.975 
-0.973 39.367 
-0.973 39.367 
-0.904 27.975 
-0.903 27.948 
-0.904 27.975 
-0.934 33.332 
-0.904 27.975 
-0.934 33.332 
-0.904 27.975 
-0.955 38.062 
-0.904 27.975 
-0.973 39.367 
-0.965 38.555 
-0.903 27.948 
-0.939 33.584 
-0.904 27.975 
-0.973 39.367 
-0.966 38.57 
-0.937 33.535 
-0.973 39.367 
-0.904 27.975 
