-0.976 40.74 
-0.722 23.005 
-0.722 23.005 
-0.976 40.74 
-0.964 38.273 
-0.759 26.688 
-0.84 26.879 
-0.912 28.918 
-0.913 32.25 
-0.957 35.069 
-0.802 26.878 
-0.759 26.688 
-0.866 27.752 
-0.878 27.867 
-0.84 26.879 
-0.903 27.934 
-0.866 27.752 
-0.76 26.737 
-0.782 26.785 
-0.8 26.823 
-0.782 26.785 
-0.952 34.64 
-0.931 33.008 
-0.945 33.55 
-0.948 34.135 
-0.92 33.002 
-0.957 35.069 
-0.975 40.369 
-0.974 39.619 
-0.877 27.85 
-0.955 34.733 
-0.91 28.52 
-0.91 28.52 
-0.905 27.951 
-0.946 34.069 
-0.938 33.549 
-0.932 33.249 
-0.919 32.801 
-0.912 28.918 
-0.916 32.737 
-0.975 40.369 
-0.972 39.115 
-0.967 38.822 
-0.914 32.476 
-0.905 27.951 
-0.965 38.549 
-0.974 39.619 
-0.973 39.362 
-0.966 38.57 
-0.973 39.362 
-0.971 39.088 
-0.97 38.842 
-0.915 32.496 
-0.913 32.25 
-0.935 33.297 
-0.969 38.825 
-0.936 33.362 
-0.937 33.508 
-0.903 27.934 
-0.8 26.823 
-0.877 27.85 
-0.802 26.878 
-0.946 34.069 
-0.936 33.362 
-0.916 32.737 
-0.76 26.737 
-0.935 33.297 
-0.937 33.508 
-0.971 39.088 
-0.966 38.57 
-0.965 38.549 
-0.915 32.496 
-0.97 38.842 
-0.931 33.008 
-0.92 33.002 
-0.967 38.822 
-0.945 33.55 
-0.976 40.74 
-0.722 23.005 
-0.782 26.785 
-0.877 27.85 
-0.957 35.069 
-0.912 28.918 
-0.931 33.008 
-0.916 32.737 
-0.974 39.619 
-0.913 32.25 
-0.903 27.934 
-0.8 26.823 
-0.802 26.878 
-0.946 34.069 
-0.936 33.362 
-0.76 26.737 
-0.935 33.297 
-0.937 33.508 
-0.971 39.088 
-0.966 38.57 
-0.965 38.549 
-0.915 32.496 
-0.722 23.005 
