-0.738 22.932 
-0.976 40.737 
-0.76 26.658 
-0.895 27.262 
-0.927 32.146 
-0.84 26.879 
-0.912 28.918 
-0.964 38.273 
-0.957 35.069 
-0.84 26.879 
-0.802 26.878 
-0.782 26.785 
-0.912 28.918 
-0.782 26.785 
-0.8 26.823 
-0.928 32.238 
-0.933 32.665 
-0.9 27.802 
-0.975 39.866 
-0.951 34.12 
-0.946 34.069 
-0.955 34.726 
-0.964 38.273 
-0.934 32.742 
-0.905 27.951 
-0.945 33.527 
-0.935 33.29 
-0.974 39.61 
-0.973 39.36 
-0.91 28.52 
-0.937 33.355 
-0.969 38.806 
-0.944 33.516 
-0.957 35.069 
-0.897 27.431 
-0.953 34.469 
-0.956 35.062 
-0.911 28.537 
-0.965 38.547 
-0.97 38.834 
-0.953 34.469 
-0.897 27.431 
-0.905 27.951 
-0.91 28.52 
-0.975 39.866 
-0.971 39.082 
-0.972 39.115 
-0.966 38.569 
-0.937 33.355 
-0.903 27.934 
-0.966 38.569 
-0.903 27.934 
-0.944 33.516 
-0.8 26.823 
-0.802 26.878 
-0.935 33.29 
-0.946 34.069 
-0.972 39.115 
-0.971 39.082 
-0.911 28.537 
-0.84 26.879 
-0.782 26.785 
-0.964 38.273 
-0.91 28.52 
-0.957 35.069 
-0.912 28.918 
-0.903 27.934 
-0.905 27.951 
-0.966 38.569 
-0.944 33.516 
-0.8 26.823 
-0.802 26.878 
-0.946 34.069 
-0.972 39.115 
-0.971 39.082 
-0.84 26.879 
-0.782 26.785 
-0.957 35.069 
-0.964 38.273 
-0.91 28.52 
-0.912 28.918 
-0.903 27.934 
-0.905 27.951 
-0.944 33.516 
-0.8 26.823 
-0.802 26.878 
-0.946 34.069 
-0.972 39.115 
-0.782 26.785 
-0.957 35.069 
-0.964 38.273 
-0.91 28.52 
-0.912 28.918 
-0.905 27.951 
-0.903 27.934 
-0.802 26.878 
-0.905 27.951 
-0.944 33.516 
-0.964 38.273 
-0.935 33.29 
