-0.777 36.107 
-0.797 42.484 
-0.853 62.476 
-0.794 41.31 
-0.853 62.476 
-0.797 42.484 
-0.777 36.107 
-0.829 52.21 
-0.846 58.925 
-0.853 62.476 
-0.664 27.479 
-0.797 42.484 
-0.777 36.107 
-0.758 36.031 
-0.812 47.355 
-0.813 48.431 
-0.794 41.31 
-0.862 63.425 
-0.748 35.648 
-0.812 47.355 
-0.853 62.476 
-0.797 42.484 
-0.777 36.107 
-0.664 27.479 
-0.797 42.484 
-0.777 36.107 
-0.794 41.31 
-0.844 56.556 
-0.794 41.31 
-0.806 46.186 
-0.679 27.554 
-0.777 36.107 
-0.797 42.484 
-0.748 35.648 
-0.812 47.355 
-0.812 47.355 
-0.796 42.132 
-0.797 42.484 
-0.812 47.355 
-0.695 28.299 
-0.729 31.303 
-0.731 31.46 
-0.794 41.31 
-0.812 47.355 
-0.744 31.768 
-0.797 42.484 
-0.692 27.64 
-0.729 31.303 
-0.794 41.31 
-0.812 47.355 
-0.777 36.107 
-0.747 35.646 
-0.812 47.355 
-0.811 46.876 
-0.845 57.066 
-0.795 42.01 
-0.853 62.476 
-0.813 48.431 
-0.794 41.31 
-0.806 46.186 
-0.812 47.355 
-0.777 36.107 
-0.794 41.31 
-0.777 36.107 
-0.731 31.46 
-0.844 56.556 
-0.796 42.132 
-0.695 28.299 
-0.806 46.186 
-0.797 42.484 
-0.796 42.132 
-0.796 42.132 
