-0.682 27.686 
-0.804 46.668 
-0.69 31.617 
-0.69 31.617 
-0.69 31.617 
-0.813 48.458 
-0.823 57.719 
-0.69 31.617 
-0.69 31.617 
-0.69 31.617 
-0.804 46.668 
-0.844 61.307 
-0.853 67.262 
-0.862 68.265 
-0.682 27.686 
-0.69 31.617 
-0.797 42.606 
-0.69 31.617 
-0.845 66.708 
-0.804 46.668 
-0.69 31.617 
-0.682 27.686 
-0.69 31.617 
-0.796 42.139 
-0.804 46.668 
-0.69 31.617 
-0.846 67.106 
-0.69 31.617 
-0.69 31.617 
-0.69 31.617 
-0.82 52.938 
-0.69 31.617 
-0.813 48.458 
-0.804 46.668 
-0.853 67.262 
-0.744 32.16 
-0.838 59.147 
-0.804 46.668 
-0.69 31.617 
-0.797 42.606 
-0.69 31.617 
-0.69 31.617 
-0.86 67.404 
-0.811 46.88 
-0.853 67.262 
-0.853 67.262 
-0.804 46.668 
-0.804 46.668 
-0.853 67.262 
-0.804 46.668 
-0.69 31.617 
-0.69 31.617 
-0.69 31.617 
-0.804 46.668 
-0.69 31.617 
-0.682 27.686 
-0.845 66.708 
-0.707 31.922 
-0.853 67.262 
-0.682 27.686 
-0.69 31.617 
-0.82 52.938 
-0.69 31.617 
-0.853 67.262 
-0.69 31.617 
-0.69 31.617 
-0.69 31.617 
-0.69 31.617 
-0.777 36.107 
-0.804 46.668 
-0.796 42.139 
-0.69 31.617 
-0.69 31.617 
-0.69 31.617 
-0.789 41.961 
