-0.873 66.991 
-0.676 27.423 
-0.873 66.991 
-0.676 27.423 
-0.761 31.014 
-0.872 66.818 
-0.865 53.534 
-0.761 31.014 
-0.84 42.33 
-0.784 32.106 
-0.862 52.272 
-0.81 35.965 
-0.784 32.106 
-0.844 46.308 
-0.856 48.124 
-0.81 35.965 
-0.824 37.921 
-0.776 31.211 
-0.834 40.983 
-0.824 37.921 
-0.812 36.303 
-0.82 36.705 
-0.834 40.983 
-0.865 53.534 
-0.856 48.124 
-0.872 66.818 
-0.847 46.907 
-0.819 36.675 
-0.852 46.93 
-0.837 41.468 
-0.779 31.483 
-0.846 46.349 
-0.844 46.308 
-0.779 31.483 
-0.855 47.527 
-0.864 52.959 
-0.864 52.959 
-0.863 52.393 
-0.837 41.468 
-0.776 31.211 
-0.836 41.445 
-0.835 41.06 
-0.819 36.675 
-0.778 31.473 
-0.853 47.188 
-0.778 31.473 
-0.854 47.375 
-0.853 47.188 
-0.855 47.527 
-0.854 47.375 
-0.863 52.393 
-0.835 41.06 
-0.846 46.349 
-0.852 46.93 
-0.847 46.907 
-0.836 41.445 
-0.873 66.991 
-0.676 27.423 
-0.761 31.014 
-0.784 32.106 
-0.834 40.983 
-0.865 53.534 
-0.863 52.393 
-0.872 66.818 
-0.844 46.308 
-0.779 31.483 
-0.864 52.959 
-0.837 41.468 
-0.778 31.473 
-0.853 47.188 
-0.854 47.375 
-0.835 41.06 
-0.819 36.675 
-0.847 46.907 
-0.836 41.445 
-0.873 66.991 
-0.676 27.423 
-0.761 31.014 
-0.784 32.106 
-0.834 40.983 
-0.865 53.534 
-0.872 66.818 
-0.844 46.308 
-0.779 31.483 
-0.864 52.959 
-0.837 41.468 
-0.778 31.473 
-0.853 47.188 
-0.854 47.375 
-0.835 41.06 
-0.819 36.675 
-0.847 46.907 
-0.836 41.445 
-0.873 66.991 
-0.676 27.423 
-0.761 31.014 
-0.784 32.106 
-0.834 40.983 
-0.872 66.818 
-0.844 46.308 
