P=? [ F (x=9&y=9&crashed=0) ]	R{"cost"}=? [ C<=100 ]
0.901	58.567
0.63	24.917
0.63	24.917
0.901	58.567
0.687	28.554
0.882	54.058
0.658	25.808
0.881	48.977
0.864	44.352
0.634	25.207
0.658	25.808
0.889	54.596
0.84	41.536
0.874	47.874
0.706	29.186
0.776	34.026
0.768	30.83
0.731	29.437
0.839	38.478
0.76	29.785
0.807	37.015
0.829	37.123
0.739	29.772
0.784	35.662
0.702	28.762
0.798	36.769
0.889	54.596
0.874	47.874
0.798	36.769
0.831	37.483
0.784	35.662
0.768	30.83
0.888	54.271
0.856	42.97
0.856	42.97
0.847	41.749
0.776	34.026
0.861	43.75
0.762	30.306
0.806	36.89
0.849	42.12
0.8	36.849
0.783	34.984
0.732	29.567
0.861	43.75
0.852	42.223
0.781	34.46
0.778	34.375
0.705	28.873
0.875	48.143
0.854	42.595
0.737	29.769
0.854	42.595
0.835	37.752
0.702	28.762
0.879	48.364
0.83	37.13
0.782	34.811
0.777	34.027
0.881	48.977
0.88	48.633
0.767	30.703
0.766	30.371
0.835	37.752
0.88	48.633
0.863	44.088
0.765	30.36
0.731	29.437
0.706	29.186
0.878	48.363
0.848	41.875
0.837	38.114
0.836	37.874
0.839	38.478
0.838	38.248
0.852	42.223
0.878	48.363
0.875	48.143
0.888	54.271
0.847	41.749
0.882	54.058
0.84	41.536
0.863	44.088
0.862	43.879
0.737	29.769
0.732	29.567
0.762	30.306
0.783	34.984
0.782	34.811
0.8	36.849
0.76	29.785
0.838	38.248
0.837	38.114
0.862	43.879
0.738	29.77
0.767	30.703
0.848	41.875
0.836	37.874
0.705	28.873
0.781	34.46
