-0.675 25.458 
-0.873 56.472 
-0.873 56.472 
-0.675 25.458 
-0.743 25.893 
-0.872 47.091 
-0.768 29.255 
-0.835 35.983 
-0.871 46.919 
-0.864 42.619 
-0.832 32.212 
-0.854 40.977 
-0.849 37.956 
-0.86 41.966 
-0.825 30.912 
-0.811 30.866 
-0.846 36.595 
-0.804 30.647 
-0.843 36.042 
-0.854 40.977 
-0.793 30.236 
-0.781 29.885 
-0.847 37.724 
-0.804 30.647 
-0.774 29.351 
-0.871 46.919 
-0.864 42.619 
-0.785 30.186 
-0.811 30.866 
-0.777 29.786 
-0.791 30.233 
-0.849 37.956 
-0.828 31.326 
-0.83 32.141 
-0.829 31.519 
-0.793 30.236 
-0.785 30.186 
-0.863 42.449 
-0.863 42.449 
-0.777 29.786 
-0.774 29.351 
-0.832 32.212 
-0.843 36.042 
-0.826 31.049 
-0.826 31.049 
-0.791 30.233 
-0.829 31.519 
-0.848 37.797 
-0.848 37.797 
-0.83 32.141 
-0.675 25.458 
-0.873 56.472 
-0.871 46.919 
-0.774 29.351 
-0.854 40.977 
-0.811 30.866 
-0.849 37.956 
-0.793 30.236 
-0.777 29.786 
-0.832 32.212 
-0.848 37.797 
-0.83 32.141 
-0.774 29.351 
-0.832 32.212 
-0.832 32.212 
-0.832 32.212 
-0.832 32.212 
-0.832 32.212 
-0.832 32.212 
-0.774 29.351 
-0.832 32.212 
-0.832 32.212 
-0.774 29.351 
-0.832 32.212 
-0.832 32.212 
-0.832 32.212 
-0.832 32.212 
-0.848 37.797 
-0.83 32.141 
-0.832 32.212 
-0.832 32.212 
-0.848 37.797 
-0.83 32.141 
-0.832 32.212 
-0.774 29.351 
-0.832 32.212 
-0.832 32.212 
-0.832 32.212 
-0.832 32.212 
-0.793 30.236 
-0.83 32.141 
-0.777 29.786 
-0.793 30.236 
-0.832 32.212 
-0.83 32.141 
-0.832 32.212 
-0.774 29.351 
-0.848 37.797 
-0.871 46.919 
-0.832 32.212 
