-0.655 26.066 
-0.89 54.385 
-0.89 54.385 
-0.655 26.066 
-0.708 29.521 
-0.871 47.882 
-0.708 29.521 
-0.882 49.27 
-0.842 42.443 
-0.839 38.388 
-0.78 34.71 
-0.769 31.068 
-0.865 44.442 
-0.726 29.843 
-0.75 29.981 
-0.724 29.744 
-0.786 36.18 
-0.797 36.494 
-0.861 43.864 
-0.75 29.981 
-0.823 37.764 
-0.764 30.392 
-0.78 34.71 
-0.835 37.8 
-0.854 42.702 
-0.843 42.597 
-0.784 35.304 
-0.882 49.27 
-0.769 31.068 
-0.817 37.276 
-0.808 37.116 
-0.879 48.551 
-0.855 42.872 
-0.805 36.813 
-0.855 42.872 
-0.865 44.442 
-0.879 48.551 
-0.818 37.41 
-0.799 36.769 
-0.823 37.764 
-0.766 30.726 
-0.767 30.785 
-0.786 36.18 
-0.764 30.392 
-0.842 42.443 
-0.881 48.898 
-0.818 37.41 
-0.837 38.148 
-0.836 37.803 
-0.765 30.402 
-0.782 35.02 
-0.806 36.868 
-0.768 31.067 
-0.782 35.02 
-0.798 36.758 
-0.839 38.388 
-0.864 44.278 
-0.863 44.034 
-0.838 38.373 
-0.837 38.148 
-0.881 48.898 
-0.88 48.722 
-0.88 48.722 
-0.864 44.278 
-0.817 37.276 
-0.808 37.116 
-0.783 35.177 
-0.807 36.998 
-0.783 35.177 
-0.807 36.998 
-0.854 42.702 
-0.843 42.597 
-0.863 44.034 
-0.862 43.934 
-0.862 43.934 
-0.799 36.769 
-0.838 38.373 
-0.798 36.758 
-0.765 30.402 
-0.836 37.803 
-0.768 31.067 
-0.655 26.066 
-0.708 29.521 
-0.769 31.068 
-0.855 42.872 
-0.786 36.18 
-0.798 36.758 
-0.823 37.764 
-0.782 35.02 
-0.839 38.388 
-0.837 38.148 
-0.881 48.898 
-0.864 44.278 
-0.817 37.276 
-0.783 35.177 
-0.807 36.998 
-0.854 42.702 
-0.843 42.597 
-0.863 44.034 
-0.862 43.934 
