-0.65 25.988 
-0.89 54.353 
-0.89 54.353 
-0.65 25.988 
-0.708 29.52 
-0.655 26.065 
-0.888 53.987 
-0.882 49.042 
-0.777 34.382 
-0.655 26.065 
-0.849 42.043 
-0.871 47.882 
-0.865 44.442 
-0.84 38.615 
-0.769 31.068 
-0.754 29.949 
-0.729 29.726 
-0.728 29.714 
-0.831 37.289 
-0.817 37.276 
-0.786 36.18 
-0.793 36.347 
-0.808 37.116 
-0.849 42.043 
-0.805 36.575 
-0.84 38.615 
-0.797 36.494 
-0.817 37.276 
-0.755 30.081 
-0.769 31.068 
-0.784 35.304 
-0.865 44.442 
-0.858 43.449 
-0.761 30.154 
-0.871 47.882 
-0.882 49.042 
-0.875 48.09 
-0.796 36.484 
-0.807 36.813 
-0.836 37.802 
-0.834 37.665 
-0.783 35.081 
-0.88 48.72 
-0.861 43.719 
-0.872 48.056 
-0.78 34.548 
-0.768 31.002 
-0.878 48.4 
-0.852 42.345 
-0.784 35.304 
-0.878 48.4 
-0.761 30.154 
-0.852 42.345 
-0.786 36.18 
-0.875 48.09 
-0.861 43.719 
-0.864 44.18 
-0.832 37.429 
-0.764 30.39 
-0.782 34.953 
-0.781 34.714 
-0.764 30.39 
-0.832 37.429 
-0.857 43.245 
-0.856 43.012 
-0.837 38.029 
-0.839 38.388 
-0.729 29.726 
-0.838 38.252 
-0.837 38.029 
-0.855 42.872 
-0.854 42.652 
-0.864 44.18 
-0.863 43.963 
-0.767 30.785 
-0.862 43.934 
-0.766 30.609 
-0.765 30.402 
-0.857 43.245 
-0.728 29.714 
-0.881 48.897 
-0.767 30.785 
-0.766 30.609 
-0.879 48.55 
-0.854 42.652 
-0.853 42.484 
-0.78 34.548 
-0.781 34.714 
-0.806 36.738 
-0.808 37.116 
-0.879 48.55 
-0.881 48.897 
-0.856 43.012 
-0.855 42.872 
-0.853 42.484 
-0.839 38.388 
-0.838 38.252 
-0.835 37.668 
-0.782 34.953 
-0.806 36.738 
