-0.882 53.699 
-0.873 49.241 
-0.861 43.868 
-0.784 35.958 
-0.848 43.307 
-0.823 37.764 
-0.799 36.779 
-0.84 42.805 
-0.767 30.85 
-0.882 53.699 
-0.784 35.958 
-0.655 26.066 
-0.783 35.177 
-0.746 30.526 
-0.808 37.528 
-0.767 30.85 
-0.812 37.75 
-0.744 30.356 
-0.874 49.513 
-0.854 43.76 
-0.808 37.528 
-0.811 37.716 
-0.873 49.241 
-0.812 37.75 
-0.784 35.958 
-0.767 30.85 
-0.764 30.701 
-0.767 30.85 
-0.767 30.85 
-0.729 29.992 
-0.784 35.958 
-0.872 48.576 
-0.863 44.203 
-0.882 53.699 
-0.767 30.85 
-0.767 30.85 
-0.853 43.623 
-0.848 43.307 
-0.784 35.958 
-0.784 35.958 
-0.839 38.509 
-0.863 44.203 
-0.874 49.513 
-0.729 29.992 
-0.767 30.85 
-0.854 43.76 
-0.674 29.827 
-0.854 43.76 
-0.836 38.016 
-0.824 37.897 
-0.854 43.76 
-0.865 44.757 
-0.809 37.652 
-0.767 30.85 
-0.837 38.154 
-0.767 30.85 
-0.769 31.177 
-0.861 43.868 
-0.746 30.526 
-0.854 43.76 
