P=? [ F (x=9&y=9&crashed=0) ]	R{"cost"}=? [ C<=100 ]
0.936	53.344
0.669	23.537
0.936	53.344
0.669	23.537
0.919	52.998
0.918	47.746
0.692	23.838
0.912	46.772
0.901	42.519
0.894	41.449
0.884	37.724
0.721	26.079
0.851	35.972
0.842	32.596
0.721	26.079
0.692	23.838
0.732	26.414
0.734	28.558
0.67	23.681
0.751	29.739
0.863	36.451
0.736	29.234
0.767	29.947
0.807	31.027
0.748	29.381
0.821	31.191
0.803	30.729
0.876	36.6
0.791	30.397
0.912	46.772
0.901	42.519
0.884	37.724
0.894	41.449
0.821	31.191
0.842	32.596
0.83	31.282
0.851	35.972
0.777	30.18
0.769	30.006
0.859	36.154
0.783	30.268
0.777	30.18
0.79	30.353
0.852	35.976
0.783	30.268
0.9	42.424
0.735	28.703
0.832	31.518
0.916	47.411
0.732	26.414
0.883	37.548
0.751	29.739
0.895	41.543
0.835	31.647
0.807	31.027
0.914	47.043
0.913	46.868
0.748	29.381
0.804	30.865
0.838	31.963
0.834	31.588
0.831	31.298
0.919	52.998
0.836	31.871
0.803	30.729
0.791	30.397
0.899	42.098
0.767	29.947
0.877	36.607
0.859	36.154
0.861	36.276
0.769	30.006
0.915	47.139
0.84	32.268
0.839	32.004
0.882	37.398
0.881	37.157
0.918	47.746
0.917	47.508
0.861	36.276
0.896	41.753
0.852	35.976
0.881	37.157
0.88	36.981
0.878	36.782
0.841	32.435
0.84	32.268
0.899	42.098
0.898	41.933
0.804	30.865
0.841	32.435
0.67	23.681
0.882	37.398
0.876	36.6
0.736	29.234
0.735	28.703
0.898	41.933
0.897	41.79
0.88	36.981
0.879	36.855
