-0.796 35.758 
-0.796 35.758 
-0.796 35.758 
-0.873 57.251 
-0.839 43.952 
-0.796 35.758 
-0.795 35.505 
-0.691 31.04 
-0.805 37.344 
-0.836 42.042 
-0.796 35.758 
-0.795 35.505 
-0.804 36.844 
-0.846 47.508 
-0.824 41.563 
-0.882 58.261 
-0.79 31.113 
-0.691 31.04 
-0.795 35.505 
-0.839 43.952 
-0.873 57.251 
-0.822 37.956 
-0.796 35.758 
-0.79 31.113 
-0.865 52.214 
-0.795 35.505 
-0.795 35.505 
-0.865 52.214 
-0.844 45.948 
-0.824 41.563 
-0.855 47.741 
-0.795 35.505 
-0.873 57.251 
-0.796 35.758 
-0.839 43.952 
-0.812 37.67 
