P=? [ F (x=9&y=9&crashed=0) ]	R{"cost"}=? [ C<=100 ]
-0.0	0.0
0.9	103.273
0.9	103.273
-0.0	0.0
0.632	20.074
0.899	78.723
0.632	20.074
0.898	73.379
0.889	57.799
0.871	46.942
0.879	52.156
0.898	73.379
0.803	31.285
0.899	78.723
0.887	57.595
0.88	52.39
0.685	23.406
0.639	20.078
0.854	42.791
0.81	35.199
0.639	20.078
0.685	23.406
0.835	40.094
0.861	46.048
0.832	36.904
0.717	26.387
0.716	23.971
0.827	35.737
0.73	26.832
0.703	23.503
0.686	23.416
0.778	30.155
0.792	30.317
0.815	35.624
0.732	28.145
0.752	28.962
0.742	28.252
0.863	46.525
0.889	57.799
0.751	28.696
0.743	28.515
0.848	41.779
0.87	46.598
0.733	28.206
0.723	26.73
0.711	23.538
0.763	29.425
0.777	29.909
0.761	29.419
0.88	52.39
0.798	30.458
0.81	35.199
0.703	23.503
0.837	40.461
0.831	36.562
0.838	41.227
0.722	26.446
0.887	57.595
0.861	46.048
0.792	30.317
0.77	29.59
0.853	42.429
0.831	36.562
0.8	30.791
0.769	29.565
0.835	40.094
0.862	46.099
0.852	42.199
0.761	29.419
0.832	36.904
0.843	41.509
0.8	30.791
0.843	41.509
0.752	28.962
0.813	35.416
0.852	42.199
0.716	23.971
0.712	23.556
0.839	41.277
0.837	40.461
0.712	23.556
0.846	41.729
0.813	35.416
0.777	29.909
0.77	29.59
0.846	41.729
0.798	30.458
0.839	41.277
0.815	35.624
0.73	26.832
0.751	28.696
0.743	28.515
0.732	28.145
0.778	30.155
0.888	57.647
0.769	29.565
0.723	26.73
0.686	23.416
0.87	46.598
0.863	46.525
