-0.817 35.685 
-0.72 28.459 
-0.78 31.955 
-0.817 35.685 
-0.918 49.395 
-0.778 31.803 
-0.778 31.803 
-0.72 28.459 
-0.88 42.232 
-0.723 28.693 
-0.774 31.032 
-0.818 35.809 
-0.899 43.593 
-0.72 28.459 
-0.817 35.685 
-0.784 31.996 
-0.856 37.196 
-0.805 32.498 
-0.765 29.741 
-0.896 42.923 
-0.778 31.803 
-0.805 32.498 
-0.858 37.539 
-0.87 41.706 
-0.817 35.685 
-0.818 35.809 
-0.818 35.809 
-0.779 31.837 
-0.819 35.961 
-0.878 41.948 
-0.72 28.459 
-0.809 32.873 
-0.766 29.742 
-0.72 28.459 
-0.778 31.803 
-0.775 31.354 
-0.773 31.027 
-0.899 43.593 
-0.918 49.395 
-0.856 37.196 
-0.895 42.685 
-0.723 28.693 
-0.72 28.459 
-0.831 36.35 
-0.72 28.459 
-0.773 31.027 
-0.878 41.948 
-0.729 28.737 
-0.804 32.443 
-0.897 43.354 
-0.779 31.837 
-0.803 32.276 
-0.773 31.027 
-0.72 28.459 
-0.811 35.607 
-0.853 36.927 
-0.677 24.972 
-0.81 35.461 
-0.882 42.528 
-0.764 29.543 
-0.729 28.737 
-0.818 35.809 
-0.917 49.34 
-0.879 42.186 
-0.857 37.411 
-0.774 31.032 
-0.91 49.176 
-0.9 48.369 
-0.817 35.685 
-0.773 31.027 
-0.774 31.032 
