-0.909 68.367 
-0.724 25.567 
-0.909 68.367 
-0.724 25.567 
-0.908 53.569 
-0.742 26.357 
-0.793 29.762 
-0.895 47.153 
-0.844 35.857 
-0.874 41.473 
-0.9 52.748 
-0.899 48.25 
-0.891 43.197 
-0.839 31.966 
-0.793 29.762 
-0.742 26.357 
-0.873 38.084 
-0.883 41.722 
-0.829 30.967 
-0.817 30.706 
-0.804 30.304 
-0.815 30.668 
-0.733 25.902 
-0.853 35.865 
-0.733 25.902 
-0.796 29.805 
-0.741 26.262 
-0.891 43.197 
-0.904 53.155 
-0.904 53.155 
-0.839 31.966 
-0.801 29.994 
-0.898 47.719 
-0.829 30.967 
-0.844 35.857 
-0.833 31.14 
-0.856 36.075 
-0.865 36.707 
-0.885 41.948 
-0.861 36.482 
-0.835 31.372 
-0.865 36.707 
-0.868 36.928 
-0.815 30.668 
-0.898 47.719 
-0.899 48.25 
-0.889 42.678 
-0.817 30.706 
-0.853 35.865 
-0.908 53.569 
-0.889 42.678 
-0.9 52.748 
-0.859 36.253 
-0.833 31.14 
-0.838 31.796 
-0.838 31.796 
-0.836 31.415 
-0.804 30.304 
-0.741 26.262 
-0.87 37.444 
-0.869 37.103 
-0.871 37.749 
-0.87 37.444 
-0.836 31.415 
-0.857 36.087 
-0.887 42.361 
-0.886 42.127 
-0.861 36.482 
-0.868 36.928 
-0.801 29.994 
-0.888 42.498 
-0.886 42.127 
-0.873 38.084 
-0.872 37.907 
-0.869 37.103 
-0.86 36.427 
-0.859 36.253 
-0.857 36.087 
-0.872 37.907 
-0.871 37.749 
-0.802 30.146 
-0.888 42.498 
-0.887 42.361 
-0.803 30.171 
-0.86 36.427 
-0.803 30.171 
-0.802 30.146 
-0.909 68.367 
-0.724 25.567 
-0.793 29.762 
-0.733 25.902 
-0.839 31.966 
-0.891 43.197 
-0.844 35.857 
-0.853 35.865 
-0.865 36.707 
-0.815 30.668 
-0.899 48.25 
-0.817 30.706 
-0.857 36.087 
