-0.862 51.704 
-0.659 22.75 
-0.862 51.704 
-0.664 26.353 
-0.731 26.794 
-0.836 40.845 
-0.845 45.807 
-0.854 46.879 
-0.732 26.933 
-0.828 39.985 
-0.821 35.979 
-0.66 22.778 
-0.786 34.53 
-0.785 31.15 
-0.744 30.396 
-0.743 29.823 
-0.763 30.423 
-0.777 30.461 
-0.743 29.823 
-0.801 34.817 
-0.787 34.569 
-0.764 30.458 
-0.845 45.807 
-0.821 35.979 
-0.854 46.879 
-0.828 39.985 
-0.819 35.48 
-0.847 46.307 
-0.811 35.441 
-0.805 35.386 
-0.812 35.456 
-0.664 26.353 
-0.834 40.391 
-0.829 40.156 
-0.783 30.873 
-0.835 40.644 
-0.851 46.415 
-0.804 35.201 
-0.66 22.778 
-0.731 26.794 
-0.852 46.529 
-0.781 30.818 
-0.82 35.621 
-0.784 31.138 
-0.78 30.561 
-0.847 46.307 
-0.801 34.817 
-0.787 34.569 
-0.834 40.391 
-0.829 40.156 
-0.779 30.486 
-0.803 34.989 
-0.853 46.674 
-0.853 46.674 
-0.82 35.621 
-0.802 34.957 
-0.851 46.415 
-0.78 30.561 
-0.781 30.818 
-0.805 35.386 
-0.786 34.53 
-0.803 34.989 
-0.802 34.957 
-0.763 30.423 
-0.744 30.396 
-0.779 30.486 
-0.819 35.48 
-0.812 35.456 
-0.785 31.15 
-0.784 31.138 
-0.764 30.458 
-0.862 51.704 
-0.743 29.823 
-0.845 45.807 
-0.821 35.979 
-0.854 46.879 
-0.664 26.353 
-0.66 22.778 
-0.731 26.794 
-0.847 46.307 
-0.787 34.569 
-0.829 40.156 
-0.82 35.621 
-0.851 46.415 
-0.78 30.561 
-0.805 35.386 
-0.786 34.53 
-0.802 34.957 
-0.763 30.423 
-0.744 30.396 
-0.779 30.486 
-0.819 35.48 
-0.812 35.456 
-0.785 31.15 
-0.784 31.138 
-0.764 30.458 
-0.743 29.823 
-0.829 40.156 
-0.845 45.807 
-0.821 35.979 
