P=? [ F (x=9&y=9&crashed=0) ]	R{"cost"}=? [ C<=100 ]
0.625	20.021
0.928	63.174
0.928	63.174
0.625	20.021
0.688	23.391
0.644	20.094
0.644	20.094
0.927	58.063
0.688	23.391
0.773	29.87
0.919	52.675
0.916	47.381
0.923	57.975
0.89	41.258
0.726	23.72
0.909	46.606
0.92	53.232
0.898	42.043
0.838	32.153
0.883	37.67
0.85	35.842
0.795	30.038
0.763	27.973
0.706	23.5
0.744	27.846
0.852	36.045
0.706	23.5
0.727	25.924
0.869	36.098
0.809	31.078
0.825	31.24
0.838	32.153
0.767	28.539
0.85	35.842
0.898	42.043
0.909	46.606
0.883	37.67
0.767	28.539
0.734	26.369
0.797	30.269
0.894	41.315
0.912	46.675
0.92	53.232
0.919	52.675
0.83	31.253
0.799	30.596
0.736	27.109
0.825	31.24
0.805	30.948
0.803	30.696
0.73	26.231
0.88	37.036
0.916	47.381
0.809	31.078
0.915	47.044
0.895	41.609
0.876	36.374
0.874	36.349
0.764	28.178
0.897	41.935
0.881	37.357
0.741	27.504
0.879	36.853
0.738	27.356
0.878	36.776
0.737	27.25
0.923	57.975
0.764	28.178
0.873	36.169
0.872	36.14
0.835	31.873
0.87	36.107
0.881	37.357
0.795	30.038
0.742	27.661
0.733	26.364
0.736	27.109
0.835	31.873
0.805	30.948
0.914	46.945
0.744	27.846
0.834	31.825
0.833	31.571
0.803	30.696
0.799	30.596
0.914	46.945
0.729	26.142
0.877	36.605
0.726	23.72
0.729	26.142
0.727	25.924
0.896	41.718
0.832	31.516
0.831	31.3
0.851	35.851
0.742	27.661
0.877	36.605
0.741	27.504
0.738	27.356
0.733	26.364
