-0.834 38.668 
-0.865 43.206 
-0.899 49.316 
-0.857 38.98 
-0.889 45.041 
-0.865 43.206 
-0.857 38.98 
-0.909 51.018 
-0.857 38.98 
-0.882 44.437 
-0.888 44.678 
-0.834 38.668 
-0.91 55.733 
-0.891 45.484 
-0.849 38.808 
-0.914 60.182 
-0.848 38.706 
-0.889 45.041 
-0.899 49.316 
-0.908 50.968 
-0.829 38.117 
-0.876 44.153 
-0.865 43.206 
-0.861 39.678 
-0.91 55.733 
-0.891 45.484 
-0.829 38.117 
-0.889 45.041 
-0.856 38.846 
-0.876 44.153 
-0.849 38.808 
-0.856 38.846 
-0.848 38.706 
-0.834 38.668 
-0.829 38.117 
-0.833 38.425 
-0.909 51.018 
-0.899 49.316 
-0.908 50.968 
-0.857 38.98 
-0.857 38.98 
-0.857 38.98 
-0.813 34.395 
-0.857 38.98 
-0.804 33.178 
-0.857 38.98 
-0.889 45.041 
