-0.738 24.415 
-0.928 49.191 
-0.738 24.415 
-0.928 49.191 
-0.919 44.263 
-0.83 30.994 
-0.907 42.665 
-0.888 36.994 
-0.926 48.713 
-0.782 27.175 
-0.861 31.033 
-0.814 29.94 
-0.885 33.199 
-0.902 38.812 
-0.814 29.94 
-0.782 27.175 
-0.764 25.163 
-0.746 24.959 
-0.776 26.083 
-0.781 26.798 
-0.745 24.893 
-0.88 32.46 
-0.778 26.094 
-0.766 25.44 
-0.916 43.667 
-0.898 37.791 
-0.926 48.713 
-0.822 29.949 
-0.902 38.812 
-0.911 43.639 
-0.9 38.108 
-0.892 37.75 
-0.918 43.99 
-0.876 32.125 
-0.828 30.245 
-0.876 32.125 
-0.766 25.44 
-0.885 33.199 
-0.927 48.863 
-0.866 31.647 
-0.871 31.834 
-0.827 30.123 
-0.864 31.264 
-0.87 31.794 
-0.765 25.434 
-0.823 29.954 
-0.901 38.422 
-0.91 43.253 
-0.883 32.823 
-0.889 37.353 
-0.882 32.781 
-0.909 43.057 
-0.908 42.737 
-0.901 38.422 
-0.861 31.033 
-0.871 31.834 
-0.828 30.245 
-0.864 31.264 
-0.891 37.544 
-0.865 31.441 
-0.764 25.163 
-0.746 24.959 
-0.91 43.253 
-0.909 43.057 
-0.865 31.441 
-0.883 32.823 
-0.882 32.781 
-0.898 37.791 
-0.83 30.994 
-0.827 30.123 
-0.823 29.954 
-0.87 31.794 
-0.866 31.647 
-0.891 37.544 
-0.89 37.401 
-0.908 42.737 
-0.89 37.401 
-0.889 37.353 
-0.892 37.75 
-0.911 43.639 
-0.822 29.949 
-0.928 49.191 
-0.738 24.415 
-0.814 29.94 
-0.782 27.175 
-0.926 48.713 
-0.902 38.812 
-0.766 25.44 
-0.885 33.199 
-0.911 43.639 
-0.764 25.163 
-0.901 38.422 
-0.861 31.033 
-0.871 31.834 
-0.882 32.781 
-0.828 30.245 
-0.864 31.264 
-0.746 24.959 
-0.91 43.253 
-0.909 43.057 
