-0.749 26.211 
-0.926 59.19 
-0.749 26.211 
-0.788 27.325 
-0.925 53.99 
-0.921 53.273 
-0.86 36.649 
-0.795 30.542 
-0.917 49.168 
-0.768 26.299 
-0.883 38.396 
-0.902 46.766 
-0.813 31.045 
-0.772 26.805 
-0.886 41.911 
-0.844 35.71 
-0.9 43.454 
-0.809 30.715 
-0.848 36.219 
-0.839 33.256 
-0.873 36.78 
-0.826 31.37 
-0.797 30.667 
-0.788 27.325 
-0.904 47.137 
-0.911 48.339 
-0.888 42.281 
-0.831 31.922 
-0.894 42.286 
-0.906 47.507 
-0.923 53.409 
-0.917 49.168 
-0.839 33.256 
-0.837 32.853 
-0.924 53.942 
-0.913 48.512 
-0.833 32.453 
-0.896 42.699 
-0.895 42.314 
-0.829 31.842 
-0.828 31.431 
-0.882 38.024 
-0.914 48.71 
-0.9 43.454 
-0.908 48.028 
-0.835 32.781 
-0.833 32.453 
-0.826 31.37 
-0.886 41.911 
-0.771 26.765 
-0.914 48.71 
-0.771 26.765 
-0.907 47.879 
-0.899 43.088 
-0.838 33.202 
-0.847 36.094 
-0.796 30.605 
-0.908 48.028 
-0.876 37.117 
-0.898 43.021 
-0.897 42.737 
-0.878 37.509 
-0.877 37.227 
-0.874 36.874 
-0.846 36.079 
-0.845 35.814 
-0.835 32.781 
-0.876 37.117 
-0.874 36.874 
-0.887 42.039 
-0.881 37.991 
-0.88 37.757 
-0.88 37.757 
-0.879 37.565 
-0.907 47.879 
-0.873 36.78 
-0.887 42.039 
-0.877 37.227 
-0.845 35.814 
-0.829 31.842 
-0.899 43.088 
-0.898 43.021 
-0.828 31.431 
-0.879 37.565 
-0.878 37.509 
-0.838 33.202 
-0.925 53.99 
-0.797 30.667 
-0.897 42.737 
-0.881 37.991 
-0.846 36.079 
-0.888 42.281 
-0.749 26.211 
-0.9 43.454 
-0.914 48.71 
-0.833 32.453 
-0.826 31.37 
-0.886 41.911 
-0.771 26.765 
-0.835 32.781 
