-0.732 27.18 
-0.89 42.695 
-0.8 31.371 
-0.847 36.115 
-0.887 42.039 
-0.905 47.694 
-0.835 33.17 
-0.878 37.575 
-0.848 36.567 
-0.831 32.632 
-0.915 58.585 
-0.732 27.18 
-0.868 37.36 
-0.827 32.297 
-0.925 64.134 
-0.907 53.363 
-0.897 42.813 
-0.907 53.363 
-0.89 42.695 
-0.905 47.694 
-0.909 53.476 
-0.879 37.724 
-0.796 30.607 
-0.729 26.527 
-0.888 42.281 
-0.732 27.18 
-0.732 27.18 
-0.831 32.632 
-0.853 36.778 
-0.886 42.027 
-0.829 32.436 
-0.835 33.17 
-0.907 53.363 
-0.905 47.694 
-0.883 38.444 
-0.861 37.295 
-0.835 33.17 
