-0.838 57.449 
-0.68 25.435 
-0.838 57.449 
-0.758 32.435 
-0.82 51.05 
-0.773 35.36 
-0.726 28.979 
-0.831 51.439 
-0.71 26.556 
-0.792 41.065 
-0.79 36.682 
-0.802 41.614 
-0.804 44.943 
-0.699 25.608 
-0.813 47.223 
-0.739 29.646 
-0.729 29.455 
-0.701 25.844 
-0.811 45.862 
-0.782 36.456 
-0.707 26.407 
-0.83 51.247 
-0.743 30.266 
-0.749 31.45 
-0.813 47.223 
-0.788 36.473 
-0.799 41.194 
-0.812 46.793 
-0.743 30.266 
-0.78 35.805 
-0.831 51.439 
-0.779 35.441 
-0.748 31.399 
-0.749 31.45 
-0.748 31.399 
-0.807 45.401 
-0.807 45.401 
-0.709 26.447 
-0.799 41.194 
-0.805 45.196 
-0.79 36.682 
-0.728 29.376 
-0.699 25.608 
-0.792 41.065 
-0.728 29.376 
-0.805 45.196 
-0.83 51.247 
-0.779 35.441 
-0.699 25.608 
-0.699 25.608 
-0.699 25.608 
-0.699 25.608 
-0.699 25.608 
-0.699 25.608 
-0.699 25.608 
-0.805 45.196 
-0.792 41.065 
-0.699 25.608 
-0.699 25.608 
-0.699 25.608 
-0.79 36.682 
-0.699 25.608 
-0.699 25.608 
-0.699 25.608 
-0.699 25.608 
-0.699 25.608 
-0.699 25.608 
-0.699 25.608 
-0.838 57.449 
-0.807 45.401 
-0.699 25.608 
-0.699 25.608 
-0.699 25.608 
-0.699 25.608 
-0.83 51.247 
-0.83 51.247 
-0.699 25.608 
-0.79 36.682 
-0.699 25.608 
-0.805 45.196 
-0.838 57.449 
-0.699 25.608 
-0.807 45.401 
-0.699 25.608 
-0.805 45.196 
-0.699 25.608 
-0.699 25.608 
-0.699 25.608 
-0.699 25.608 
-0.699 25.608 
-0.79 36.682 
-0.699 25.608 
-0.699 25.608 
-0.699 25.608 
-0.699 25.608 
-0.838 57.449 
-0.807 45.401 
-0.699 25.608 
-0.805 45.196 
-0.699 25.608 
