-0.683 25.792 
-0.882 57.472 
-0.726 25.907 
-0.877 52.171 
-0.881 52.573 
-0.742 26.694 
-0.873 47.428 
-0.765 29.684 
-0.834 35.77 
-0.792 29.878 
-0.865 42.715 
-0.857 41.188 
-0.831 32.155 
-0.856 37.707 
-0.867 45.956 
-0.759 29.089 
-0.759 29.089 
-0.841 35.867 
-0.726 25.907 
-0.741 26.66 
-0.816 30.359 
-0.807 30.08 
-0.794 29.88 
-0.871 46.524 
-0.848 36.113 
-0.854 37.363 
-0.862 41.823 
-0.809 30.082 
-0.863 42.537 
-0.829 31.821 
-0.873 47.428 
-0.852 36.749 
-0.741 26.66 
-0.85 36.644 
-0.831 32.155 
-0.763 29.681 
-0.761 29.206 
-0.82 30.525 
-0.878 52.447 
-0.823 31.082 
-0.822 30.658 
-0.872 47.092 
-0.868 46.037 
-0.859 41.469 
-0.809 30.082 
-0.834 35.77 
-0.848 36.113 
-0.868 46.037 
-0.807 30.08 
-0.794 29.88 
-0.862 41.823 
-0.859 41.469 
-0.792 29.878 
-0.856 37.707 
-0.872 47.092 
-0.82 30.525 
-0.825 31.336 
-0.827 31.623 
-0.761 29.206 
-0.852 36.749 
-0.85 36.644 
-0.825 31.336 
-0.823 31.082 
-0.867 45.956 
-0.828 31.628 
-0.863 42.537 
-0.763 29.681 
-0.826 31.496 
-0.858 41.344 
-0.822 30.658 
-0.826 31.496 
-0.878 52.447 
-0.858 41.344 
-0.828 31.628 
-0.741 26.66 
-0.759 29.089 
-0.726 25.907 
-0.856 37.707 
-0.873 47.428 
-0.831 32.155 
-0.809 30.082 
-0.834 35.77 
-0.848 36.113 
-0.807 30.08 
-0.862 41.823 
-0.859 41.469 
-0.792 29.878 
-0.863 42.537 
-0.761 29.206 
-0.85 36.644 
-0.825 31.336 
-0.823 31.082 
-0.763 29.681 
-0.826 31.496 
-0.878 52.447 
-0.872 47.092 
-0.828 31.628 
-0.741 26.66 
-0.759 29.089 
-0.726 25.907 
