-0.635 31.033 
-0.87 64.644 
-0.635 31.033 
-0.87 64.644 
-0.743 31.787 
-0.665 31.178 
-0.78 34.26 
-0.845 53.151 
-0.856 64.076 
-0.847 58.756 
-0.797 41.737 
-0.82 43.787 
-0.665 31.178 
-0.848 59.458 
-0.793 38.55 
-0.821 47.202 
-0.78 34.26 
-0.789 37.814 
-0.845 53.151 
-0.837 49.771 
-0.836 48.502 
-0.837 49.771 
-0.811 42.364 
-0.848 59.458 
-0.856 64.076 
-0.789 37.814 
-0.816 42.986 
-0.824 47.52 
-0.797 41.737 
-0.828 48.322 
-0.813 42.658 
-0.847 58.756 
-0.827 48.319 
-0.816 42.986 
-0.811 42.364 
-0.824 47.52 
-0.791 38.084 
-0.79 38.003 
-0.821 47.202 
-0.827 48.319 
-0.791 38.084 
-0.812 42.446 
-0.828 48.322 
-0.812 42.446 
-0.87 64.644 
-0.837 49.771 
-0.848 59.458 
-0.789 37.814 
-0.797 41.737 
-0.847 58.756 
-0.816 42.986 
-0.811 42.364 
-0.821 47.202 
-0.827 48.319 
-0.812 42.446 
-0.791 38.084 
-0.828 48.322 
-0.87 64.644 
-0.848 59.458 
-0.789 37.814 
-0.847 58.756 
-0.811 42.364 
-0.816 42.986 
-0.821 47.202 
-0.827 48.319 
-0.812 42.446 
-0.847 58.756 
-0.811 42.364 
-0.821 47.202 
-0.812 42.446 
-0.847 58.756 
-0.811 42.364 
-0.821 47.202 
-0.847 58.756 
-0.811 42.364 
-0.811 42.364 
-0.811 42.364 
-0.811 42.364 
-0.811 42.364 
-0.811 42.364 
-0.821 47.202 
-0.811 42.364 
-0.821 47.202 
-0.811 42.364 
-0.811 42.364 
-0.811 42.364 
-0.847 58.756 
-0.811 42.364 
-0.811 42.364 
-0.812 42.446 
-0.811 42.364 
-0.811 42.364 
-0.816 42.986 
-0.811 42.364 
-0.811 42.364 
-0.811 42.364 
-0.811 42.364 
-0.847 58.756 
-0.821 47.202 
-0.811 42.364 
