-0.854 61.307 
-0.765 34.155 
-0.835 51.81 
-0.813 45.688 
-0.736 32.85 
-0.757 33.654 
-0.767 37.997 
-0.736 32.85 
-0.765 34.155 
-0.838 56.104 
-0.801 44.655 
-0.736 32.85 
-0.845 56.51 
-0.75 33.604 
-0.813 45.688 
-0.711 28.138 
-0.765 34.155 
-0.722 28.733 
-0.738 32.902 
-0.729 32.244 
-0.854 61.307 
-0.845 56.51 
-0.813 45.688 
-0.758 33.776 
-0.813 45.688 
-0.765 34.155 
-0.835 51.81 
-0.803 45.063 
-0.735 32.33 
-0.813 45.688 
-0.827 50.442 
-0.825 46.328 
-0.828 51.64 
-0.796 43.639 
-0.829 51.702 
-0.813 45.688 
-0.693 27.865 
-0.774 38.541 
-0.743 33.106 
-0.778 38.845 
-0.787 39.24 
-0.736 32.85 
-0.766 37.893 
-0.75 33.604 
-0.836 51.914 
-0.835 51.81 
-0.793 40.155 
-0.835 51.81 
-0.788 39.421 
-0.845 56.51 
-0.811 45.533 
-0.801 44.655 
-0.813 45.688 
-0.828 51.64 
-0.8 44.443 
-0.75 33.604 
-0.813 45.688 
-0.729 32.244 
-0.826 46.414 
