-0.879 52.373 
-0.686 24.88 
-0.686 24.88 
-0.879 52.373 
-0.856 46.565 
-0.872 52.059 
-0.802 31.476 
-0.855 41.748 
-0.871 47.361 
-0.73 26.428 
-0.809 34.848 
-0.83 36.659 
-0.744 28.928 
-0.835 40.348 
-0.708 25.297 
-0.759 29.616 
-0.708 25.297 
-0.78 29.971 
-0.69 25.137 
-0.735 27.023 
-0.78 29.971 
-0.792 30.273 
-0.843 40.807 
-0.87 47.177 
-0.852 41.156 
-0.828 36.362 
-0.735 27.023 
-0.845 41.075 
-0.863 46.586 
-0.794 30.604 
-0.815 35.685 
-0.836 40.516 
-0.864 46.844 
-0.821 36.239 
-0.813 35.08 
-0.819 35.769 
-0.798 31.123 
-0.75 29.095 
-0.835 40.348 
-0.75 29.095 
-0.755 29.156 
-0.797 30.772 
-0.82 36.124 
-0.759 29.616 
-0.757 29.297 
-0.81 35.011 
-0.792 30.273 
-0.733 26.99 
-0.732 26.701 
-0.798 31.123 
-0.864 46.844 
-0.689 25.1 
-0.872 52.059 
-0.836 40.516 
-0.757 29.297 
-0.853 41.439 
-0.732 26.701 
-0.854 41.689 
-0.853 41.439 
-0.815 35.685 
-0.845 41.075 
-0.689 25.1 
-0.813 35.08 
-0.755 29.156 
-0.871 47.361 
-0.829 36.53 
-0.797 30.772 
-0.69 25.137 
-0.829 36.53 
-0.821 36.239 
-0.819 35.769 
-0.81 35.011 
-0.855 41.748 
-0.854 41.689 
-0.733 26.99 
-0.863 46.586 
-0.856 46.565 
-0.879 52.373 
-0.686 24.88 
-0.708 25.297 
-0.78 29.971 
-0.735 27.023 
-0.845 41.075 
-0.829 36.53 
-0.835 40.348 
-0.792 30.273 
-0.797 30.772 
-0.759 29.616 
-0.798 31.123 
-0.864 46.844 
-0.872 52.059 
-0.757 29.297 
-0.732 26.701 
-0.853 41.439 
-0.815 35.685 
-0.689 25.1 
-0.755 29.156 
-0.871 47.361 
-0.836 40.516 
-0.819 35.769 
