-0.736 29.002 
-0.736 29.002 
-0.794 36.014 
-0.763 30.018 
-0.761 29.854 
-0.758 29.437 
-0.774 34.442 
-0.764 30.29 
-0.812 41.389 
-0.706 28.274 
-0.688 27.994 
-0.796 36.31 
-0.813 45.658 
-0.737 29.061 
-0.774 34.442 
-0.806 40.696 
-0.762 29.869 
-0.794 36.014 
-0.794 36.014 
-0.73 28.987 
-0.774 34.442 
-0.706 28.274 
-0.79 35.507 
-0.688 27.994 
-0.76 29.802 
-0.795 36.036 
-0.812 41.389 
-0.729 28.964 
-0.634 24.515 
-0.763 30.018 
-0.829 50.631 
-0.761 29.854 
-0.83 50.907 
-0.634 24.515 
-0.813 45.658 
-0.824 46.313 
-0.789 35.326 
-0.762 29.869 
-0.774 34.442 
-0.762 29.869 
-0.706 28.274 
-0.793 35.834 
-0.751 29.114 
-0.787 35.113 
-0.813 45.658 
-0.726 28.501 
-0.724 28.302 
-0.812 41.389 
-0.808 40.866 
-0.774 34.442 
-0.76 29.802 
-0.706 28.274 
-0.759 29.531 
-0.762 29.869 
-0.81 41.213 
-0.755 29.195 
-0.796 36.31 
-0.634 24.515 
-0.794 36.014 
-0.635 24.524 
-0.765 30.342 
-0.79 35.507 
-0.791 35.802 
