-0.83 50.903 
-0.635 24.515 
-0.635 24.515 
-0.636 24.519 
-0.688 27.994 
-0.814 45.093 
-0.806 40.452 
-0.688 27.994 
-0.774 34.442 
-0.796 36.233 
-0.765 30.342 
-0.812 41.389 
-0.829 50.631 
-0.828 46.846 
-0.737 28.999 
-0.706 28.274 
-0.724 28.28 
-0.706 28.274 
-0.751 29.11 
-0.824 46.309 
-0.824 46.309 
-0.774 34.442 
-0.796 36.233 
-0.779 34.975 
-0.765 30.342 
-0.787 35.113 
-0.808 40.866 
-0.73 28.967 
-0.827 46.672 
-0.81 41.054 
-0.729 28.833 
-0.755 29.195 
-0.792 35.638 
-0.751 29.11 
-0.795 36.036 
-0.726 28.501 
-0.812 41.389 
-0.726 28.501 
-0.764 30.235 
-0.777 34.785 
-0.794 35.857 
-0.789 35.326 
-0.758 29.437 
-0.755 29.195 
-0.793 35.797 
-0.788 35.27 
-0.777 34.785 
-0.79 35.507 
-0.829 50.631 
-0.76 29.802 
-0.759 29.531 
-0.758 29.437 
-0.763 30.018 
-0.761 29.817 
-0.828 46.846 
-0.778 34.939 
-0.763 30.018 
-0.762 29.867 
-0.724 28.28 
-0.787 35.113 
-0.79 35.507 
-0.759 29.531 
-0.762 29.867 
-0.778 34.939 
-0.73 28.967 
-0.76 29.802 
-0.688 27.994 
-0.706 28.274 
-0.774 34.442 
-0.812 41.389 
-0.726 28.501 
-0.751 29.11 
-0.787 35.113 
-0.79 35.507 
-0.763 30.018 
-0.759 29.531 
-0.76 29.802 
-0.774 34.442 
-0.774 34.442 
-0.706 28.274 
-0.688 27.994 
-0.812 41.389 
-0.763 30.018 
-0.774 34.442 
-0.706 28.274 
-0.774 34.442 
-0.76 29.802 
-0.706 28.274 
-0.79 35.507 
-0.774 34.442 
-0.774 34.442 
-0.787 35.113 
-0.706 28.274 
-0.688 27.994 
-0.751 29.11 
-0.79 35.507 
-0.79 35.507 
-0.688 27.994 
-0.76 29.802 
-0.759 29.531 
