-0.759 29.533 
-0.759 29.533 
-0.736 29.002 
-0.759 29.533 
-0.765 33.868 
-0.736 29.002 
-0.795 36.038 
-0.813 46.536 
-0.759 29.533 
-0.815 50.523 
-0.794 36.014 
-0.83 50.908 
-0.806 40.697 
-0.762 29.977 
-0.759 29.533 
-0.634 24.53 
-0.759 29.533 
-0.815 50.523 
-0.793 35.837 
-0.815 50.523 
-0.751 29.405 
-0.759 29.533 
-0.795 36.038 
-0.789 35.438 
-0.765 33.868 
-0.811 41.885 
-0.759 29.533 
-0.815 50.523 
-0.795 36.038 
-0.815 50.523 
-0.763 30.018 
-0.795 36.038 
-0.789 35.438 
-0.761 29.854 
-0.634 24.53 
-0.795 36.038 
-0.793 35.837 
-0.759 29.533 
-0.759 29.533 
-0.806 40.697 
-0.759 29.533 
-0.737 29.063 
-0.814 49.453 
-0.688 28.001 
-0.795 36.038 
-0.758 29.437 
-0.759 29.533 
-0.759 29.533 
-0.634 24.53 
-0.808 40.87 
-0.774 34.442 
-0.815 50.523 
-0.806 40.697 
-0.806 40.697 
-0.759 29.533 
-0.815 50.523 
-0.812 45.547 
-0.764 30.29 
-0.751 29.405 
-0.759 29.533 
-0.759 29.533 
