-0.864 42.744 
-0.84 37.922 
-0.87 47.309 
-0.806 31.593 
-0.84 37.922 
-0.782 30.565 
-0.826 35.446 
-0.839 37.659 
-0.872 47.728 
-0.751 28.494 
-0.873 48.001 
-0.845 41.618 
-0.839 37.659 
-0.87 47.309 
-0.873 48.001 
-0.858 41.619 
-0.839 37.659 
-0.872 47.728 
-0.84 37.922 
-0.863 42.478 
-0.869 47.17 
-0.839 37.659 
-0.828 36.076 
-0.84 37.922 
-0.776 30.421 
-0.818 35.355 
-0.782 30.565 
-0.871 47.599 
-0.806 31.593 
-0.843 41.156 
-0.869 47.17 
-0.772 29.833 
-0.839 37.659 
-0.75 28.342 
-0.751 28.494 
-0.831 36.711 
-0.807 31.751 
-0.797 31.196 
-0.86 41.808 
-0.76 29.581 
-0.84 37.922 
-0.84 37.922 
-0.806 31.593 
-0.839 37.659 
-0.772 29.833 
-0.838 37.421 
-0.805 31.335 
-0.861 42.041 
-0.84 37.922 
-0.84 37.922 
-0.828 36.076 
-0.782 30.565 
-0.839 37.659 
-0.782 30.565 
-0.774 30.205 
-0.836 37.168 
-0.751 28.494 
-0.858 41.619 
-0.839 37.659 
-0.831 36.711 
-0.807 31.751 
-0.864 42.744 
-0.84 37.922 
-0.84 37.922 
-0.84 37.922 
-0.858 41.619 
-0.831 36.711 
-0.84 37.922 
-0.831 36.711 
-0.797 31.196 
-0.782 30.565 
-0.84 37.922 
-0.826 35.446 
-0.83 36.092 
-0.786 30.62 
-0.767 29.636 
-0.84 37.922 
-0.859 41.745 
-0.839 37.659 
-0.839 37.659 
-0.808 31.821 
-0.84 37.922 
-0.839 37.659 
-0.839 37.659 
-0.839 37.659 
-0.873 48.001 
-0.862 42.21 
-0.84 37.922 
-0.863 42.478 
-0.751 28.494 
-0.858 41.619 
-0.681 24.39 
-0.827 35.668 
-0.808 31.821 
-0.796 30.661 
-0.828 36.076 
-0.839 37.659 
-0.845 41.618 
-0.806 31.593 
