-0.873 48.001 
-0.681 24.39 
-0.873 48.001 
-0.681 24.39 
-0.749 28.301 
-0.682 24.397 
-0.818 35.233 
-0.869 47.17 
-0.864 42.744 
-0.843 41.139 
-0.808 31.821 
-0.84 37.869 
-0.845 41.595 
-0.776 30.421 
-0.767 29.636 
-0.858 41.619 
-0.788 30.494 
-0.76 29.581 
-0.803 31.09 
-0.753 28.996 
-0.808 31.821 
-0.797 30.892 
-0.826 35.446 
-0.795 30.65 
-0.831 36.708 
-0.774 30.147 
-0.835 37.05 
-0.751 28.493 
-0.788 30.494 
-0.772 29.833 
-0.76 29.581 
-0.864 42.744 
-0.805 31.319 
-0.83 36.092 
-0.753 28.996 
-0.828 35.851 
-0.869 47.17 
-0.871 47.599 
-0.84 37.869 
-0.86 41.808 
-0.838 37.421 
-0.837 37.378 
-0.807 31.749 
-0.831 36.708 
-0.772 29.833 
-0.75 28.339 
-0.863 42.478 
-0.862 42.167 
-0.87 47.309 
-0.806 31.593 
-0.872 47.728 
-0.863 42.478 
-0.83 36.092 
-0.839 37.659 
-0.861 42.041 
-0.796 30.661 
-0.827 35.668 
-0.826 35.446 
-0.836 37.168 
-0.839 37.659 
-0.776 30.421 
-0.827 35.668 
-0.806 31.593 
-0.87 47.309 
-0.872 47.728 
-0.862 42.167 
-0.861 42.041 
-0.859 41.745 
-0.836 37.168 
-0.859 41.745 
-0.858 41.619 
-0.796 30.661 
-0.873 48.001 
-0.808 31.821 
-0.796 30.661 
-0.864 42.744 
-0.869 47.17 
-0.84 37.869 
-0.772 29.833 
-0.863 42.478 
-0.83 36.092 
-0.839 37.659 
-0.806 31.593 
-0.87 47.309 
-0.872 47.728 
-0.861 42.041 
-0.826 35.446 
-0.859 41.745 
-0.858 41.619 
-0.839 37.659 
-0.873 48.001 
-0.839 37.659 
-0.872 47.728 
-0.839 37.659 
-0.806 31.593 
-0.869 47.17 
-0.839 37.659 
-0.806 31.593 
-0.839 37.659 
-0.772 29.833 
