-0.873 47.903 
-0.675 24.156 
-0.873 47.903 
-0.675 24.156 
-0.864 42.701 
-0.708 26.162 
-0.869 47.129 
-0.708 26.162 
-0.818 35.228 
-0.843 41.035 
-0.808 31.821 
-0.84 37.869 
-0.682 24.396 
-0.73 27.767 
-0.737 28.083 
-0.73 27.767 
-0.763 29.464 
-0.682 24.396 
-0.846 41.475 
-0.749 28.114 
-0.788 30.474 
-0.831 36.667 
-0.858 41.619 
-0.753 28.959 
-0.808 31.821 
-0.818 35.228 
-0.826 35.446 
-0.781 30.366 
-0.779 30.33 
-0.793 30.537 
-0.772 29.738 
-0.863 42.435 
-0.767 29.636 
-0.775 30.238 
-0.869 47.129 
-0.83 36.09 
-0.797 30.878 
-0.844 41.241 
-0.753 28.959 
-0.68 24.38 
-0.751 28.488 
-0.84 37.869 
-0.835 37.049 
-0.767 29.636 
-0.806 31.584 
-0.835 37.049 
-0.801 31.088 
-0.807 31.593 
-0.845 41.448 
-0.803 31.09 
-0.801 31.088 
-0.871 47.556 
-0.87 47.267 
-0.752 28.673 
-0.774 29.969 
-0.862 42.167 
-0.805 31.319 
-0.839 37.631 
-0.794 30.562 
-0.781 30.366 
-0.68 24.38 
-0.862 42.167 
-0.861 41.946 
-0.804 31.308 
-0.826 35.446 
-0.839 37.631 
-0.838 37.414 
-0.796 30.661 
-0.797 30.878 
-0.872 47.694 
-0.83 36.09 
-0.827 35.649 
-0.829 35.887 
-0.773 29.94 
-0.828 35.851 
-0.827 35.649 
-0.75 28.308 
-0.752 28.673 
-0.75 28.308 
-0.858 41.619 
-0.837 37.302 
-0.836 37.162 
-0.87 47.267 
-0.872 47.694 
-0.871 47.556 
-0.861 41.946 
-0.86 41.808 
-0.681 24.39 
-0.859 41.736 
-0.836 37.162 
-0.838 37.414 
-0.837 37.302 
-0.772 29.738 
-0.775 30.238 
-0.795 30.649 
-0.86 41.808 
-0.859 41.736 
-0.829 35.887 
-0.828 35.851 
-0.749 28.114 
