-0.58 32.21 
-0.845 69.855 
-0.58 32.21 
-0.747 39.44 
-0.632 34.172 
-0.6 32.436 
-0.796 51.401 
-0.821 63.426 
-0.632 34.172 
-0.6 32.436 
-0.811 55.631 
-0.67 36.276 
-0.844 69.747 
-0.837 66.332 
-0.785 48.384 
-0.773 44.982 
-0.82 60.147 
-0.812 58.825 
-0.752 42.608 
-0.725 39.032 
-0.788 50.381 
-0.652 36.036 
-0.649 35.741 
-0.836 64.939 
-0.797 53.77 
-0.786 48.54 
-0.837 66.332 
-0.584 32.303 
-0.772 44.795 
-0.828 64.502 
-0.802 54.765 
-0.691 38.047 
-0.705 38.081 
-0.773 44.982 
-0.785 48.384 
-0.649 35.741 
-0.725 39.032 
-0.804 55.279 
-0.678 37.393 
-0.715 38.904 
-0.761 42.983 
-0.765 43.787 
-0.675 36.619 
-0.765 43.787 
-0.828 64.502 
-0.813 59.404 
-0.788 50.381 
-0.684 37.844 
-0.753 42.758 
-0.821 63.426 
-0.81 55.324 
-0.747 39.44 
-0.844 69.747 
-0.674 36.5 
-0.69 37.879 
-0.819 59.983 
-0.798 53.93 
-0.706 38.19 
-0.712 38.312 
-0.684 37.844 
-0.678 37.393 
-0.752 42.608 
-0.762 43.316 
-0.798 53.93 
-0.812 58.825 
-0.819 59.983 
-0.813 59.404 
-0.584 32.303 
-0.762 43.316 
-0.836 64.939 
-0.714 38.73 
-0.713 38.348 
-0.651 35.91 
-0.652 36.036 
-0.761 42.983 
-0.753 42.758 
-0.714 38.73 
-0.651 35.91 
-0.82 60.147 
-0.797 53.77 
-0.715 38.904 
-0.712 38.312 
-0.706 38.19 
-0.81 55.324 
-0.713 38.348 
-0.69 37.879 
-0.705 38.081 
-0.691 38.047 
-0.58 32.21 
-0.632 34.172 
-0.6 32.436 
-0.785 48.384 
-0.773 44.982 
-0.649 35.741 
-0.725 39.032 
-0.765 43.787 
-0.828 64.502 
-0.821 63.426 
-0.747 39.44 
-0.844 69.747 
