-0.837 79.325 
-0.58 32.21 
-0.836 70.195 
-0.639 36.991 
-0.804 55.426 
-0.581 35.381 
-0.805 63.669 
-0.754 43.032 
-0.704 38.892 
-0.716 42.14 
-0.616 35.967 
-0.819 65.394 
-0.669 37.568 
-0.674 38.789 
-0.707 41.622 
-0.821 67.906 
-0.616 35.967 
-0.788 50.573 
-0.765 48.902 
-0.763 45.492 
-0.781 49.299 
-0.806 63.792 
-0.789 54.042 
-0.772 49.045 
-0.759 44.325 
-0.828 68.792 
-0.716 42.14 
-0.796 55.193 
-0.828 68.792 
-0.76 45.182 
-0.754 43.032 
-0.788 50.573 
-0.797 55.36 
-0.673 38.699 
-0.669 37.568 
-0.79 54.184 
-0.79 54.184 
-0.673 38.699 
-0.581 35.381 
-0.704 38.892 
-0.765 48.902 
-0.789 54.042 
-0.805 63.669 
-0.797 55.36 
-0.805 63.669 
-0.805 63.669 
-0.754 43.032 
-0.754 43.032 
-0.805 63.669 
-0.704 38.892 
-0.805 63.669 
-0.805 63.669 
-0.805 63.669 
-0.754 43.032 
-0.805 63.669 
-0.754 43.032 
-0.704 38.892 
-0.79 54.184 
-0.704 38.892 
-0.704 38.892 
-0.754 43.032 
-0.673 38.699 
-0.704 38.892 
-0.805 63.669 
-0.673 38.699 
-0.754 43.032 
-0.704 38.892 
-0.754 43.032 
-0.754 43.032 
-0.754 43.032 
-0.754 43.032 
-0.79 54.184 
-0.673 38.699 
-0.79 54.184 
-0.805 63.669 
-0.704 38.892 
-0.789 54.042 
-0.805 63.669 
-0.805 63.669 
-0.754 43.032 
-0.805 63.669 
-0.805 63.669 
-0.754 43.032 
-0.704 38.892 
-0.754 43.032 
-0.754 43.032 
-0.805 63.669 
-0.754 43.032 
-0.754 43.032 
-0.704 38.892 
-0.789 54.042 
-0.805 63.669 
-0.704 38.892 
-0.805 63.669 
-0.828 68.792 
-0.754 43.032 
-0.789 54.042 
-0.805 63.669 
-0.704 38.892 
-0.805 63.669 
