-0.851 53.385 
-0.722 30.738 
-0.722 30.738 
-0.851 53.385 
-0.747 32.182 
-0.824 46.641 
-0.818 42.978 
-0.759 35.67 
-0.841 52.115 
-0.835 48.924 
-0.79 37.679 
-0.792 40.749 
-0.835 48.924 
-0.726 31.465 
-0.763 36.15 
-0.776 36.345 
-0.738 31.688 
-0.759 35.67 
-0.841 52.115 
-0.832 47.013 
-0.834 47.399 
-0.844 53.093 
-0.825 46.766 
-0.808 42.263 
-0.793 40.955 
-0.818 42.978 
-0.814 42.384 
-0.824 46.641 
-0.799 41.107 
-0.738 31.688 
-0.743 31.867 
-0.843 52.966 
-0.833 47.14 
-0.782 36.544 
-0.744 32.069 
-0.776 36.345 
-0.779 36.405 
-0.8 41.23 
-0.803 41.578 
-0.779 36.405 
-0.792 40.749 
-0.79 37.679 
-0.787 37.117 
-0.725 31.107 
-0.803 41.578 
-0.8 41.23 
-0.786 37.106 
-0.784 36.789 
-0.843 52.966 
-0.844 53.093 
-0.834 47.399 
-0.825 46.766 
-0.726 31.465 
-0.784 36.789 
-0.805 41.878 
-0.804 41.666 
-0.807 42.054 
-0.783 36.747 
-0.817 42.778 
-0.763 36.15 
-0.789 37.486 
-0.789 37.486 
-0.788 37.293 
-0.786 37.106 
-0.761 35.867 
-0.76 35.681 
-0.724 30.927 
-0.723 30.742 
-0.817 42.778 
-0.815 42.567 
-0.816 42.595 
-0.725 31.107 
-0.724 30.927 
-0.743 31.867 
-0.788 37.293 
-0.762 36.034 
-0.761 35.867 
-0.799 41.107 
-0.793 40.955 
-0.782 36.544 
-0.806 42.002 
-0.805 41.878 
-0.814 42.384 
-0.808 42.263 
-0.762 36.034 
-0.744 32.069 
-0.804 41.666 
-0.807 42.054 
-0.806 42.002 
-0.783 36.747 
-0.816 42.595 
-0.815 42.567 
-0.76 35.681 
-0.723 30.742 
-0.851 53.385 
-0.722 30.738 
-0.759 35.67 
-0.841 52.115 
-0.818 42.978 
-0.738 31.688 
