-0.745 32.207 
-0.771 37.14 
-0.752 36.12 
-0.771 37.14 
-0.809 42.461 
-0.761 36.635 
-0.79 41.767 
-0.836 52.943 
-0.771 37.14 
-0.792 41.862 
-0.771 37.14 
-0.756 36.444 
-0.836 52.943 
-0.747 32.584 
-0.788 37.511 
-0.771 37.14 
-0.775 37.169 
-0.807 42.054 
-0.745 32.207 
-0.754 36.122 
-0.761 36.635 
-0.747 32.584 
-0.745 32.207 
-0.77 36.921 
-0.761 36.635 
-0.761 36.635 
-0.747 32.584 
-0.834 52.766 
-0.761 36.635 
-0.792 41.862 
-0.723 30.745 
-0.751 35.925 
-0.809 42.461 
-0.754 36.122 
-0.808 42.267 
-0.761 36.635 
-0.761 36.635 
-0.769 36.829 
-0.792 41.862 
-0.809 42.461 
-0.792 41.862 
-0.752 36.12 
-0.752 36.12 
-0.825 46.853 
-0.77 36.921 
-0.834 52.766 
-0.808 42.267 
-0.771 37.14 
-0.754 36.122 
-0.769 36.829 
-0.747 32.584 
-0.77 36.921 
-0.771 37.14 
-0.751 35.925 
-0.838 53.634 
-0.775 37.169 
-0.844 57.625 
-0.771 37.14 
-0.808 42.267 
-0.792 41.862 
-0.815 46.54 
-0.809 42.461 
-0.747 32.584 
-0.792 41.862 
-0.834 52.766 
-0.761 36.635 
-0.809 42.461 
-0.792 41.862 
-0.833 47.364 
-0.747 32.584 
-0.809 42.461 
-0.761 36.635 
-0.809 42.461 
-0.761 36.635 
-0.761 36.635 
-0.769 36.829 
-0.761 36.635 
-0.769 36.829 
-0.825 46.853 
