P=? [ F (x=9&y=9&crashed=0) ]	R{"cost"}=? [ C<=100 ]
0.888	51.849
0.719	24.912
0.888	51.849
0.872	50.849
0.752	27.104
0.854	40.233
0.871	46.102
0.87	41.231
0.871	46.102
0.805	34.73
0.725	25.958
0.853	36.587
0.753	27.27
0.778	30.573
0.804	31.96
0.788	30.718
0.793	30.764
0.817	35.06
0.847	35.587
0.865	40.393
0.763	28.926
0.836	35.495
0.763	28.926
0.824	35.38
0.725	25.958
0.817	35.06
0.771	30.183
0.831	35.392
0.823	35.171
0.872	50.849
0.799	31.127
0.8	31.315
0.723	25.281
0.768	29.689
0.767	29.446
0.835	35.457
0.869	41.096
0.867	40.591
0.831	35.392
0.771	30.183
0.72	24.979
0.766	29.329
0.724	25.588
0.799	31.127
0.849	35.784
0.851	36.27
0.85	35.915
0.801	31.664
0.805	34.73
0.724	25.588
0.723	25.281
0.72	24.979
0.869	41.096
0.867	40.591
0.802	31.791
0.77	30.066
0.769	29.806
0.765	29.231
0.764	28.999
0.853	36.587
0.852	36.4
0.804	31.96
0.802	31.791
0.865	40.393
0.854	40.233
0.87	41.231
0.85	35.915
0.866	40.46
0.852	36.4
0.851	36.27
0.848	35.716
0.801	31.664
0.769	29.806
0.77	30.066
0.823	35.171
0.765	29.231
0.847	35.587
0.836	35.495
0.764	28.999
0.848	35.716
0.866	40.46
0.835	35.457
0.824	35.38
0.888	51.849
0.871	46.102
0.817	35.06
0.872	50.849
0.831	35.392
0.771	30.183
0.799	31.127
0.805	34.73
0.724	25.588
0.723	25.281
0.72	24.979
0.869	41.096
0.867	40.591
0.853	36.587
0.804	31.96
0.802	31.791
0.865	40.393
