-0.89 56.814 
-0.707 26.01 
-0.89 56.814 
-0.734 26.658 
-0.852 44.809 
-0.889 56.384 
-0.753 27.135 
-0.882 51.857 
-0.784 30.243 
-0.847 41.478 
-0.751 26.687 
-0.8 31.643 
-0.862 45.287 
-0.879 51.142 
-0.817 34.907 
-0.772 30.071 
-0.795 31.081 
-0.792 30.43 
-0.799 31.558 
-0.838 40.254 
-0.882 51.857 
-0.771 30.051 
-0.843 40.537 
-0.863 45.835 
-0.847 41.478 
-0.863 45.835 
-0.881 51.678 
-0.792 30.43 
-0.836 40.069 
-0.837 40.174 
-0.881 51.678 
-0.845 41.164 
-0.843 40.537 
-0.818 35.187 
-0.818 35.187 
-0.835 39.842 
-0.751 26.687 
-0.845 41.164 
-0.835 39.842 
-0.771 30.051 
-0.817 34.907 
-0.8 31.643 
-0.89 56.814 
-0.792 30.43 
-0.817 34.907 
-0.792 30.43 
-0.881 51.678 
-0.845 41.164 
-0.881 51.678 
-0.845 41.164 
-0.792 30.43 
-0.863 45.835 
-0.792 30.43 
-0.843 40.537 
-0.881 51.678 
-0.847 41.478 
-0.845 41.164 
-0.792 30.43 
-0.795 31.081 
-0.863 45.835 
-0.865 47.362 
-0.82 35.561 
-0.764 29.871 
-0.836 40.069 
-0.835 39.842 
-0.821 35.778 
-0.863 45.835 
-0.792 30.43 
-0.817 34.907 
-0.882 51.857 
-0.792 30.43 
-0.817 34.907 
-0.846 41.236 
-0.817 34.907 
-0.751 26.687 
-0.845 41.164 
-0.837 40.174 
-0.864 45.988 
-0.792 30.43 
-0.792 30.43 
-0.822 35.852 
-0.823 36.206 
-0.792 30.43 
-0.792 30.43 
-0.792 30.43 
-0.751 26.687 
-0.8 31.643 
-0.834 39.498 
-0.797 31.137 
-0.86 44.919 
-0.844 40.802 
-0.87 50.118 
-0.819 35.406 
-0.879 51.142 
-0.809 34.751 
-0.838 40.254 
-0.751 26.687 
-0.817 34.907 
