-0.689 24.531 
-0.89 56.674 
-0.72 25.81 
-0.889 56.247 
-0.882 51.857 
-0.808 34.626 
-0.852 44.809 
-0.87 49.984 
-0.865 46.17 
-0.734 26.658 
-0.848 41.582 
-0.834 39.369 
-0.824 36.277 
-0.8 31.643 
-0.764 29.871 
-0.753 27.135 
-0.751 26.687 
-0.734 26.658 
-0.753 27.135 
-0.784 30.243 
-0.772 30.071 
-0.834 39.369 
-0.872 50.714 
-0.764 29.871 
-0.824 36.277 
-0.792 30.397 
-0.889 56.247 
-0.87 49.984 
-0.879 51.142 
-0.784 30.243 
-0.882 51.857 
-0.8 31.643 
-0.766 29.959 
-0.86 44.919 
-0.809 34.751 
-0.816 34.857 
-0.865 46.17 
-0.848 41.582 
-0.771 30.051 
-0.838 40.121 
-0.799 31.549 
-0.852 44.809 
-0.872 50.714 
-0.823 36.065 
-0.846 40.882 
-0.842 40.32 
-0.795 31.031 
-0.881 51.579 
-0.793 30.709 
-0.835 39.654 
-0.879 51.142 
-0.88 51.542 
-0.82 35.508 
-0.819 35.13 
-0.844 40.547 
-0.752 26.761 
-0.863 45.647 
-0.862 45.275 
-0.847 41.246 
-0.798 31.207 
-0.862 45.275 
-0.864 45.988 
-0.861 44.934 
-0.863 45.647 
-0.847 41.246 
-0.846 40.882 
-0.844 40.547 
-0.837 39.983 
-0.835 39.654 
-0.793 30.709 
-0.837 39.983 
-0.795 31.031 
-0.797 31.122 
-0.843 40.33 
-0.822 35.851 
-0.822 35.851 
-0.821 35.64 
-0.842 40.32 
-0.838 40.121 
-0.864 45.988 
-0.772 30.071 
-0.818 35.067 
-0.817 34.907 
-0.792 30.397 
-0.821 35.64 
-0.82 35.508 
-0.86 44.919 
-0.816 34.857 
-0.809 34.751 
-0.771 30.051 
-0.797 31.122 
-0.798 31.207 
-0.752 26.761 
-0.819 35.13 
-0.818 35.067 
-0.817 34.907 
-0.88 51.542 
-0.751 26.687 
-0.861 44.934 
-0.843 40.33 
