-0.648 30.289 
-0.83 53.565 
-0.648 30.289 
-0.83 53.565 
-0.762 39.747 
-0.804 42.14 
-0.749 35.872 
-0.813 47.618 
-0.667 30.935 
-0.706 31.067 
-0.809 46.313 
-0.814 52.165 
-0.784 40.51 
-0.732 35.674 
-0.731 32.344 
-0.665 30.439 
-0.711 31.504 
-0.787 41.603 
-0.815 52.223 
-0.741 35.866 
-0.827 52.95 
-0.727 31.597 
-0.649 30.323 
-0.812 46.592 
-0.785 41.321 
-0.829 53.511 
-0.827 52.95 
-0.731 32.344 
-0.728 31.634 
-0.787 41.603 
-0.706 31.067 
-0.711 31.504 
-0.81 46.54 
-0.728 31.634 
-0.785 41.321 
-0.667 30.935 
-0.665 30.439 
-0.732 35.674 
-0.649 30.323 
-0.727 31.597 
-0.812 46.592 
-0.648 30.289 
-0.812 46.592 
-0.731 32.344 
-0.706 31.067 
-0.711 31.504 
-0.728 31.634 
-0.785 41.321 
-0.667 30.935 
-0.665 30.439 
-0.732 35.674 
-0.649 30.323 
-0.727 31.597 
-0.706 31.067 
-0.711 31.504 
-0.728 31.634 
-0.667 30.935 
-0.732 35.674 
-0.665 30.439 
-0.649 30.323 
-0.727 31.597 
-0.667 30.935 
-0.667 30.935 
-0.727 31.597 
-0.667 30.935 
-0.667 30.935 
-0.727 31.597 
-0.667 30.935 
-0.667 30.935 
-0.727 31.597 
-0.728 31.634 
-0.728 31.634 
-0.649 30.323 
-0.667 30.935 
-0.667 30.935 
-0.727 31.597 
-0.649 30.323 
-0.667 30.935 
-0.667 30.935 
-0.649 30.323 
-0.667 30.935 
-0.667 30.935 
-0.649 30.323 
-0.727 31.597 
-0.728 31.634 
-0.728 31.634 
-0.728 31.634 
-0.667 30.935 
-0.728 31.634 
-0.649 30.323 
-0.649 30.323 
-0.706 31.067 
-0.665 30.439 
-0.727 31.597 
-0.667 30.935 
-0.649 30.323 
-0.731 32.344 
-0.667 30.935 
-0.649 30.323 
-0.649 30.323 
