-0.837 53.069 
-0.648 30.123 
-0.648 30.123 
-0.837 53.069 
-0.82 46.677 
-0.835 52.828 
-0.742 35.069 
-0.804 42.107 
-0.769 36.136 
-0.784 40.507 
-0.809 46.305 
-0.705 30.885 
-0.673 30.866 
-0.731 31.988 
-0.784 40.507 
-0.664 30.267 
-0.769 36.136 
-0.765 35.722 
-0.711 31.318 
-0.75 35.363 
-0.727 31.41 
-0.82 46.677 
-0.835 52.828 
-0.731 31.988 
-0.666 30.369 
-0.75 35.363 
-0.812 46.592 
-0.796 42.061 
-0.785 41.321 
-0.765 35.722 
-0.706 31.066 
-0.672 30.862 
-0.711 31.318 
-0.809 46.305 
-0.804 42.107 
-0.787 41.603 
-0.672 30.862 
-0.729 31.575 
-0.79 41.722 
-0.795 41.835 
-0.79 41.722 
-0.728 31.539 
-0.793 41.794 
-0.785 41.321 
-0.706 31.066 
-0.787 41.603 
-0.836 52.832 
-0.811 46.361 
-0.793 41.794 
-0.729 31.575 
-0.727 31.41 
-0.812 46.592 
-0.81 46.354 
-0.796 42.061 
-0.795 41.835 
-0.705 30.885 
-0.673 30.866 
-0.811 46.361 
-0.81 46.354 
-0.836 52.832 
-0.837 53.069 
-0.784 40.507 
-0.769 36.136 
-0.82 46.677 
-0.835 52.828 
-0.765 35.722 
-0.711 31.318 
-0.809 46.305 
-0.731 31.988 
-0.804 42.107 
-0.672 30.862 
-0.79 41.722 
-0.785 41.321 
-0.706 31.066 
-0.787 41.603 
-0.793 41.794 
-0.729 31.575 
-0.727 31.41 
-0.812 46.592 
-0.796 42.061 
-0.795 41.835 
-0.81 46.354 
-0.836 52.832 
-0.837 53.069 
-0.784 40.507 
-0.769 36.136 
-0.82 46.677 
-0.765 35.722 
-0.711 31.318 
-0.809 46.305 
-0.731 31.988 
-0.804 42.107 
-0.706 31.066 
-0.672 30.862 
-0.79 41.722 
-0.785 41.321 
-0.787 41.603 
-0.793 41.794 
-0.729 31.575 
-0.812 46.592 
