-0.744 37.387 
-0.744 37.387 
-0.798 46.497 
-0.667 30.935 
-0.798 46.497 
-0.742 35.919 
-0.649 30.323 
-0.727 31.597 
-0.667 30.935 
-0.798 46.497 
-0.787 43.088 
-0.667 30.935 
-0.727 31.597 
-0.798 46.497 
-0.742 35.919 
-0.667 30.935 
-0.728 31.634 
-0.815 52.224 
-0.812 46.592 
-0.798 46.497 
-0.787 43.088 
-0.757 40.231 
-0.744 37.387 
-0.667 30.935 
-0.665 30.53 
-0.798 46.497 
-0.798 46.497 
-0.727 31.597 
-0.745 39.601 
-0.667 30.935 
-0.815 52.224 
-0.667 30.935 
-0.779 41.263 
-0.8 46.572 
-0.727 31.597 
-0.728 31.634 
-0.815 52.224 
-0.744 37.387 
-0.706 31.085 
-0.83 53.749 
-0.798 46.497 
-0.728 31.634 
-0.815 52.224 
-0.648 30.289 
-0.742 35.919 
-0.649 30.323 
-0.667 30.935 
-0.665 30.53 
-0.744 37.387 
-0.667 30.935 
-0.785 41.321 
