-0.667 30.935 
-0.742 35.919 
-0.649 30.323 
-0.727 31.597 
-0.667 30.935 
-0.667 30.935 
-0.727 31.597 
-0.742 35.919 
-0.667 30.935 
-0.728 31.634 
-0.812 46.592 
-0.757 40.231 
-0.667 30.935 
-0.727 31.597 
-0.745 39.601 
-0.667 30.935 
-0.667 30.935 
-0.727 31.597 
-0.728 31.634 
-0.83 53.749 
-0.728 31.634 
-0.648 30.289 
-0.742 35.919 
-0.649 30.323 
-0.667 30.935 
-0.667 30.935 
-0.785 41.321 
-0.727 31.597 
-0.757 40.231 
-0.706 31.067 
-0.759 40.503 
-0.649 30.323 
-0.787 41.603 
-0.667 30.935 
-0.667 30.935 
-0.815 52.223 
-0.649 30.323 
-0.667 30.935 
-0.827 52.95 
-0.667 30.935 
-0.812 46.592 
-0.649 30.323 
-0.665 30.439 
-0.727 31.597 
-0.728 31.634 
-0.728 31.634 
-0.742 35.919 
-0.728 31.634 
-0.813 47.622 
-0.667 30.935 
-0.728 31.634 
-0.742 35.919 
-0.649 30.323 
-0.649 30.323 
-0.742 35.919 
-0.711 31.504 
-0.706 31.067 
-0.745 39.601 
-0.665 30.439 
-0.727 31.597 
-0.83 53.749 
-0.829 53.516 
-0.727 31.597 
-0.727 31.597 
-0.728 31.634 
-0.728 31.634 
-0.649 30.323 
-0.667 30.935 
-0.665 30.439 
-0.788 45.497 
-0.727 31.597 
-0.744 37.378 
-0.742 35.919 
-0.83 53.749 
-0.727 31.597 
-0.667 30.935 
-0.667 30.935 
-0.649 30.323 
-0.667 30.935 
-0.727 31.597 
-0.649 30.323 
-0.667 30.935 
-0.784 40.521 
-0.731 32.344 
-0.649 30.323 
-0.667 30.935 
-0.667 30.935 
-0.649 30.323 
-0.732 35.674 
-0.728 31.634 
-0.649 30.323 
-0.728 31.634 
-0.8 46.353 
-0.667 30.935 
