-0.918 58.614 
-0.724 25.453 
-0.918 58.614 
-0.776 29.445 
-0.754 27.886 
-0.915 58.287 
-0.91 53.435 
-0.888 46.387 
-0.905 52.382 
-0.901 48.316 
-0.884 42.869 
-0.851 37.347 
-0.746 27.107 
-0.88 41.817 
-0.865 41.464 
-0.821 34.744 
-0.852 40.228 
-0.818 32.183 
-0.732 26.226 
-0.842 35.748 
-0.829 35.706 
-0.732 26.226 
-0.794 30.306 
-0.753 27.629 
-0.796 31.051 
-0.747 27.133 
-0.787 29.968 
-0.805 31.261 
-0.725 25.801 
-0.897 47.778 
-0.779 29.734 
-0.787 29.968 
-0.826 35.232 
-0.91 53.435 
-0.884 42.869 
-0.861 41.352 
-0.858 40.809 
-0.915 58.287 
-0.901 48.316 
-0.892 47.335 
-0.881 41.914 
-0.855 40.721 
-0.824 34.778 
-0.864 41.369 
-0.905 52.382 
-0.81 31.521 
-0.908 53.061 
-0.907 52.531 
-0.891 47.255 
-0.889 46.893 
-0.818 32.183 
-0.882 42.382 
-0.848 36.429 
-0.892 47.335 
-0.858 40.809 
-0.725 25.801 
-0.85 36.947 
-0.815 32.013 
-0.795 30.655 
-0.805 31.261 
-0.828 35.611 
-0.821 34.744 
-0.813 31.809 
-0.883 42.496 
-0.825 34.863 
-0.861 41.352 
-0.812 31.623 
-0.795 30.655 
-0.845 36.182 
-0.843 35.848 
-0.85 36.947 
-0.849 36.614 
-0.846 36.269 
-0.906 52.481 
-0.917 58.473 
-0.854 40.628 
-0.853 40.321 
-0.898 47.805 
-0.778 29.61 
-0.809 31.413 
-0.909 53.16 
-0.843 35.848 
-0.807 31.358 
-0.9 48.049 
-0.89 46.989 
-0.828 35.611 
-0.845 36.182 
-0.779 29.734 
-0.807 31.358 
-0.816 32.053 
-0.796 31.051 
-0.917 58.473 
-0.814 31.827 
-0.849 36.614 
-0.778 29.61 
-0.9 48.049 
-0.899 47.903 
-0.816 32.053 
-0.883 42.496 
-0.882 42.382 
