-0.694 24.782 
-0.889 57.643 
-0.694 24.782 
-0.889 57.643 
-0.871 52.142 
-0.736 28.93 
-0.718 26.342 
-0.879 56.774 
-0.869 51.795 
-0.861 47.402 
-0.805 39.929 
-0.804 36.461 
-0.816 40.119 
-0.837 45.292 
-0.836 42.858 
-0.792 35.812 
-0.758 30.895 
-0.834 42.411 
-0.806 40.073 
-0.881 57.084 
-0.83 41.319 
-0.77 34.07 
-0.768 32.319 
-0.888 57.241 
-0.742 29.578 
-0.762 31.442 
-0.861 47.402 
-0.823 40.12 
-0.801 35.91 
-0.879 56.774 
-0.848 46.057 
-0.869 51.795 
-0.711 25.836 
-0.753 30.817 
-0.705 25.474 
-0.852 46.696 
-0.788 35.629 
-0.706 25.698 
-0.749 30.151 
-0.698 25.291 
-0.744 29.973 
-0.78 35.012 
-0.842 46.056 
-0.697 25.177 
-0.785 35.612 
-0.775 34.646 
-0.857 46.754 
-0.737 29.173 
-0.714 25.984 
-0.752 30.447 
-0.782 35.505 
-0.767 31.93 
-0.829 41.28 
-0.781 35.393 
-0.763 31.741 
-0.751 30.166 
-0.774 34.388 
-0.768 32.319 
-0.84 45.865 
-0.87 51.921 
-0.802 36.053 
-0.771 34.176 
-0.839 45.837 
-0.766 31.787 
-0.828 40.816 
-0.737 29.173 
-0.78 35.012 
-0.775 34.646 
-0.858 46.783 
-0.717 26.335 
-0.717 26.335 
-0.86 47.072 
-0.836 42.858 
-0.835 42.532 
-0.851 46.372 
-0.825 40.267 
-0.773 34.246 
-0.743 29.885 
-0.838 45.531 
-0.85 46.247 
-0.77 34.07 
-0.838 45.531 
-0.837 45.292 
-0.804 36.461 
-0.803 36.255 
-0.828 40.816 
-0.827 40.611 
-0.803 36.255 
-0.827 40.611 
-0.826 40.414 
-0.85 46.247 
-0.705 25.474 
-0.698 25.291 
-0.713 25.981 
-0.842 46.056 
-0.859 46.947 
-0.825 40.267 
-0.826 40.414 
-0.713 25.981 
-0.805 39.929 
