-0.694 24.782 
-0.889 57.643 
-0.694 24.782 
-0.889 57.643 
-0.879 56.61 
-0.869 51.638 
-0.736 28.93 
-0.718 26.337 
-0.806 40.073 
-0.871 52.142 
-0.861 47.402 
-0.805 36.895 
-0.837 45.288 
-0.836 42.858 
-0.758 30.895 
-0.801 35.91 
-0.77 34.07 
-0.768 32.319 
-0.888 57.241 
-0.705 25.316 
-0.792 35.812 
-0.816 40.119 
-0.861 47.402 
-0.737 29.119 
-0.749 29.904 
-0.871 52.142 
-0.706 25.698 
-0.714 25.979 
-0.743 29.885 
-0.698 25.291 
-0.753 30.817 
-0.823 40.12 
-0.852 46.656 
-0.881 57.084 
-0.816 40.119 
-0.78 35.012 
-0.842 46.056 
-0.848 46.057 
-0.775 34.646 
-0.742 29.578 
-0.785 35.606 
-0.833 42.251 
-0.83 41.319 
-0.763 31.741 
-0.752 30.447 
-0.711 25.834 
-0.762 31.442 
-0.782 35.505 
-0.857 46.752 
-0.766 31.785 
-0.87 51.92 
-0.829 41.27 
-0.86 47.072 
-0.835 42.532 
-0.792 35.812 
-0.851 46.372 
-0.803 36.245 
-0.774 34.299 
-0.768 32.319 
-0.762 31.442 
-0.788 35.629 
-0.788 35.629 
-0.771 34.176 
-0.802 36.053 
-0.833 42.251 
-0.826 40.401 
-0.711 25.834 
-0.773 34.249 
-0.742 29.578 
-0.859 46.947 
-0.828 40.816 
-0.697 25.177 
-0.834 42.411 
-0.751 30.166 
-0.804 36.461 
-0.697 25.177 
-0.767 31.93 
-0.83 41.319 
-0.781 35.393 
-0.78 35.012 
-0.775 34.646 
-0.717 26.335 
-0.824 40.226 
-0.825 40.295 
-0.717 26.335 
-0.836 42.858 
-0.839 45.837 
-0.838 45.531 
-0.88 56.906 
-0.85 46.247 
-0.77 34.07 
-0.751 30.166 
-0.838 45.531 
-0.837 45.288 
-0.804 36.461 
-0.827 40.611 
-0.828 40.816 
-0.827 40.611 
-0.84 45.865 
-0.84 45.865 
