-0.882 51.905 
-0.672 24.616 
-0.882 51.905 
-0.847 41.114 
-0.86 44.898 
-0.808 34.551 
-0.833 39.283 
-0.824 36.134 
-0.879 51.172 
-0.865 47.41 
-0.865 47.41 
-0.799 31.533 
-0.693 24.794 
-0.753 27.153 
-0.764 29.892 
-0.745 26.034 
-0.709 25.555 
-0.784 30.174 
-0.727 25.856 
-0.726 25.819 
-0.879 51.172 
-0.864 45.775 
-0.693 24.794 
-0.705 25.194 
-0.772 30.07 
-0.753 27.153 
-0.764 29.892 
-0.816 34.815 
-0.799 31.533 
-0.862 45.322 
-0.836 39.872 
-0.79 30.192 
-0.771 30.03 
-0.798 31.365 
-0.765 29.984 
-0.841 40.044 
-0.844 40.382 
-0.819 35.377 
-0.75 27.026 
-0.749 26.47 
-0.823 36.042 
-0.709 25.555 
-0.821 35.855 
-0.864 45.775 
-0.834 39.428 
-0.745 26.034 
-0.748 26.463 
-0.845 40.799 
-0.705 25.194 
-0.861 44.929 
-0.842 40.261 
-0.796 30.983 
-0.82 35.485 
-0.794 30.736 
-0.792 30.387 
-0.88 51.505 
-0.818 35.051 
-0.706 25.246 
-0.706 25.246 
-0.836 39.872 
-0.796 30.983 
-0.834 39.428 
-0.748 26.463 
-0.881 51.641 
-0.726 25.819 
-0.843 40.297 
-0.794 30.736 
-0.821 35.855 
-0.846 40.933 
-0.727 25.856 
-0.841 40.044 
-0.791 30.356 
-0.795 30.822 
-0.792 30.387 
-0.818 35.051 
-0.817 34.902 
-0.751 27.034 
-0.881 51.641 
-0.88 51.505 
-0.846 40.933 
-0.845 40.799 
-0.751 27.034 
-0.82 35.485 
-0.772 30.07 
-0.817 34.902 
-0.795 30.822 
-0.765 29.984 
-0.861 44.929 
-0.791 30.356 
-0.75 27.026 
-0.749 26.47 
-0.882 51.905 
-0.865 47.41 
-0.753 27.153 
-0.764 29.892 
-0.709 25.555 
-0.864 45.775 
-0.745 26.034 
-0.705 25.194 
-0.841 40.044 
