-0.691 27.053 
-0.875 57.981 
-0.875 57.981 
-0.691 27.053 
-0.832 46.255 
-0.859 53.114 
-0.859 53.114 
-0.718 30.498 
-0.777 35.711 
-0.748 32.782 
-0.795 37.425 
-0.822 41.711 
-0.822 41.711 
-0.795 37.425 
-0.852 49.002 
-0.718 30.498 
-0.826 42.308 
-0.695 27.432 
-0.695 27.432 
-0.832 46.255 
-0.849 48.385 
-0.793 37.005 
-0.753 35.633 
-0.752 35.516 
-0.77 35.686 
-0.733 30.957 
-0.849 48.385 
-0.852 49.002 
-0.743 32.342 
-0.793 37.005 
-0.826 42.308 
-0.77 35.686 
-0.742 32.188 
-0.736 31.678 
-0.85 48.533 
-0.752 35.516 
-0.742 32.188 
-0.736 31.678 
-0.733 30.957 
-0.735 31.526 
-0.734 31.07 
-0.824 41.86 
-0.794 37.302 
-0.824 41.86 
-0.735 31.526 
-0.823 41.732 
-0.794 37.302 
-0.734 31.07 
-0.753 35.633 
-0.823 41.732 
-0.691 27.053 
-0.859 53.114 
-0.822 41.711 
-0.795 37.425 
-0.718 30.498 
-0.695 27.432 
-0.832 46.255 
-0.852 49.002 
-0.742 32.188 
-0.826 42.308 
-0.734 31.07 
-0.736 31.678 
-0.752 35.516 
-0.824 41.86 
-0.735 31.526 
-0.794 37.302 
-0.77 35.686 
-0.753 35.633 
-0.823 41.732 
-0.691 27.053 
-0.859 53.114 
-0.822 41.711 
-0.718 30.498 
-0.695 27.432 
-0.832 46.255 
-0.826 42.308 
-0.752 35.516 
-0.824 41.86 
-0.735 31.526 
-0.794 37.302 
-0.77 35.686 
-0.823 41.732 
-0.691 27.053 
-0.859 53.114 
-0.822 41.711 
-0.718 30.498 
-0.695 27.432 
-0.832 46.255 
-0.826 42.308 
-0.752 35.516 
-0.824 41.86 
-0.735 31.526 
-0.794 37.302 
-0.77 35.686 
-0.823 41.732 
-0.691 27.053 
-0.859 53.114 
-0.822 41.711 
-0.695 27.432 
-0.752 35.516 
