-0.83 40.218 
-0.873 56.994 
-0.846 41.03 
-0.862 51.269 
-0.777 31.259 
-0.751 27.196 
-0.82 35.881 
-0.846 41.03 
-0.853 46.044 
-0.863 51.401 
-0.807 35.625 
-0.83 40.218 
-0.717 26.698 
-0.831 40.902 
-0.82 35.881 
-0.862 51.269 
-0.797 31.381 
-0.82 35.881 
-0.83 40.218 
-0.862 51.269 
-0.804 35.089 
-0.751 27.196 
-0.751 27.196 
-0.822 39.974 
-0.754 30.299 
-0.83 40.218 
-0.751 27.196 
-0.729 26.783 
-0.797 31.381 
-0.846 41.03 
-0.83 40.218 
-0.83 40.218 
-0.777 31.259 
-0.87 51.541 
-0.823 40.06 
-0.846 41.03 
-0.856 46.372 
-0.846 41.03 
-0.731 27.095 
-0.831 40.902 
-0.822 39.974 
-0.717 26.698 
-0.717 26.698 
-0.846 41.03 
-0.807 35.625 
-0.871 51.819 
-0.758 30.721 
-0.862 51.269 
-0.847 41.115 
-0.846 41.03 
-0.82 35.881 
-0.751 27.196 
-0.862 51.269 
-0.82 35.881 
-0.863 51.401 
-0.807 35.625 
-0.87 51.541 
-0.856 46.372 
-0.846 41.03 
-0.773 31.04 
-0.751 27.196 
-0.829 40.131 
-0.717 26.698 
-0.756 30.301 
-0.803 35.04 
-0.751 27.196 
-0.848 41.498 
-0.821 35.966 
-0.856 46.372 
-0.751 27.196 
-0.804 35.089 
-0.792 31.33 
-0.83 40.218 
-0.731 27.095 
-0.854 46.172 
