-0.839 58.268 
-0.671 26.477 
-0.839 58.268 
-0.671 26.477 
-0.775 40.04 
-0.83 52.503 
-0.813 42.791 
-0.838 53.351 
-0.829 47.724 
-0.696 30.307 
-0.696 30.307 
-0.674 27.034 
-0.733 31.656 
-0.757 35.327 
-0.774 36.186 
-0.819 46.93 
-0.704 30.901 
-0.674 27.034 
-0.722 30.98 
-0.81 42.016 
-0.793 41.672 
-0.739 34.37 
-0.73 31.373 
-0.769 35.45 
-0.786 40.407 
-0.746 35.154 
-0.828 47.382 
-0.836 52.909 
-0.82 47.11 
-0.722 30.98 
-0.704 30.901 
-0.739 34.37 
-0.819 46.93 
-0.742 35.108 
-0.786 40.407 
-0.746 35.154 
-0.771 35.775 
-0.792 41.335 
-0.79 40.842 
-0.771 35.775 
-0.812 42.412 
-0.741 34.736 
-0.81 42.016 
-0.789 40.757 
-0.774 36.186 
-0.83 52.503 
-0.812 42.412 
-0.775 40.04 
-0.741 34.736 
-0.791 41.196 
-0.789 40.757 
-0.793 41.672 
-0.829 47.724 
-0.837 53.01 
-0.769 35.45 
-0.828 47.382 
-0.82 47.11 
-0.791 41.196 
-0.837 53.01 
-0.742 35.108 
-0.839 58.268 
-0.696 30.307 
-0.674 27.034 
-0.739 34.37 
-0.704 30.901 
-0.819 46.93 
-0.746 35.154 
-0.786 40.407 
-0.771 35.775 
-0.81 42.016 
-0.83 52.503 
-0.775 40.04 
-0.741 34.736 
-0.789 40.757 
-0.793 41.672 
-0.828 47.382 
-0.82 47.11 
-0.769 35.45 
-0.791 41.196 
-0.837 53.01 
-0.742 35.108 
-0.674 27.034 
-0.839 58.268 
-0.739 34.37 
-0.704 30.901 
-0.819 46.93 
-0.746 35.154 
-0.771 35.775 
-0.741 34.736 
-0.789 40.757 
-0.793 41.672 
-0.828 47.382 
-0.82 47.11 
-0.791 41.196 
-0.742 35.108 
-0.839 58.268 
-0.674 27.034 
-0.739 34.37 
-0.704 30.901 
-0.746 35.154 
