-0.899 58.039 
-0.689 25.312 
-0.899 58.039 
-0.729 26.879 
-0.898 48.188 
-0.787 29.801 
-0.895 47.96 
-0.696 25.611 
-0.89 42.835 
-0.882 41.972 
-0.871 37.704 
-0.839 35.866 
-0.838 31.933 
-0.716 26.482 
-0.787 29.801 
-0.793 30.333 
-0.81 30.8 
-0.827 31.14 
-0.871 37.704 
-0.828 31.699 
-0.882 41.972 
-0.716 26.482 
-0.817 31.004 
-0.837 31.767 
-0.722 26.862 
-0.841 36.002 
-0.813 30.969 
-0.847 36.012 
-0.866 36.979 
-0.89 42.835 
-0.855 36.827 
-0.86 36.916 
-0.722 26.862 
-0.793 30.333 
-0.81 30.8 
-0.86 36.916 
-0.79 29.971 
-0.817 31.004 
-0.885 42.156 
-0.85 36.189 
-0.885 42.156 
-0.888 42.382 
-0.79 29.971 
-0.869 37.376 
-0.868 37.103 
-0.85 36.189 
-0.853 36.579 
-0.852 36.406 
-0.869 37.376 
-0.847 36.012 
-0.889 42.562 
-0.853 36.579 
-0.855 36.827 
-0.898 48.188 
-0.888 42.382 
-0.866 36.979 
-0.852 36.406 
-0.889 42.562 
-0.838 31.933 
-0.839 35.866 
-0.868 37.103 
-0.837 31.767 
-0.828 31.699 
-0.899 58.039 
-0.871 37.704 
-0.882 41.972 
-0.81 30.8 
-0.817 31.004 
-0.89 42.835 
-0.793 30.333 
-0.86 36.916 
-0.885 42.156 
-0.79 29.971 
-0.722 26.862 
-0.85 36.189 
-0.869 37.376 
-0.847 36.012 
-0.853 36.579 
-0.855 36.827 
-0.888 42.382 
-0.852 36.406 
-0.889 42.562 
-0.839 35.866 
-0.868 37.103 
-0.837 31.767 
-0.828 31.699 
-0.899 58.039 
-0.871 37.704 
-0.882 41.972 
-0.81 30.8 
-0.89 42.835 
-0.86 36.916 
-0.885 42.156 
-0.847 36.012 
-0.722 26.862 
-0.85 36.189 
-0.869 37.376 
-0.839 35.866 
-0.853 36.579 
-0.855 36.827 
