-0.899 58.039 
-0.899 58.039 
-0.696 26.244 
-0.829 31.866 
-0.81 30.805 
-0.816 31.342 
-0.829 31.866 
-0.696 26.244 
-0.879 42.344 
-0.899 58.039 
-0.831 32.209 
-0.829 31.866 
-0.858 37.183 
-0.855 36.83 
-0.829 31.866 
-0.839 35.866 
-0.829 31.866 
-0.777 30.451 
-0.81 30.805 
-0.889 42.655 
-0.829 31.866 
-0.757 30.414 
-0.827 31.786 
-0.831 32.209 
-0.898 48.188 
-0.829 31.866 
-0.871 42.146 
-0.847 36.012 
-0.829 31.866 
-0.831 32.209 
-0.831 32.209 
-0.755 30.227 
-0.847 36.012 
-0.753 30.104 
-0.855 36.83 
-0.879 42.344 
-0.889 42.655 
-0.829 31.866 
-0.829 31.866 
-0.833 32.219 
-0.816 31.342 
-0.829 31.866 
-0.879 42.344 
-0.81 30.805 
-0.839 35.866 
-0.839 35.866 
-0.754 30.223 
-0.879 42.344 
-0.881 42.507 
-0.87 37.716 
-0.829 31.866 
-0.755 30.227 
-0.829 31.866 
-0.831 32.209 
-0.847 36.012 
-0.829 31.866 
-0.847 36.012 
-0.879 42.344 
-0.696 26.244 
-0.757 30.414 
-0.871 42.146 
-0.829 31.866 
-0.831 32.209 
-0.879 42.344 
-0.753 30.104 
-0.879 42.344 
-0.831 32.209 
-0.714 26.651 
-0.889 42.655 
-0.826 31.485 
-0.829 31.866 
-0.831 32.209 
-0.889 42.655 
-0.858 37.183 
-0.753 30.104 
