-0.697 25.421 
-0.901 52.569 
-0.899 47.325 
-0.9 52.418 
-0.822 34.917 
-0.888 46.748 
-0.883 42.875 
-0.725 26.961 
-0.818 32.262 
-0.855 40.799 
-0.852 38.24 
-0.802 31.169 
-0.776 29.856 
-0.706 25.908 
-0.734 27.401 
-0.75 27.681 
-0.771 29.671 
-0.788 31.159 
-0.706 25.908 
-0.86 40.865 
-0.877 41.943 
-0.866 41.927 
-0.831 36.154 
-0.754 29.237 
-0.698 25.507 
-0.76 29.59 
-0.733 27.293 
-0.752 28.086 
-0.726 27.028 
-0.827 35.641 
-0.784 30.936 
-0.809 31.46 
-0.784 30.936 
-0.89 47.071 
-0.827 35.641 
-0.865 41.508 
-0.85 37.229 
-0.816 31.935 
-0.888 46.748 
-0.883 42.875 
-0.849 36.977 
-0.839 36.402 
-0.845 36.618 
-0.836 36.263 
-0.865 41.508 
-0.785 31.109 
-0.882 42.581 
-0.851 37.786 
-0.752 28.086 
-0.846 36.869 
-0.76 29.59 
-0.756 29.516 
-0.851 37.786 
-0.88 42.28 
-0.878 42.243 
-0.813 31.913 
-0.809 31.46 
-0.811 31.75 
-0.75 27.681 
-0.841 36.489 
-0.836 36.263 
-0.889 47.057 
-0.811 31.75 
-0.842 36.516 
-0.899 47.325 
-0.89 47.071 
-0.755 29.44 
-0.881 42.414 
-0.813 31.913 
-0.881 42.414 
-0.846 36.869 
-0.842 36.516 
-0.755 29.44 
-0.756 29.516 
-0.878 42.243 
-0.866 41.927 
-0.889 47.057 
-0.784 30.936 
-0.883 42.875 
-0.865 41.508 
-0.752 28.086 
-0.851 37.786 
-0.809 31.46 
-0.836 36.263 
-0.846 36.869 
-0.755 29.44 
-0.756 29.516 
-0.889 47.057 
-0.883 42.875 
-0.851 37.786 
-0.755 29.44 
-0.755 29.44 
-0.755 29.44 
-0.851 37.786 
-0.752 28.086 
-0.883 42.875 
-0.846 36.869 
-0.883 42.875 
-0.836 36.263 
-0.889 47.057 
