-0.785 31.118 
-0.822 36.017 
-0.813 31.985 
-0.813 31.985 
-0.822 36.017 
-0.755 29.44 
-0.811 31.753 
-0.755 29.44 
-0.859 41.538 
-0.813 31.985 
-0.893 47.941 
-0.899 52.251 
-0.734 27.402 
-0.813 31.985 
-0.859 41.538 
-0.899 52.251 
-0.859 41.538 
-0.845 36.941 
-0.852 38.24 
-0.847 37.175 
-0.86 41.832 
-0.818 32.267 
-0.813 31.985 
-0.84 36.776 
-0.861 41.904 
-0.868 42.399 
-0.859 41.538 
-0.859 41.538 
-0.859 41.538 
-0.845 36.941 
-0.785 31.118 
-0.822 36.017 
-0.856 41.209 
-0.867 42.246 
-0.859 41.538 
-0.873 42.483 
-0.813 31.985 
-0.89 47.151 
-0.868 42.399 
-0.859 41.538 
-0.893 47.941 
-0.873 42.483 
-0.899 52.251 
-0.825 36.369 
-0.822 36.017 
-0.757 29.632 
-0.813 31.985 
-0.857 41.338 
-0.724 27.011 
-0.893 47.941 
-0.855 40.799 
-0.813 31.985 
-0.813 31.985 
-0.859 41.538 
-0.811 31.753 
-0.883 42.875 
-0.901 52.571 
-0.839 36.403 
-0.824 36.178 
-0.892 47.458 
-0.859 41.538 
-0.813 31.985 
-0.785 31.118 
-0.755 29.44 
-0.868 42.399 
-0.788 31.163 
-0.882 42.582 
-0.757 29.632 
-0.859 41.538 
-0.845 36.941 
-0.725 27.054 
-0.866 41.929 
-0.697 25.422 
-0.856 41.209 
-0.851 37.786 
-0.802 31.171 
-0.813 31.985 
-0.734 27.402 
-0.873 42.483 
-0.86 41.832 
-0.813 31.985 
-0.893 47.941 
-0.755 29.44 
-0.899 52.251 
-0.899 52.251 
-0.733 27.304 
-0.85 37.231 
-0.842 36.907 
-0.818 32.267 
-0.724 27.011 
-0.845 36.941 
-0.725 27.054 
