-0.694 26.999 
-0.689 26.834 
-0.745 29.157 
-0.667 23.004 
-0.776 34.68 
-0.795 36.124 
-0.776 34.68 
-0.796 40.127 
-0.776 34.68 
-0.667 23.004 
-0.812 44.952 
-0.811 44.949 
-0.767 34.671 
-0.793 35.638 
-0.829 51.149 
-0.725 28.724 
-0.821 50.357 
-0.777 35.104 
-0.689 26.834 
-0.667 23.004 
-0.764 34.16 
-0.838 56.312 
-0.688 26.811 
-0.687 26.754 
-0.812 44.952 
-0.749 29.536 
-0.813 45.093 
-0.693 26.996 
-0.796 40.127 
-0.713 27.672 
-0.835 51.971 
-0.835 51.971 
-0.724 28.606 
-0.797 40.598 
-0.666 22.975 
-0.776 34.68 
-0.76 29.58 
-0.779 35.131 
-0.794 36.064 
-0.726 28.999 
-0.789 35.206 
-0.81 40.848 
-0.832 51.602 
-0.813 45.093 
-0.776 34.68 
-0.689 26.834 
-0.816 45.781 
-0.685 26.712 
-0.776 34.68 
-0.728 29.016 
-0.746 29.435 
-0.688 26.811 
-0.837 56.266 
-0.796 40.127 
-0.689 26.834 
-0.765 34.582 
-0.793 35.638 
-0.667 23.004 
-0.818 50.205 
-0.776 34.68 
-0.832 51.602 
-0.794 36.064 
-0.687 26.754 
-0.689 26.834 
