-0.7 25.38 
-0.917 64.022 
-0.917 64.022 
-0.7 25.38 
-0.899 53.144 
-0.707 25.854 
-0.739 25.943 
-0.77 30.062 
-0.897 52.49 
-0.89 47.658 
-0.889 46.864 
-0.878 42.394 
-0.766 27.086 
-0.899 53.144 
-0.86 40.767 
-0.847 37.702 
-0.812 33.147 
-0.753 26.076 
-0.889 46.864 
-0.847 37.702 
-0.739 25.943 
-0.783 30.091 
-0.86 40.767 
-0.878 42.394 
-0.816 35.106 
-0.89 47.658 
-0.897 52.49 
-0.837 36.186 
-0.877 42.157 
-0.701 25.651 
-0.818 35.285 
-0.827 35.476 
-0.832 35.894 
-0.869 41.093 
-0.753 26.076 
-0.707 25.854 
-0.793 30.797 
-0.787 30.24 
-0.766 27.086 
-0.759 26.65 
-0.802 31.856 
-0.872 41.719 
-0.864 40.915 
-0.802 31.856 
-0.808 32.617 
-0.759 26.65 
-0.761 26.688 
-0.829 35.56 
-0.87 41.573 
-0.811 32.83 
-0.816 35.106 
-0.798 31.377 
-0.807 32.207 
-0.761 26.688 
-0.77 30.062 
-0.793 30.797 
-0.787 30.24 
-0.864 40.915 
-0.844 36.946 
-0.798 31.377 
-0.805 32.107 
-0.872 41.719 
-0.83 35.819 
-0.805 32.107 
-0.861 40.806 
-0.796 31.235 
-0.794 30.856 
-0.827 35.476 
-0.842 36.887 
-0.845 37.297 
-0.84 36.676 
-0.839 36.534 
-0.839 36.534 
-0.846 37.386 
-0.784 30.179 
-0.794 30.856 
-0.796 31.235 
-0.786 30.186 
-0.811 32.83 
-0.808 32.617 
-0.818 35.285 
-0.841 36.705 
-0.869 41.093 
-0.871 41.6 
-0.861 40.806 
-0.807 32.207 
-0.817 35.199 
-0.846 37.386 
-0.845 37.297 
-0.817 35.199 
-0.797 31.294 
-0.83 35.819 
-0.797 31.294 
-0.844 36.946 
-0.842 36.887 
-0.783 30.091 
-0.841 36.705 
-0.871 41.6 
-0.786 30.186 
-0.784 30.179 
