-0.7 25.38 
-0.917 64.022 
-0.7 25.38 
-0.917 64.022 
-0.916 59.115 
-0.735 25.549 
-0.899 53.05 
-0.889 46.863 
-0.898 52.896 
-0.897 47.992 
-0.879 42.725 
-0.766 27.086 
-0.899 53.05 
-0.862 40.484 
-0.847 37.556 
-0.818 34.884 
-0.862 40.484 
-0.768 29.69 
-0.753 26.076 
-0.847 37.556 
-0.77 30.003 
-0.74 26.051 
-0.783 30.091 
-0.889 46.863 
-0.813 33.089 
-0.879 42.725 
-0.758 26.628 
-0.818 34.884 
-0.895 47.301 
-0.875 41.533 
-0.79 30.787 
-0.825 35.434 
-0.813 33.089 
-0.736 25.66 
-0.739 25.943 
-0.788 30.353 
-0.804 31.85 
-0.896 47.654 
-0.801 31.757 
-0.869 41.093 
-0.864 40.915 
-0.838 36.241 
-0.761 26.688 
-0.753 26.076 
-0.825 35.434 
-0.81 32.491 
-0.876 41.879 
-0.839 36.533 
-0.798 31.294 
-0.863 40.825 
-0.794 30.856 
-0.841 36.547 
-0.766 27.086 
-0.761 26.688 
-0.795 31.224 
-0.807 32.139 
-0.811 32.83 
-0.768 29.69 
-0.829 35.56 
-0.801 31.757 
-0.786 30.186 
-0.895 47.301 
-0.83 35.819 
-0.805 32.107 
-0.759 26.65 
-0.798 31.294 
-0.793 30.797 
-0.842 36.773 
-0.872 41.252 
-0.807 32.139 
-0.834 36.082 
-0.832 35.894 
-0.846 37.386 
-0.845 37.033 
-0.81 32.491 
-0.878 42.394 
-0.877 42.047 
-0.897 47.992 
-0.878 42.394 
-0.87 41.184 
-0.836 36.135 
-0.872 41.252 
-0.77 30.003 
-0.844 36.946 
-0.811 32.83 
-0.832 35.894 
-0.784 30.152 
-0.836 36.135 
-0.834 36.082 
-0.827 35.476 
-0.796 31.235 
-0.869 41.093 
-0.864 40.915 
-0.844 36.946 
-0.842 36.773 
-0.846 37.386 
-0.877 42.047 
-0.898 52.896 
-0.787 30.24 
-0.783 30.091 
