-0.791 30.986 
-0.897 57.257 
-0.816 35.118 
-0.791 30.986 
-0.758 26.725 
-0.854 42.146 
-0.791 30.986 
-0.758 26.725 
-0.816 35.118 
-0.888 52.289 
-0.758 26.725 
-0.79 30.822 
-0.816 35.118 
-0.869 47.174 
-0.758 26.725 
-0.854 42.146 
-0.816 35.118 
-0.758 26.725 
-0.791 30.986 
-0.816 35.118 
-0.816 35.118 
-0.846 41.326 
-0.84 37.501 
-0.766 30.022 
-0.79 30.822 
-0.791 30.986 
-0.791 30.986 
-0.816 35.118 
-0.862 47.014 
-0.806 32.98 
-0.758 26.725 
-0.897 57.257 
-0.791 30.986 
-0.839 37.326 
-0.899 63.93 
-0.854 42.146 
-0.791 30.986 
-0.758 26.725 
-0.816 35.118 
-0.854 42.146 
-0.816 35.118 
-0.854 42.146 
-0.882 51.423 
-0.831 36.676 
-0.854 42.146 
-0.855 42.189 
-0.791 30.986 
-0.844 40.564 
-0.829 35.837 
-0.818 35.296 
-0.79 30.822 
-0.856 42.446 
-0.766 30.022 
-0.758 26.725 
-0.758 26.725 
-0.758 26.725 
-0.7 25.38 
-0.888 52.289 
-0.791 30.986 
-0.888 52.289 
-0.828 35.743 
-0.84 37.501 
-0.84 37.501 
-0.852 42.078 
-0.753 26.076 
-0.795 31.461 
-0.83 36.37 
-0.897 57.257 
-0.791 30.986 
-0.79 30.822 
