-0.847 61.388 
-0.662 23.608 
-0.662 23.608 
-0.847 61.388 
-0.846 61.235 
-0.838 50.51 
-0.695 27.895 
-0.82 40.187 
-0.695 27.895 
-0.821 45.307 
-0.829 45.309 
-0.83 50.419 
-0.74 29.379 
-0.71 28.064 
-0.806 35.743 
-0.71 28.064 
-0.775 34.191 
-0.794 34.45 
-0.743 29.782 
-0.809 39.298 
-0.761 29.785 
-0.772 33.938 
-0.765 30.416 
-0.803 34.988 
-0.74 29.379 
-0.795 34.708 
-0.813 40.009 
-0.838 50.51 
-0.772 33.938 
-0.765 30.416 
-0.837 50.468 
-0.809 39.298 
-0.811 39.605 
-0.804 35.37 
-0.811 39.605 
-0.743 29.782 
-0.813 40.009 
-0.804 35.37 
-0.803 34.988 
-0.795 34.708 
-0.762 30.049 
-0.794 34.45 
-0.774 34.182 
-0.774 34.182 
-0.764 30.29 
-0.763 30.174 
-0.762 30.049 
-0.764 30.29 
-0.763 30.174 
-0.837 50.468 
-0.83 50.419 
-0.761 29.785 
-0.829 45.309 
-0.821 45.307 
-0.662 23.608 
-0.847 61.388 
-0.695 27.895 
-0.71 28.064 
-0.74 29.379 
-0.838 50.51 
-0.772 33.938 
-0.804 35.37 
-0.811 39.605 
-0.774 34.182 
-0.743 29.782 
-0.813 40.009 
-0.803 34.988 
-0.795 34.708 
-0.794 34.45 
-0.762 30.049 
-0.763 30.174 
-0.837 50.468 
-0.83 50.419 
-0.761 29.785 
-0.829 45.309 
-0.821 45.307 
-0.662 23.608 
-0.847 61.388 
-0.695 27.895 
-0.71 28.064 
-0.74 29.379 
-0.838 50.51 
-0.772 33.938 
-0.804 35.37 
-0.774 34.182 
-0.743 29.782 
-0.813 40.009 
-0.795 34.708 
-0.794 34.45 
-0.762 30.049 
-0.763 30.174 
-0.837 50.468 
-0.83 50.419 
-0.761 29.785 
-0.829 45.309 
-0.821 45.307 
-0.662 23.608 
-0.847 61.388 
-0.804 35.37 
-0.838 50.51 
