-0.927 54.36 
-0.765 26.282 
-0.765 26.282 
-0.927 54.36 
-0.797 27.869 
-0.9 43.21 
-0.921 52.961 
-0.918 49.229 
-0.902 46.72 
-0.891 41.745 
-0.883 38.387 
-0.806 30.563 
-0.843 35.593 
-0.84 33.198 
-0.769 26.564 
-0.846 35.962 
-0.781 26.62 
-0.811 30.901 
-0.857 36.054 
-0.822 30.977 
-0.883 38.387 
-0.891 41.745 
-0.862 36.451 
-0.806 30.563 
-0.87 36.598 
-0.796 27.821 
-0.785 26.852 
-0.837 32.83 
-0.881 37.882 
-0.926 54.108 
-0.874 36.808 
-0.879 37.558 
-0.905 47.532 
-0.824 31.079 
-0.861 36.266 
-0.923 53.414 
-0.921 52.961 
-0.809 30.566 
-0.882 38.066 
-0.909 47.882 
-0.922 53.343 
-0.904 47.167 
-0.792 27.393 
-0.792 27.393 
-0.895 42.349 
-0.915 48.82 
-0.834 32.032 
-0.896 42.585 
-0.781 26.62 
-0.769 26.564 
-0.916 49.038 
-0.925 53.727 
-0.829 31.597 
-0.833 31.853 
-0.902 46.72 
-0.838 33.17 
-0.843 35.593 
-0.914 48.624 
-0.858 36.233 
-0.913 48.467 
-0.877 37.253 
-0.875 37.048 
-0.878 37.456 
-0.787 27.038 
-0.79 27.31 
-0.907 47.589 
-0.828 31.417 
-0.788 27.24 
-0.83 31.798 
-0.893 42.133 
-0.836 32.439 
-0.894 42.163 
-0.876 37.113 
-0.903 47.092 
-0.91 47.883 
-0.918 49.229 
-0.845 35.774 
-0.872 36.621 
-0.84 33.198 
-0.87 36.598 
-0.925 53.727 
-0.826 31.215 
-0.822 30.977 
-0.811 30.901 
-0.835 32.265 
-0.907 47.589 
-0.898 42.975 
-0.897 42.754 
-0.831 31.826 
-0.839 33.193 
-0.912 48.277 
-0.911 48.077 
-0.892 41.936 
-0.872 36.621 
-0.911 48.077 
-0.892 41.936 
-0.912 48.277 
-0.845 35.774 
-0.809 30.566 
-0.917 49.212 
