-0.684 30.802 
-0.684 30.802 
-0.663 27.159 
-0.806 51.705 
-0.742 36.672 
-0.731 36.432 
-0.684 30.802 
-0.73 35.185 
-0.76 40.808 
-0.798 51.683 
-0.744 36.957 
-0.806 51.705 
-0.806 51.705 
-0.731 36.432 
-0.783 46.004 
-0.731 36.432 
-0.731 36.432 
-0.684 30.802 
-0.798 51.683 
-0.798 51.683 
-0.82 56.705 
-0.695 31.084 
-0.688 30.817 
-0.773 45.159 
-0.796 50.339 
-0.684 30.802 
-0.749 40.0 
-0.75 40.117 
-0.806 51.705 
-0.745 37.428 
-0.806 51.705 
-0.768 44.826 
-0.731 36.432 
-0.791 46.451 
-0.704 31.177 
-0.78 45.23 
-0.761 40.894 
-0.747 39.952 
-0.684 30.802 
-0.762 40.979 
-0.711 34.889 
