decision_0_0 decision_0_1 decision_0_2 decision_0_3 decision_0_4 decision_0_5 decision_0_6 decision_0_7 decision_0_8 decision_0_9 decision_1_0 decision_1_1 decision_1_2 decision_1_3 decision_1_4 decision_1_5 decision_1_6 decision_1_7 decision_1_8 decision_1_9 decision_2_0 decision_2_1 decision_2_2 decision_2_3 decision_2_4 decision_2_5 decision_2_6 decision_2_7 decision_2_8 decision_2_9 decision_3_0 decision_3_1 decision_3_2 decision_3_3 decision_3_4 decision_3_5 decision_3_6 decision_3_7 decision_3_8 decision_3_9 decision_4_0 decision_4_1 decision_4_2 decision_4_3 decision_4_4 decision_4_5 decision_4_6 decision_4_7 decision_4_8 decision_4_9 decision_5_0 decision_5_1 decision_5_2 decision_5_3 decision_5_4 decision_5_5 decision_5_6 decision_5_7 decision_5_8 decision_5_9 decision_6_0 decision_6_1 decision_6_2 decision_6_3 decision_6_4 decision_6_5 decision_6_6 decision_6_7 decision_6_8 decision_6_9 decision_7_0 decision_7_1 decision_7_2 decision_7_3 decision_7_4 decision_7_5 decision_7_6 decision_7_7 decision_7_8 decision_7_9 decision_8_0 decision_8_1 decision_8_2 decision_8_3 decision_8_4 decision_8_5 decision_8_6 decision_8_7 decision_8_8 decision_8_9 decision_9_0 decision_9_1 decision_9_2 decision_9_3 decision_9_4 decision_9_5 decision_9_6 decision_9_7 decision_9_8 decision_9_9

	10 10 10 10 10 10 10 10 10 10 10 10 10 10 10 10 10 10 10 10 10 10 10 10 10 10 10 10 10 10 10 10 10 10 10 10 10 10 10 10 10 10 10 10 10 10 10 10 10 10 10 10 10 10 10 10 10 10 10 10 10 10 10 10 10 10 10 10 10 10 10 10 10 10 10 10 10 10 10 10 10 10 10 10 10 10 10 10 10 10 10 10 10 10 10 10 10 10 10 10 	
	10 10 10 10 10 10 10 10 10 10 10 10 10 10 10 10 0 9 4 9 2 4 7 5 2 8 8 2 5 6 9 3 6 9 0 0 3 10 6 10 8 2 6 2 10 0 0 2 4 8 2 10 0 5 6 10 6 3 3 7 8 9 7 7 3 9 7 1 0 5 2 2 1 9 5 8 8 10 10 2 9 3 8 7 8 7 3 6 7 7 2 6 5 1 9 2 8 10 5 0 	
	10 6 6 6 6 6 6 6 6 6 6 6 6 6 6 6 6 6 6 6 6 6 6 6 6 6 6 6 6 6 6 6 6 6 6 6 6 6 6 6 6 6 6 6 6 6 6 6 6 6 6 6 6 6 6 6 6 6 6 6 6 6 6 6 6 6 6 6 6 6 6 6 6 6 6 6 6 6 6 6 6 6 6 6 6 6 6 6 6 6 6 6 6 6 6 6 6 6 6 6 	
	7 7 7 7 7 9 9 9 9 9 9 9 9 9 9 9 9 9 9 9 9 9 9 9 7 7 7 7 7 6 6 6 6 6 6 6 6 6 6 6 6 6 6 6 6 6 6 10 10 10 10 10 10 10 10 10 10 10 10 10 10 10 10 10 10 10 10 10 10 10 10 10 10 10 10 10 10 10 10 10 10 10 10 10 10 10 10 10 10 10 10 10 10 9 2 2 8 10 9 2 	
	7 7 7 10 10 10 10 10 10 10 10 10 10 10 10 10 10 10 10 10 10 10 10 10 10 10 10 10 10 10 10 10 10 10 10 10 10 10 10 10 10 10 10 10 10 10 10 10 10 10 10 10 10 10 10 10 10 7 7 7 7 7 10 10 10 10 10 10 10 10 10 10 10 10 10 7 7 7 7 7 7 7 7 7 7 7 7 7 7 7 7 7 7 7 7 7 7 7 7 7 	
	6 6 6 6 6 6 6 6 6 6 6 6 6 6 6 6 6 6 6 6 6 6 6 6 6 6 6 6 6 6 6 6 6 6 6 6 6 6 6 6 6 6 6 6 6 6 6 6 6 6 6 6 6 6 6 6 6 6 6 6 6 6 6 6 6 6 6 6 6 6 6 6 6 6 6 6 6 6 6 6 6 6 6 6 6 6 6 6 6 6 6 6 6 6 6 6 6 6 6 6 	
	10 10 10 10 10 10 10 10 10 10 10 10 10 10 10 10 0 9 4 9 2 4 7 5 2 8 8 2 5 6 9 3 6 9 0 0 3 10 6 10 8 2 6 2 10 0 0 2 4 8 2 10 0 5 6 10 6 3 3 7 8 7 7 2 10 10 7 1 0 5 2 0 7 7 7 7 7 7 7 7 7 7 7 7 7 10 10 10 10 10 10 10 10 10 7 7 7 10 5 0 	
	7 7 7 7 7 7 7 7 7 7 7 7 7 7 7 7 7 7 7 7 2 5 4 2 8 10 3 10 7 3 10 10 1 9 6 0 5 4 6 1 6 4 3 8 2 1 1 4 4 1 5 5 0 5 6 10 10 10 10 10 10 10 10 10 10 10 10 10 10 10 10 10 10 10 10 10 10 10 10 10 10 10 10 10 10 10 10 10 10 10 10 10 10 9 2 9 2 3 4 4 	
	10 10 10 10 10 10 10 10 10 10 10 10 10 10 10 10 0 9 4 9 2 4 7 5 2 8 8 2 5 6 9 3 6 9 0 0 3 10 6 10 8 2 6 2 10 0 0 2 4 8 2 10 0 5 6 10 6 3 3 7 8 9 7 7 3 10 7 1 0 5 2 0 7 7 7 7 7 7 7 7 7 7 7 7 7 7 3 6 7 7 2 6 5 1 9 2 8 10 9 2 	
	9 9 9 9 9 9 9 9 9 9 9 9 9 9 9 9 9 9 9 9 9 9 9 9 7 7 7 7 7 7 7 7 7 7 7 7 7 7 7 7 7 7 6 6 6 10 7 0 4 2 8 7 7 7 7 7 7 7 7 7 7 7 7 7 7 7 7 7 7 7 7 7 7 7 5 8 8 10 10 2 9 7 7 7 7 7 3 10 10 10 10 10 10 10 2 9 2 3 4 4 	
	10 10 5 5 5 5 5 5 5 5 5 5 5 5 5 5 5 5 5 5 5 5 5 7 7 7 7 7 7 7 7 7 7 7 7 7 7 7 7 7 7 7 7 7 6 6 6 6 6 6 6 6 6 6 6 10 6 3 6 6 6 6 6 6 6 6 6 6 6 6 10 10 10 10 10 10 10 10 10 10 10 10 10 10 10 10 10 10 10 7 2 6 5 1 9 2 8 10 9 2 	
	7 7 7 7 7 7 7 7 7 7 7 7 7 7 7 7 7 7 7 7 7 7 7 7 7 7 7 7 7 7 7 7 7 7 7 7 7 7 7 7 7 1 2 8 2 1 1 4 4 1 5 5 0 5 6 10 6 3 3 7 8 9 7 7 3 9 7 10 0 5 2 0 7 7 7 7 7 7 7 7 7 7 7 7 7 7 3 6 7 7 2 6 5 1 9 2 8 10 9 2 	
	5 5 5 5 5 5 5 5 5 5 5 5 5 5 5 5 5 5 7 7 2 5 4 2 8 10 3 10 7 3 10 10 1 9 6 0 5 4 6 1 6 4 3 8 2 1 1 4 4 1 10 7 7 7 7 7 7 7 7 7 7 7 7 2 10 10 7 1 0 5 2 0 7 7 7 7 7 7 7 7 7 7 7 7 7 10 10 10 10 10 10 10 10 10 7 7 7 10 5 0 	
	7 7 7 7 7 7 7 7 7 7 7 7 7 7 7 7 7 7 7 7 7 7 7 7 7 7 7 7 7 7 7 7 7 7 7 7 7 7 7 7 7 1 2 8 2 1 1 4 4 1 5 5 0 7 7 7 7 7 7 7 7 7 7 2 10 10 7 1 0 5 2 0 7 7 7 7 7 7 7 7 7 7 7 7 7 10 10 10 10 10 10 10 10 9 10 9 2 3 4 4 	
	10 10 10 10 10 10 10 10 10 10 10 10 10 10 10 10 10 10 10 10 10 10 10 10 10 10 10 10 10 10 10 10 10 10 10 10 10 10 10 10 10 10 10 10 10 10 10 10 6 1 5 5 0 5 6 10 7 7 7 7 7 7 7 2 10 10 7 1 0 5 2 0 7 7 7 7 7 7 7 7 7 7 7 7 7 10 10 10 10 10 10 10 10 10 7 7 7 10 5 0 	
	7 7 7 7 7 7 7 7 7 7 7 7 7 7 7 7 7 7 7 7 7 7 7 7 7 7 7 7 7 7 7 7 7 7 7 7 7 7 7 7 7 7 7 7 7 7 7 7 7 7 7 7 7 7 7 7 7 7 7 7 7 7 7 7 7 7 7 7 7 7 7 7 7 7 7 7 7 7 7 7 7 7 7 7 7 7 7 7 7 7 7 7 7 7 7 7 7 7 7 7 	
	5 5 5 5 5 6 6 6 6 6 6 6 6 6 9 9 9 9 9 9 9 9 9 7 7 7 7 7 7 7 7 7 7 7 7 7 7 7 7 7 7 7 7 7 6 6 6 10 10 10 10 10 10 10 10 10 10 7 7 7 7 7 7 7 7 7 7 7 7 7 7 7 7 7 5 8 8 10 7 7 7 7 7 7 7 10 10 10 10 10 10 10 10 10 10 10 10 10 10 10 	
	7 7 7 7 7 7 7 7 7 7 7 7 7 7 7 7 7 7 7 7 7 7 7 7 7 7 7 7 7 7 7 7 7 7 7 7 7 7 7 7 7 7 7 7 7 7 7 7 7 7 7 10 10 10 10 10 10 10 10 10 10 10 10 10 10 10 10 10 10 10 10 10 10 10 10 10 10 10 10 10 10 10 10 10 10 10 10 10 10 10 10 10 10 9 10 10 0 9 9 7 	
	7 7 7 7 7 7 7 7 7 7 7 7 7 7 7 7 7 7 7 7 7 7 7 7 7 7 7 7 7 7 7 7 7 7 7 7 7 7 7 7 7 7 6 6 6 10 7 0 4 2 8 7 7 7 7 7 7 7 7 7 7 7 7 7 7 7 7 7 7 7 7 7 7 7 5 8 8 10 7 7 7 7 7 7 7 10 10 10 10 10 10 10 10 9 10 10 0 9 9 7 	
	6 6 6 7 7 7 7 10 10 10 10 10 10 10 10 10 0 9 4 9 2 4 7 5 2 8 8 2 5 6 9 3 6 9 0 0 3 10 6 10 8 2 6 2 10 0 0 2 4 8 2 10 0 5 6 10 6 7 7 7 7 7 7 2 10 10 7 1 0 5 2 2 1 9 5 8 8 10 10 2 9 3 8 7 8 7 3 6 7 7 2 6 5 1 9 2 0 9 9 2 	
	10 10 10 10 10 10 10 10 10 10 10 10 10 10 10 10 0 9 4 9 2 4 7 5 2 8 8 2 5 6 9 3 6 9 0 0 3 10 6 10 8 2 6 2 10 0 0 2 4 8 2 10 0 5 6 10 6 3 3 7 8 9 7 7 3 10 7 1 0 5 2 0 7 7 7 7 7 7 7 7 7 7 7 7 7 10 10 10 10 10 10 10 10 10 7 7 7 10 5 0 	
	6 4 9 2 9 0 9 2 6 0 3 7 4 3 8 5 8 4 3 10 3 4 9 8 3 8 10 7 7 7 7 7 7 7 7 7 7 7 7 7 7 7 7 7 7 7 7 7 7 7 7 7 7 7 7 7 7 7 7 7 7 7 7 7 7 7 7 7 7 7 7 7 7 7 5 8 8 10 10 2 9 7 7 7 7 7 3 6 7 7 2 6 5 1 9 2 8 10 9 2 	
	7 7 7 7 7 7 7 7 7 7 7 7 7 7 7 7 7 7 9 9 9 9 9 9 7 7 7 7 7 7 7 7 7 7 7 7 7 7 7 7 7 7 7 7 7 7 7 4 4 1 10 10 10 10 10 10 10 10 10 10 10 10 10 10 10 10 10 10 10 10 10 6 8 6 7 8 8 10 10 2 9 3 8 7 8 7 3 10 10 10 10 10 10 10 10 10 0 9 9 2 	
	10 10 10 10 10 10 10 10 10 10 10 10 10 10 10 10 0 9 4 9 2 4 7 5 2 8 8 2 5 6 9 3 6 9 0 0 3 10 6 10 8 2 6 2 10 0 0 2 4 8 2 10 0 5 6 10 6 3 3 7 8 9 7 7 3 9 7 1 0 5 2 0 7 7 7 7 7 7 10 2 9 7 7 7 7 7 3 10 10 10 10 10 10 10 2 9 2 3 4 4 	
	6 6 6 6 6 6 6 6 6 6 6 6 6 6 6 6 6 6 6 6 6 6 6 6 6 6 6 6 6 6 6 6 6 6 6 6 6 6 6 6 6 6 6 6 6 6 6 10 10 10 10 10 10 10 10 10 10 10 10 10 10 10 10 10 10 10 10 10 10 10 10 6 8 6 7 8 8 10 10 2 9 3 10 10 10 10 10 10 10 10 10 10 10 9 2 9 0 9 9 2 	
	7 7 7 7 7 7 7 7 7 7 7 7 7 7 7 7 7 7 7 7 7 7 7 7 7 7 7 7 7 7 7 7 7 7 7 7 7 7 7 7 7 7 7 7 7 7 7 7 7 7 7 7 7 7 7 7 7 7 7 7 7 7 7 7 7 7 7 7 7 7 7 7 7 7 7 7 7 7 7 7 7 7 7 7 7 7 7 7 7 7 7 7 7 7 7 7 7 7 7 7 	
	7 7 7 7 7 7 7 7 7 7 7 7 4 3 8 5 8 4 3 10 3 4 9 8 3 8 10 7 7 6 6 7 7 7 7 7 7 7 7 7 7 7 7 7 7 7 7 7 7 7 7 7 7 7 7 7 7 7 7 7 7 7 7 7 5 5 6 6 10 0 6 6 8 6 7 4 10 7 9 9 8 6 1 6 6 6 6 6 6 6 6 6 6 6 6 6 6 6 6 6 	
	7 7 7 5 5 5 5 5 5 5 5 5 5 5 5 5 5 5 7 7 2 5 4 2 8 10 3 10 7 3 10 10 1 9 6 0 5 4 6 1 6 4 3 8 2 1 1 4 4 1 10 7 7 7 7 7 7 7 7 7 7 7 7 2 10 10 7 1 0 5 2 0 7 7 7 7 7 7 7 7 7 7 7 7 7 10 10 10 10 10 10 10 10 10 7 7 7 10 5 0 	
	10 9 9 3 4 4 10 8 0 6 9 10 1 4 1 5 0 8 7 3 6 3 4 8 8 6 3 3 3 5 10 0 7 7 9 10 2 2 4 4 8 3 5 3 10 10 7 0 4 2 6 8 7 2 7 9 2 4 10 9 7 8 1 3 10 10 10 10 10 10 10 10 10 10 10 10 10 10 10 10 10 10 10 10 10 10 10 10 10 10 10 10 10 10 10 10 0 9 9 2 	
	10 10 10 10 10 10 10 10 10 10 10 10 10 10 10 10 0 9 4 9 2 4 7 5 2 8 8 2 5 6 9 3 6 9 0 0 3 10 6 10 8 2 6 2 10 0 0 2 4 8 2 10 0 5 6 10 6 3 3 7 8 9 7 7 3 9 7 1 0 5 2 0 7 7 7 7 7 7 10 2 9 7 7 7 7 7 3 10 10 10 10 10 10 9 2 9 2 3 4 4 	
	7 7 7 7 7 7 7 7 7 7 7 7 7 7 7 7 7 7 7 7 7 7 7 7 7 7 7 7 7 7 7 7 7 7 7 7 7 7 7 7 7 7 6 6 6 10 7 0 4 2 8 7 7 7 7 7 7 7 7 7 7 7 7 7 7 7 7 7 7 7 7 7 7 7 7 7 7 7 7 7 7 7 7 7 7 10 10 10 10 10 10 10 10 10 10 10 0 9 9 2 	
	5 5 5 5 5 5 5 5 5 5 5 5 5 5 5 5 5 5 5 5 5 5 5 7 7 7 7 7 7 7 7 7 7 7 7 7 7 7 7 7 7 7 7 7 7 7 7 7 7 7 7 7 7 7 7 7 7 7 7 7 7 7 7 2 10 10 7 1 0 5 2 0 7 7 7 7 7 7 7 7 7 7 7 7 7 10 10 10 10 10 10 10 10 10 10 10 10 10 10 10 	
	5 5 5 5 5 6 6 6 6 6 6 6 6 6 9 9 9 9 9 9 9 9 9 9 9 9 9 9 9 9 9 9 9 6 6 6 6 6 6 6 6 6 6 6 6 6 6 6 6 6 6 6 6 6 6 6 6 3 3 7 8 9 7 7 3 9 7 10 3 4 0 2 1 9 5 8 8 10 10 2 9 3 8 7 8 7 3 6 7 7 2 6 5 1 9 2 8 10 9 2 	
	7 7 7 7 7 7 7 7 7 7 7 7 7 7 7 7 7 7 7 7 7 7 7 7 7 7 7 7 7 7 7 7 7 7 7 7 7 7 7 7 7 7 7 7 7 7 7 7 7 7 7 7 7 7 7 7 7 7 7 7 7 7 7 2 10 10 7 1 0 5 2 2 1 9 5 8 8 10 10 2 9 3 10 10 10 10 10 10 10 10 10 10 10 9 2 10 0 9 9 7 	
	10 10 10 10 10 10 10 10 10 10 10 7 7 7 7 7 7 7 7 7 7 7 7 7 7 7 7 7 7 7 7 7 7 7 7 7 7 7 7 7 7 7 7 7 7 7 7 7 7 7 7 7 7 7 7 7 7 7 3 7 8 9 7 7 10 10 7 1 0 5 2 0 7 7 7 7 7 7 7 7 7 7 7 7 7 10 10 10 10 10 10 10 10 10 2 9 2 3 4 4 	
	9 9 9 9 9 9 9 9 9 9 9 9 9 9 9 9 9 9 9 9 9 9 9 9 7 7 7 7 7 6 6 7 7 7 7 7 7 7 7 7 7 7 7 7 7 7 7 7 7 7 7 7 7 7 7 7 7 7 7 7 7 7 7 7 5 5 6 6 10 0 6 6 8 6 7 4 10 7 9 9 8 6 1 6 6 6 6 6 6 6 6 6 6 6 6 6 6 6 6 6 	
	7 7 7 7 7 7 7 7 10 10 10 10 10 10 10 10 0 9 4 9 2 4 7 5 2 8 8 2 5 6 9 3 6 9 0 0 3 10 6 10 8 2 6 2 10 0 0 2 4 8 2 10 0 5 6 10 6 3 3 7 8 9 7 7 3 10 7 1 0 5 2 0 7 7 7 7 7 7 7 7 7 7 7 7 7 7 3 6 7 7 2 6 5 1 9 2 8 10 9 2 	
	9 9 9 9 9 9 9 9 9 9 9 9 9 9 9 9 9 9 9 9 9 9 9 9 7 7 7 7 7 7 7 7 7 7 7 7 7 7 7 7 7 7 7 7 7 7 7 7 7 7 7 10 10 10 10 10 10 10 10 10 10 10 10 10 10 10 10 10 10 10 10 10 10 10 10 10 10 10 10 10 10 10 10 10 10 10 10 10 10 10 10 10 10 10 2 9 2 3 4 4 	
	7 7 7 7 7 7 7 7 7 7 7 7 7 7 7 7 7 7 7 7 2 5 4 2 8 10 3 10 7 3 10 10 1 9 6 0 5 4 6 1 6 4 3 8 2 1 1 4 4 1 5 5 0 5 6 10 6 3 3 7 8 9 7 7 3 9 7 10 3 4 0 2 1 9 5 8 8 10 10 2 9 3 8 7 8 7 3 6 7 7 2 6 5 1 9 2 8 10 5 0 	
	7 7 7 7 7 7 7 7 7 7 7 7 7 7 7 7 7 7 7 7 10 10 10 10 10 10 10 10 10 10 10 10 10 10 10 10 10 10 10 10 10 10 10 10 10 0 0 2 4 7 7 7 7 7 7 7 7 7 7 7 7 7 7 2 10 10 7 1 0 5 2 0 7 7 7 7 7 7 7 7 7 7 7 7 7 10 10 10 10 10 10 10 10 10 10 10 10 10 10 10 	
	10 10 10 7 7 7 7 7 7 7 7 7 7 7 7 7 7 7 7 7 7 7 7 7 7 7 7 7 7 7 7 7 7 7 7 7 7 7 7 7 7 1 2 8 2 1 1 4 4 1 5 5 0 5 6 10 6 3 3 7 8 9 7 7 10 10 7 1 0 5 2 2 1 9 5 10 8 10 10 2 9 3 10 10 10 10 10 10 10 10 10 10 10 9 2 9 0 9 9 2 	
	9 9 9 9 9 9 9 9 9 9 9 9 9 9 9 9 9 9 9 9 9 9 9 9 7 7 7 7 7 7 7 7 7 7 7 7 7 7 7 7 7 7 7 7 7 7 7 7 7 7 7 10 10 10 10 10 10 10 10 10 10 10 10 10 10 10 10 10 10 10 10 10 10 10 10 10 10 10 10 10 10 10 10 10 10 10 10 10 10 10 10 10 10 9 10 10 0 9 9 7 	
	7 7 7 7 7 7 7 7 7 7 7 7 7 7 7 7 7 7 7 7 7 7 7 7 7 7 7 7 7 7 7 7 7 7 7 7 7 7 7 7 7 1 2 8 2 1 1 4 4 1 5 5 0 5 6 10 6 3 3 7 8 9 7 7 3 9 7 10 0 5 2 0 7 7 7 7 7 7 7 7 7 7 7 7 7 7 3 6 7 7 2 6 5 1 9 2 8 10 9 2 	
	10 10 10 10 10 10 10 10 10 10 10 10 10 10 10 10 0 9 4 9 2 4 7 5 2 8 8 2 5 6 9 3 6 9 0 0 3 10 6 1 6 4 3 8 2 1 1 4 4 1 5 5 0 5 6 10 6 3 3 7 8 9 7 7 3 9 7 10 3 4 0 2 1 9 5 8 8 10 10 2 9 3 8 7 8 7 3 6 7 7 2 6 5 1 9 2 8 10 5 0 	
	6 6 6 6 6 6 6 2 6 0 3 7 4 3 8 5 9 9 9 9 9 9 9 9 7 7 7 7 7 7 7 7 7 7 7 7 7 7 7 7 7 7 7 7 7 7 1 4 4 1 5 5 0 5 6 10 6 3 3 7 8 9 7 7 3 9 7 10 3 4 0 2 1 9 5 8 8 10 10 2 9 3 8 7 8 7 3 10 10 10 10 10 10 10 10 10 0 9 9 0 	
	6 6 6 6 6 6 6 6 6 6 6 6 6 6 6 6 6 6 6 6 6 6 6 6 7 7 7 7 7 7 7 7 7 7 7 7 7 7 7 7 7 7 7 7 7 7 7 10 7 7 7 7 7 7 7 7 7 7 7 7 7 7 7 2 10 10 7 1 0 5 2 0 7 7 7 8 8 10 10 2 9 7 7 7 7 7 7 7 7 7 7 7 7 7 7 7 7 10 9 2 	
	9 9 9 9 9 9 9 9 9 9 9 9 9 9 9 9 9 9 9 9 9 9 9 9 7 7 7 7 7 7 7 7 7 7 7 7 7 7 7 7 7 7 7 7 7 7 7 7 7 7 7 10 10 10 10 10 10 10 10 10 10 10 10 10 10 10 10 10 10 10 10 10 10 10 10 10 10 10 10 10 10 10 10 10 10 10 10 10 10 10 10 10 10 10 2 9 2 3 4 4 	
	7 7 7 7 7 7 7 7 7 7 7 7 7 7 7 7 7 7 7 7 7 7 7 7 7 7 7 7 7 7 7 7 7 7 7 7 7 7 7 7 7 7 7 7 7 7 7 7 7 7 7 7 7 7 7 7 7 7 7 7 7 7 7 2 10 10 7 1 0 5 2 0 7 7 7 7 7 7 7 7 7 7 7 7 7 10 10 10 10 10 10 10 10 10 7 7 7 10 5 0 	
	7 7 7 7 7 7 7 7 7 7 7 7 7 7 7 7 7 7 7 7 7 7 7 7 7 7 7 7 7 7 7 7 7 7 7 7 7 7 7 7 7 7 7 7 7 7 7 7 7 7 7 7 7 7 7 7 7 7 7 7 7 7 7 2 10 10 7 1 0 5 2 2 1 9 5 8 8 10 10 2 9 3 10 10 10 10 10 10 10 10 10 10 10 9 2 9 2 3 4 4 	
	5 5 5 5 5 6 6 6 6 6 6 7 4 3 8 5 8 4 3 10 3 4 9 8 3 8 10 7 7 6 6 7 7 7 7 7 7 7 7 7 7 7 7 7 7 7 7 7 7 7 7 7 7 7 7 7 7 7 7 7 7 7 7 7 5 5 6 6 10 0 6 0 7 7 7 7 7 7 7 7 7 7 7 7 7 10 10 10 10 10 10 10 10 10 7 7 7 10 5 0 	
	9 9 9 9 9 9 9 9 9 6 6 6 6 6 6 6 6 6 6 6 6 6 6 6 6 6 7 7 7 7 7 7 7 7 7 7 7 7 7 7 7 7 6 6 6 10 7 0 4 2 8 7 7 7 7 7 7 7 7 7 7 7 7 7 7 7 7 7 7 7 7 7 7 7 5 8 8 10 10 2 9 7 7 7 7 7 3 6 7 7 2 6 5 1 9 2 8 10 9 2 	
	7 7 7 7 7 7 7 7 6 6 6 6 6 3 8 5 8 4 3 10 3 4 9 8 3 8 10 7 7 6 6 7 7 7 7 7 7 7 7 7 7 7 7 7 7 7 7 6 6 6 6 6 6 6 6 10 6 3 6 6 6 6 6 6 6 6 6 6 6 6 10 10 10 10 10 10 10 10 10 10 10 10 10 10 10 10 10 10 10 7 2 6 5 1 9 2 8 10 9 2 	
	7 7 7 3 4 4 10 10 10 10 10 10 10 10 10 10 10 10 10 10 10 10 10 10 10 10 10 10 10 10 10 10 10 10 10 10 10 7 7 7 7 7 10 10 10 0 0 2 4 8 2 10 0 5 6 10 6 3 3 7 8 9 7 7 3 9 7 10 3 4 0 2 1 9 5 8 8 10 10 2 9 3 8 7 8 7 3 6 7 7 2 6 5 1 9 2 8 10 5 0 	
	10 6 6 6 6 6 6 6 6 6 6 6 6 6 6 6 6 6 6 6 6 6 6 6 7 7 7 7 7 7 7 7 7 7 7 7 7 7 7 7 7 7 7 7 7 7 7 7 7 7 7 7 7 7 7 7 7 7 7 7 7 7 7 2 10 10 7 1 0 5 2 2 1 9 5 8 8 10 10 2 9 3 8 7 8 7 3 6 7 7 2 6 5 1 9 2 0 9 9 2 	
	9 9 9 9 9 9 9 9 9 9 9 9 9 9 9 9 9 9 9 9 9 9 9 9 7 7 7 7 7 7 7 7 7 7 7 7 7 7 7 7 7 7 7 7 7 7 7 7 7 7 7 10 10 10 10 10 10 10 10 10 10 10 10 10 10 10 10 10 10 10 10 10 10 10 10 10 10 10 10 10 10 10 10 10 10 10 10 10 10 10 10 10 10 10 10 10 0 9 9 2 	
	5 5 5 5 5 6 6 6 6 6 6 6 6 6 9 9 9 9 9 9 9 9 9 7 7 7 7 7 7 7 7 7 7 7 7 7 7 7 7 7 7 7 7 7 6 6 6 10 10 10 10 10 10 10 10 10 10 7 7 7 7 7 7 7 7 7 7 7 7 7 7 7 7 7 5 8 8 10 7 7 7 7 7 7 7 10 10 10 10 10 10 10 10 10 2 9 2 3 4 4 	
	7 7 7 7 7 7 7 7 7 7 7 7 7 7 7 7 7 7 7 7 7 7 7 7 7 7 7 7 7 7 7 7 7 7 10 10 10 10 10 10 10 10 10 10 10 0 0 2 4 8 2 10 0 5 6 10 6 3 3 7 8 9 7 7 3 9 7 10 3 4 0 2 1 9 5 8 8 10 10 2 9 3 8 7 8 7 3 6 7 7 2 6 5 1 9 2 8 10 5 0 	
	7 7 7 7 7 7 7 7 7 7 7 7 7 7 7 7 7 7 7 7 7 7 7 7 7 7 3 10 7 3 10 10 1 9 6 0 5 4 6 1 6 4 3 8 2 1 1 4 4 1 5 5 0 5 6 10 6 3 3 7 8 9 7 7 3 9 7 10 3 4 0 2 1 9 5 8 8 10 10 2 9 3 8 7 8 7 3 6 7 7 2 6 5 1 9 2 8 10 5 0 	
	7 7 7 7 7 7 7 7 7 7 7 7 7 7 7 7 7 7 7 7 7 7 7 7 7 7 7 7 7 7 7 7 7 7 7 7 7 7 7 7 7 7 7 7 7 7 7 7 7 7 7 7 7 7 7 7 7 7 7 7 7 7 7 7 7 10 7 1 0 5 2 2 1 9 5 8 8 10 10 2 7 7 7 7 7 10 10 10 10 10 10 10 10 10 7 7 7 10 5 0 	
	7 7 7 7 7 7 7 7 7 7 7 7 7 7 7 7 7 7 7 7 10 10 10 10 10 10 10 10 10 10 10 10 10 10 10 10 10 10 10 10 10 10 10 10 10 0 0 2 4 8 2 10 0 5 6 10 6 3 3 7 8 9 7 7 3 9 7 1 0 5 2 0 7 7 7 7 7 7 10 2 9 7 7 7 7 7 3 10 10 10 10 10 10 10 2 9 2 3 4 4 	
	6 4 9 2 9 0 9 2 6 0 3 7 4 3 8 5 8 4 3 10 3 4 9 8 3 8 10 7 7 7 7 7 7 7 7 7 7 7 7 7 7 7 7 7 7 7 7 7 7 7 7 7 7 7 7 7 7 7 7 7 7 7 7 2 10 10 7 1 0 5 2 0 7 7 7 8 8 10 10 2 9 7 7 7 7 7 7 7 7 7 7 7 7 7 7 7 7 10 9 2 	
	7 7 7 7 7 7 7 7 7 7 7 7 7 7 7 7 7 7 7 7 7 7 7 7 7 7 7 7 7 7 7 7 7 7 7 7 7 7 7 7 7 7 7 7 7 7 7 7 7 7 7 7 7 7 7 7 7 7 7 7 7 7 7 2 10 10 7 1 0 5 2 0 7 7 7 7 7 7 7 7 7 7 7 7 7 10 10 10 10 10 10 10 10 10 7 7 7 10 5 0 	
	7 7 7 7 7 7 7 7 7 7 7 7 7 7 7 7 7 7 7 7 7 7 7 7 7 7 7 7 7 7 7 7 7 7 7 7 7 7 7 7 7 7 6 6 6 10 7 0 4 2 8 7 7 7 7 7 7 7 7 7 7 7 7 7 7 7 7 7 7 7 7 7 7 7 7 7 7 7 7 7 7 7 7 7 7 10 10 10 10 10 10 10 10 10 10 10 0 9 9 2 	
	7 7 7 7 7 7 7 7 7 7 7 7 7 7 7 7 7 7 7 7 7 7 7 7 7 7 7 7 7 7 7 7 7 7 7 7 7 7 7 7 7 1 2 8 2 1 1 4 4 1 5 5 0 5 6 10 6 3 3 7 8 9 7 7 10 10 7 1 0 5 2 2 1 9 5 8 8 10 10 2 9 7 7 7 7 7 3 10 10 10 10 10 10 10 2 9 2 3 4 4 	
	7 7 7 7 7 7 7 7 7 7 7 7 7 7 7 7 7 7 7 7 7 7 7 7 7 7 7 7 7 7 7 7 7 7 7 7 7 7 7 7 7 7 7 7 7 7 7 7 7 7 7 7 7 7 7 7 7 7 7 7 7 7 7 7 7 7 7 7 7 7 7 7 7 7 7 7 7 7 7 7 7 7 7 7 7 10 10 10 10 10 10 10 10 10 2 9 2 3 4 4 	
	7 7 7 3 4 4 10 10 10 10 10 10 10 10 10 10 10 10 10 10 10 10 10 10 10 10 10 10 10 10 10 10 10 10 10 10 10 10 10 10 10 10 10 10 10 10 10 10 6 1 5 5 0 5 6 10 7 7 7 7 7 7 7 2 10 10 7 1 0 5 2 0 7 7 7 7 7 7 7 7 7 7 7 7 7 10 10 10 10 10 10 10 10 10 7 7 7 10 5 0 	
	10 10 10 7 7 7 7 7 7 7 7 7 7 7 7 7 7 7 7 7 7 7 7 7 7 7 7 7 7 7 7 7 7 7 7 7 7 7 7 7 7 1 2 8 2 1 1 4 4 1 5 5 0 5 6 10 6 3 3 7 8 9 7 7 10 10 7 1 0 5 2 2 1 9 5 10 8 10 10 2 9 3 8 7 8 7 3 10 10 10 10 10 10 10 10 10 0 9 9 2 	
	5 5 5 5 5 9 9 9 9 9 9 9 9 9 9 9 9 9 9 9 9 9 9 9 7 7 7 7 7 7 7 7 7 7 7 7 7 7 7 7 7 7 7 7 7 7 7 7 7 7 7 10 10 10 10 10 10 10 10 10 10 10 10 10 10 9 7 10 3 4 0 2 1 9 5 8 8 10 10 2 7 7 7 7 7 10 10 10 10 10 10 10 10 10 7 7 7 10 5 0 	
	9 9 9 9 9 9 9 9 9 7 7 7 7 7 7 7 7 7 7 7 7 7 7 7 7 7 7 7 7 7 7 7 7 7 7 7 7 7 7 7 7 1 2 8 2 1 1 4 4 1 5 5 0 5 6 10 6 3 3 7 8 9 7 7 10 10 7 1 0 5 2 0 7 7 7 7 7 7 7 7 7 7 7 7 7 10 10 10 10 10 10 10 10 10 10 10 0 9 9 2 	
	6 6 6 7 7 7 7 10 10 10 10 10 10 10 10 10 0 9 4 9 2 4 7 5 2 8 8 2 5 6 9 3 6 9 0 0 3 10 6 10 8 2 6 2 10 0 0 2 4 8 2 10 0 5 6 10 6 7 7 7 7 7 7 2 10 10 7 1 0 5 2 2 1 9 5 8 8 10 10 2 9 3 8 7 8 7 3 6 7 7 2 6 5 1 9 2 0 9 9 2 	
	9 9 9 9 9 9 9 9 9 9 9 9 9 9 9 7 7 7 7 7 7 7 7 7 7 7 7 7 7 7 7 7 7 7 7 7 7 7 7 7 7 7 7 7 7 1 1 4 4 1 5 5 0 5 6 10 6 3 3 7 8 9 7 7 3 9 7 10 3 4 0 2 1 9 5 8 8 10 10 2 9 3 8 7 8 7 3 6 7 7 2 6 5 1 9 2 8 10 5 0 	
	9 9 9 9 9 9 9 9 9 7 7 7 7 7 7 7 7 7 7 7 7 7 7 7 7 7 7 7 7 7 7 7 7 7 7 7 7 7 7 7 7 1 2 8 2 1 1 4 4 1 5 5 0 5 6 10 6 3 3 7 8 9 7 7 10 10 7 1 3 4 0 2 1 9 5 8 8 10 10 2 7 7 7 7 7 7 3 6 7 7 2 6 5 1 9 2 8 10 9 2 	
	7 7 7 7 7 7 7 7 7 7 7 7 7 7 7 7 7 7 7 7 7 7 7 7 7 7 7 7 7 7 7 7 7 7 7 7 7 7 7 7 7 7 7 7 7 7 7 7 7 7 7 7 7 7 7 7 7 7 7 7 7 7 7 2 10 10 7 1 0 5 2 2 1 9 5 8 8 10 10 2 9 3 8 7 8 7 3 6 7 7 2 6 5 1 9 2 8 10 5 0 	
	10 10 10 10 10 10 10 10 10 10 10 10 7 7 7 7 7 7 9 9 9 9 9 9 7 7 7 7 7 7 7 7 7 7 7 7 7 7 7 7 7 7 7 7 7 7 7 7 7 7 7 7 7 7 7 7 7 7 7 7 7 7 7 2 10 10 7 1 0 5 2 2 1 9 5 8 8 10 10 2 9 3 8 7 8 7 3 6 7 7 2 6 5 1 9 2 0 9 9 2 	
	9 9 9 9 9 9 9 9 9 7 7 7 7 7 7 7 7 7 7 7 7 7 7 7 7 7 7 7 7 7 7 7 7 7 7 7 7 7 7 7 7 1 2 8 2 1 1 4 4 1 5 5 0 5 6 10 6 3 3 7 8 9 7 7 10 10 7 1 3 4 0 2 1 9 5 8 8 10 10 2 9 3 8 7 8 7 3 6 10 7 2 6 5 1 9 2 8 10 9 2 	
	6 6 6 7 7 7 7 10 10 10 10 10 10 10 10 10 0 9 4 9 2 4 7 5 2 8 8 2 5 6 9 3 6 9 0 0 3 10 6 10 8 2 6 2 10 0 0 2 4 8 2 10 0 5 6 10 6 7 7 7 7 7 7 2 10 10 7 1 0 5 2 2 1 9 5 8 8 10 10 2 9 3 8 7 7 7 3 6 7 7 7 7 7 7 7 7 7 10 9 2 	
	7 7 7 7 7 7 7 7 7 7 7 7 7 7 7 7 7 7 7 7 7 7 7 7 7 7 7 7 7 7 7 7 7 7 7 7 7 7 7 7 7 1 2 8 2 1 1 4 4 1 5 5 0 5 6 10 6 3 3 7 8 9 7 7 10 10 7 1 0 5 2 0 7 7 7 7 7 7 7 7 7 7 7 7 7 10 10 10 10 10 10 10 10 10 2 9 2 3 4 4 	
	5 5 5 5 5 6 6 6 6 6 6 7 7 7 7 7 7 7 7 7 7 7 7 7 7 7 7 7 7 7 7 7 7 7 7 7 7 7 7 7 7 7 7 7 7 7 7 7 7 7 7 7 7 7 7 7 7 7 7 7 7 7 7 2 10 10 7 1 0 5 2 2 1 9 5 8 8 10 10 2 9 3 8 7 8 7 3 6 7 7 2 6 5 1 9 2 8 10 5 0 	
	6 6 6 6 6 6 6 2 6 0 3 7 4 3 8 5 9 9 9 9 9 9 9 9 7 7 7 7 7 7 7 7 7 7 7 7 7 7 7 7 7 7 7 7 7 7 1 4 4 1 5 5 0 5 6 10 6 3 3 7 8 9 7 7 3 9 7 10 3 4 0 2 1 9 5 8 8 10 10 2 7 7 7 7 7 10 10 10 10 10 10 10 10 10 7 7 7 10 5 0 	
	7 10 10 10 10 10 10 10 10 10 10 7 7 7 7 7 7 7 7 7 7 7 7 7 7 7 7 7 7 7 7 7 7 7 7 7 7 10 10 10 10 10 10 10 10 10 10 10 6 1 5 5 0 5 6 10 7 7 7 7 7 7 7 2 10 10 7 1 0 5 2 0 7 7 7 7 7 7 7 7 7 7 7 7 7 10 10 10 10 10 10 10 10 10 7 7 7 10 5 0 	
	7 7 7 7 7 9 9 9 9 9 9 7 4 3 8 5 8 4 3 10 3 4 9 8 3 8 10 7 7 6 6 7 7 7 7 7 7 7 7 7 7 7 7 7 7 7 7 7 7 7 7 7 7 7 7 7 7 7 7 7 7 7 7 7 5 5 6 6 10 0 6 0 7 7 7 7 7 7 7 7 7 7 7 7 7 10 10 10 10 10 10 10 10 10 7 7 7 10 5 0 	
	7 7 7 7 7 7 7 7 7 7 7 7 7 7 7 7 7 7 7 7 7 7 7 7 7 7 7 7 7 7 7 7 7 7 7 7 7 7 7 7 7 7 7 7 7 7 7 7 7 7 7 7 7 7 7 7 7 7 7 7 7 7 7 2 10 10 7 1 0 5 2 2 1 9 5 8 8 10 10 2 9 3 10 10 10 10 10 10 10 10 10 10 10 9 2 10 0 9 9 7 	
	7 7 7 7 7 7 7 7 7 7 7 7 7 7 7 7 7 7 7 7 7 7 7 7 7 7 7 7 7 7 7 7 7 7 7 7 7 7 7 7 7 7 7 7 7 7 7 7 7 7 7 7 7 7 7 7 7 7 7 7 7 7 7 7 7 7 7 7 7 7 7 7 7 7 7 7 7 7 7 7 7 7 7 7 7 10 10 10 10 10 10 10 10 10 2 9 2 3 4 4 	
	10 10 10 7 7 7 7 7 7 7 7 7 7 7 7 7 7 7 7 7 7 7 7 7 7 7 7 7 7 7 7 7 7 7 7 7 7 7 7 7 7 1 2 8 2 1 1 4 4 1 5 5 0 5 6 10 6 3 3 7 8 9 7 7 10 10 7 1 0 5 2 2 1 9 5 10 8 10 10 2 9 3 10 10 10 10 10 10 10 10 10 10 10 9 2 9 0 9 9 2 	
	7 7 7 7 7 7 7 7 7 7 7 7 7 7 7 7 7 7 7 7 7 7 7 7 7 7 7 7 7 7 7 7 7 7 7 7 7 7 7 7 7 1 2 8 2 1 1 4 4 1 5 5 0 5 6 10 6 3 3 7 8 9 7 7 10 10 7 1 0 5 2 2 1 9 5 8 8 10 10 2 9 3 10 10 10 10 10 10 10 10 10 10 10 9 2 9 2 3 4 4 	
	7 10 10 10 10 10 10 10 7 7 7 7 7 7 7 7 7 7 7 7 7 7 7 7 7 7 7 7 7 7 7 7 7 7 7 7 7 7 7 7 7 1 2 8 2 1 1 4 4 1 5 5 0 5 6 10 6 3 3 7 8 9 7 7 10 10 7 1 0 5 2 0 7 7 7 7 7 7 7 7 7 7 7 7 7 10 10 10 10 10 10 10 10 10 2 9 2 3 4 4 	
	7 7 7 7 7 7 7 7 7 7 7 7 7 7 7 7 8 4 3 10 3 4 9 8 3 8 10 7 7 7 7 7 7 7 7 7 7 7 7 7 7 10 10 10 10 10 10 10 10 10 10 10 10 10 10 10 10 7 7 7 7 7 10 10 10 10 10 10 10 10 10 10 10 10 10 7 7 7 7 7 7 7 7 7 8 7 3 6 7 7 2 6 5 1 9 2 8 10 5 0 	
	7 7 7 7 7 7 7 7 7 7 7 7 7 7 7 7 7 7 7 7 7 7 7 7 7 7 7 7 7 7 7 7 7 7 7 7 7 7 7 7 7 7 7 7 7 7 7 7 7 7 7 7 7 7 7 7 7 7 7 7 7 7 7 2 10 10 7 1 0 5 2 2 1 9 5 8 8 10 10 2 9 3 10 10 10 10 10 10 10 10 10 10 10 9 2 10 8 10 5 0 	
	7 7 7 7 7 7 7 7 7 7 7 7 7 7 7 7 7 7 7 7 7 7 7 7 7 7 7 7 7 7 7 7 7 7 7 7 7 7 7 7 7 1 2 8 2 1 1 4 4 1 5 5 0 7 7 7 7 7 7 10 10 10 10 10 10 10 10 10 10 10 10 6 8 6 7 8 8 10 10 2 9 3 8 7 8 7 3 10 10 10 10 10 10 10 10 10 0 9 9 2 	
	7 7 7 7 7 7 7 7 7 7 7 7 7 7 7 7 7 7 7 7 10 10 10 10 10 10 10 10 10 10 10 10 10 10 10 10 10 10 10 10 10 10 10 10 10 0 0 2 4 8 2 10 0 5 6 10 6 3 3 7 8 9 7 7 3 9 7 1 0 5 2 0 7 7 7 7 7 7 10 2 9 7 7 7 7 7 3 10 10 10 10 10 10 10 2 9 2 3 4 4 	
	6 4 9 2 9 0 9 2 6 0 3 7 4 3 8 5 8 4 3 10 3 4 9 8 3 8 10 7 7 7 7 7 7 7 7 7 7 7 7 7 7 7 7 7 7 7 7 7 7 7 7 7 7 7 7 7 7 7 7 7 7 7 7 2 10 10 7 1 0 5 2 2 1 9 5 8 8 10 10 7 7 7 7 7 7 10 10 10 10 10 10 10 10 9 2 9 2 3 4 4 	
	10 10 10 10 10 10 10 10 10 10 10 7 7 7 7 7 7 7 7 7 7 7 7 7 7 7 7 7 7 7 7 7 7 7 7 7 7 7 7 7 7 7 7 7 7 7 7 7 7 7 7 7 7 7 7 7 7 7 3 7 8 9 7 7 10 10 7 1 0 5 2 0 7 7 7 7 7 7 7 7 7 7 7 7 7 10 10 10 10 10 10 10 10 10 2 9 2 3 4 4 	
	7 7 7 7 7 7 7 7 7 7 7 7 7 7 7 7 7 10 10 10 10 10 10 10 10 10 10 10 10 10 10 10 10 10 10 10 10 10 10 10 10 10 10 10 10 10 10 10 10 10 10 10 10 10 10 10 10 10 10 10 10 10 10 10 10 10 10 10 10 10 10 10 10 10 10 10 10 10 10 10 10 10 10 10 10 10 10 10 10 10 10 10 10 10 10 10 10 10 10 10 	
	10 10 10 10 10 10 10 10 10 10 10 10 10 10 10 10 10 10 10 10 10 10 10 10 10 10 10 10 10 10 10 10 10 10 10 10 10 10 10 10 10 10 10 10 10 10 10 10 10 10 10 10 10 10 10 10 10 7 7 7 7 7 10 10 10 10 10 10 10 10 10 10 10 10 10 7 7 7 7 7 7 7 7 7 7 7 7 7 7 7 7 7 7 7 7 7 7 7 7 7 	
	6 6 6 6 6 6 6 6 6 6 6 6 6 6 6 6 6 6 6 6 6 6 6 6 6 6 6 6 6 6 6 6 6 6 6 6 6 6 6 6 6 6 6 6 6 6 6 10 10 10 10 10 10 10 10 10 10 10 10 10 10 10 10 10 10 10 10 10 10 10 10 6 8 6 7 8 8 10 10 2 9 3 8 7 8 7 3 10 10 10 10 10 10 10 10 10 0 9 9 2 	
	10 10 10 10 10 10 10 10 10 10 10 10 10 10 10 10 0 9 4 9 2 4 7 5 2 8 8 2 5 6 9 3 6 9 0 0 3 10 6 10 8 2 6 2 10 0 0 2 4 8 2 10 0 5 6 10 6 3 3 7 8 9 7 7 3 10 7 1 0 5 2 0 7 7 7 7 7 7 7 7 7 7 7 7 7 10 10 10 10 10 10 10 10 10 7 7 7 10 5 0 	
	10 6 6 6 6 6 6 6 6 6 6 6 6 6 6 6 6 6 6 6 6 6 6 6 7 7 7 7 7 7 7 7 7 7 7 7 7 7 7 7 7 7 7 7 7 7 7 7 7 7 7 7 7 7 7 7 7 7 7 7 7 7 7 2 10 10 7 1 0 5 2 0 7 7 7 8 8 10 10 2 9 7 7 7 7 7 7 7 7 7 7 7 7 7 7 7 7 10 9 2 	
	7 7 7 7 7 7 7 7 7 7 7 7 7 7 7 7 7 7 7 7 7 7 7 7 7 7 7 7 7 7 7 7 7 7 7 7 7 7 7 7 7 7 7 7 7 7 7 7 7 7 7 7 7 7 7 7 7 7 7 7 7 7 7 2 10 10 7 1 0 5 2 2 1 9 5 8 8 10 10 2 9 3 10 10 10 10 10 10 10 10 10 10 10 9 2 10 8 10 5 0 	
	10 10 10 10 10 10 10 10 10 10 10 10 7 7 7 7 7 7 9 9 9 9 9 9 7 7 7 7 7 7 7 7 7 7 7 7 7 7 7 7 7 7 7 7 7 7 7 7 7 7 7 7 7 7 7 7 7 7 7 7 7 7 7 2 10 10 7 1 0 5 2 0 7 7 7 7 7 7 7 7 7 7 7 7 7 10 10 10 10 10 10 10 10 10 2 9 2 3 4 4 	
	7 10 10 10 10 10 10 10 10 10 10 10 10 10 10 10 0 9 4 9 2 4 7 5 2 8 8 2 5 6 9 3 6 9 0 0 3 10 6 10 8 2 6 2 10 0 0 2 4 8 2 10 0 5 6 10 6 3 3 7 8 9 7 7 3 10 7 1 0 5 2 0 7 7 7 7 7 7 7 7 7 7 7 7 7 7 3 6 7 7 2 6 5 1 9 2 8 10 9 2 	
