-0.867 45.837 
-0.703 25.49 
-0.703 25.49 
-0.867 45.837 
-0.803 30.604 
-0.812 35.015 
-0.849 41.003 
-0.745 28.866 
-0.734 27.119 
-0.866 45.818 
-0.859 41.765 
-0.842 36.997 
-0.723 27.068 
-0.79 30.189 
-0.792 30.437 
-0.757 29.081 
-0.778 30.062 
-0.716 26.291 
-0.71 25.615 
-0.716 26.291 
-0.814 35.779 
-0.775 29.607 
-0.841 36.792 
-0.859 41.765 
-0.842 36.997 
-0.767 29.603 
-0.836 36.564 
-0.821 36.382 
-0.723 27.068 
-0.866 45.818 
-0.856 41.317 
-0.71 25.615 
-0.819 35.948 
-0.777 29.868 
-0.83 36.528 
-0.827 36.503 
-0.76 29.587 
-0.836 36.564 
-0.758 29.236 
-0.765 29.595 
-0.827 36.503 
-0.856 41.317 
-0.814 35.779 
-0.83 36.528 
-0.858 41.495 
-0.759 29.467 
-0.82 36.164 
-0.82 36.164 
-0.858 41.495 
-0.857 41.323 
-0.819 35.948 
-0.765 29.595 
-0.775 29.607 
-0.767 29.603 
-0.778 30.062 
-0.821 36.382 
-0.759 29.467 
-0.76 29.587 
-0.857 41.323 
-0.867 45.837 
-0.716 26.291 
-0.859 41.765 
-0.723 27.068 
-0.71 25.615 
-0.836 36.564 
-0.827 36.503 
-0.814 35.779 
-0.759 29.467 
-0.856 41.317 
-0.82 36.164 
-0.778 30.062 
-0.858 41.495 
-0.765 29.595 
-0.775 29.607 
-0.767 29.603 
-0.76 29.587 
-0.857 41.323 
-0.867 45.837 
-0.716 26.291 
-0.859 41.765 
-0.723 27.068 
-0.827 36.503 
-0.836 36.564 
-0.778 30.062 
-0.814 35.779 
-0.759 29.467 
-0.856 41.317 
-0.82 36.164 
-0.765 29.595 
-0.76 29.587 
-0.857 41.323 
-0.867 45.837 
-0.859 41.765 
-0.716 26.291 
-0.723 27.068 
-0.827 36.503 
-0.836 36.564 
-0.778 30.062 
-0.814 35.779 
-0.759 29.467 
