-0.764 30.369 
-0.849 41.398 
-0.834 40.837 
-0.793 34.449 
-0.831 37.32 
-0.867 46.25 
-0.843 41.272 
-0.834 40.837 
-0.773 30.381 
-0.793 34.449 
-0.784 31.0 
-0.793 34.449 
-0.813 35.976 
-0.865 46.008 
-0.799 35.782 
-0.806 35.849 
-0.796 34.976 
-0.76 29.836 
-0.841 41.053 
-0.857 41.424 
-0.828 36.934 
-0.792 34.13 
-0.806 35.849 
-0.865 46.008 
-0.792 34.13 
-0.842 41.198 
-0.796 34.976 
-0.844 41.285 
-0.849 41.398 
-0.793 34.449 
-0.854 41.422 
-0.791 34.127 
-0.829 37.21 
-0.813 35.976 
-0.798 35.297 
-0.834 40.837 
-0.857 41.424 
-0.866 46.064 
-0.849 41.398 
-0.815 36.352 
-0.841 41.053 
-0.793 34.449 
-0.827 36.523 
-0.806 35.849 
-0.834 40.837 
-0.784 31.0 
-0.834 40.837 
-0.781 30.495 
-0.706 26.128 
-0.76 29.836 
-0.806 35.849 
