P=? [ F (x=9&y=9&crashed=0) ]	R{"cost"}=? [ C<=100 ]
0.787	57.529
0.611	19.428
0.787	57.529
0.611	19.428
0.634	22.543
0.759	44.926
0.763	48.335
0.703	31.758
0.778	53.293
0.773	49.131
0.779	53.374
0.747	42.117
0.622	19.476
0.698	28.852
0.672	26.932
0.688	27.783
0.723	36.521
0.678	27.405
0.622	19.476
0.634	22.543
0.644	22.564
0.621	19.45
0.742	40.07
0.722	34.563
0.662	24.227
0.654	24.213
0.671	25.243
0.77	48.407
0.695	28.317
0.779	53.374
0.69	28.078
0.717	33.531
0.678	27.405
0.773	49.131
0.755	44.085
0.742	40.07
0.668	24.73
0.751	43.082
0.751	43.082
0.651	23.822
0.647	22.832
0.758	44.346
0.778	53.293
0.739	39.577
0.737	38.647
0.698	28.852
0.736	38.423
0.72	33.921
0.75	42.689
0.721	34.412
0.729	37.412
0.713	32.949
0.652	23.96
0.651	23.822
0.647	22.832
0.664	24.526
0.735	37.975
0.763	48.335
0.755	44.085
0.733	37.827
0.696	28.655
0.757	44.157
0.727	37.002
0.725	36.738
0.711	32.576
0.741	39.809
0.712	32.756
0.713	32.949
0.771	48.487
0.707	32.466
0.748	42.145
0.719	33.757
0.663	24.397
0.726	36.754
0.672	26.932
0.74	39.664
0.737	38.647
0.646	22.697
0.668	24.73
0.733	37.827
0.729	37.412
0.697	28.808
0.67	25.143
0.772	48.77
0.705	32.108
0.645	22.615
0.67	25.143
0.709	32.559
0.707	32.466
0.739	39.577
0.749	42.439
0.705	32.108
0.772	48.77
0.704	32.035
0.749	42.439
0.709	32.559
0.654	24.213
0.689	27.858
0.728	37.211
0.664	24.526
