-0.919 69.534 
-0.784 32.108 
-0.919 69.534 
-0.784 32.108 
-0.91 58.771 
-0.911 68.938 
-0.839 34.317 
-0.909 49.605 
-0.907 44.768 
-0.891 43.78 
-0.838 34.0 
-0.866 38.684 
-0.816 33.798 
-0.859 38.159 
-0.887 38.715 
-0.859 38.159 
-0.79 32.43 
-0.909 49.605 
-0.89 39.038 
-0.801 33.347 
-0.802 33.743 
-0.816 33.798 
-0.899 44.31 
-0.899 44.31 
-0.866 38.684 
-0.786 32.311 
-0.891 43.78 
-0.889 39.003 
-0.786 32.311 
-0.838 34.0 
-0.888 38.843 
-0.888 38.843 
-0.802 33.743 
-0.89 39.038 
-0.887 38.715 
-0.919 69.534 
-0.859 38.159 
-0.909 49.605 
-0.816 33.798 
-0.802 33.743 
-0.891 43.78 
-0.888 38.843 
-0.838 34.0 
-0.89 39.038 
-0.816 33.798 
-0.891 43.78 
-0.888 38.843 
-0.89 39.038 
-0.891 43.78 
-0.888 38.843 
-0.89 39.038 
-0.891 43.78 
-0.891 43.78 
-0.891 43.78 
-0.891 43.78 
-0.891 43.78 
-0.891 43.78 
-0.891 43.78 
-0.891 43.78 
-0.891 43.78 
-0.89 39.038 
-0.891 43.78 
-0.891 43.78 
-0.891 43.78 
-0.891 43.78 
-0.816 33.798 
-0.891 43.78 
-0.891 43.78 
-0.816 33.798 
-0.891 43.78 
-0.891 43.78 
-0.786 32.311 
-0.919 69.534 
-0.919 69.534 
-0.891 43.78 
-0.891 43.78 
-0.89 39.038 
-0.838 34.0 
-0.891 43.78 
-0.89 39.038 
-0.891 43.78 
-0.891 43.78 
-0.816 33.798 
-0.89 39.038 
-0.888 38.843 
-0.891 43.78 
-0.888 38.843 
-0.838 34.0 
-0.891 43.78 
-0.891 43.78 
-0.816 33.798 
-0.891 43.78 
-0.891 43.78 
-0.784 32.108 
-0.89 39.038 
-0.891 43.78 
-0.891 43.78 
-0.891 43.78 
-0.89 39.038 
-0.816 33.798 
