-0.919 69.534 
-0.784 32.11 
-0.784 32.11 
-0.909 49.769 
-0.91 64.388 
-0.89 39.167 
-0.899 44.613 
-0.839 34.349 
-0.841 38.69 
-0.865 39.044 
-0.862 38.72 
-0.891 43.78 
-0.816 33.829 
-0.794 33.55 
-0.91 64.388 
-0.816 33.829 
-0.786 32.431 
-0.802 33.788 
-0.802 33.788 
-0.891 43.78 
-0.839 34.349 
-0.865 39.044 
-0.841 38.69 
-0.89 39.167 
-0.784 32.11 
-0.865 39.044 
-0.91 64.388 
-0.891 43.78 
-0.816 33.829 
-0.802 33.788 
-0.839 34.349 
-0.841 38.69 
-0.89 39.167 
-0.784 32.11 
-0.865 39.044 
-0.891 43.78 
-0.816 33.829 
-0.802 33.788 
-0.839 34.349 
-0.841 38.69 
-0.89 39.167 
-0.865 39.044 
-0.839 34.349 
-0.802 33.788 
-0.89 39.167 
-0.865 39.044 
-0.865 39.044 
-0.865 39.044 
-0.865 39.044 
-0.865 39.044 
-0.865 39.044 
-0.865 39.044 
-0.865 39.044 
-0.865 39.044 
-0.865 39.044 
-0.865 39.044 
-0.865 39.044 
-0.865 39.044 
-0.865 39.044 
-0.865 39.044 
-0.865 39.044 
-0.865 39.044 
-0.865 39.044 
-0.865 39.044 
-0.865 39.044 
-0.865 39.044 
-0.89 39.167 
-0.865 39.044 
-0.802 33.788 
-0.865 39.044 
-0.865 39.044 
-0.839 34.349 
-0.865 39.044 
-0.865 39.044 
-0.865 39.044 
-0.865 39.044 
-0.865 39.044 
-0.865 39.044 
-0.865 39.044 
-0.865 39.044 
-0.865 39.044 
-0.839 34.349 
-0.865 39.044 
-0.865 39.044 
-0.865 39.044 
-0.839 34.349 
-0.802 33.788 
-0.839 34.349 
-0.891 43.78 
-0.865 39.044 
-0.865 39.044 
-0.839 34.349 
-0.865 39.044 
-0.839 34.349 
-0.816 33.829 
-0.816 33.829 
-0.865 39.044 
-0.865 39.044 
-0.841 38.69 
-0.865 39.044 
