-0.651 23.361 
-0.797 58.455 
-0.797 58.455 
-0.651 23.361 
-0.781 52.401 
-0.751 41.893 
-0.766 49.775 
-0.782 53.871 
-0.782 53.871 
-0.671 26.826 
-0.764 45.901 
-0.701 31.068 
-0.765 46.071 
-0.7 27.812 
-0.764 45.901 
-0.684 26.937 
-0.666 23.943 
-0.672 26.914 
-0.766 49.775 
-0.698 27.466 
-0.726 35.293 
-0.72 33.074 
-0.733 36.774 
-0.688 27.383 
-0.663 23.737 
-0.654 23.565 
-0.741 40.005 
-0.736 38.017 
-0.736 38.017 
-0.705 31.205 
-0.712 31.221 
-0.72 33.074 
-0.728 35.766 
-0.748 41.03 
-0.742 40.165 
-0.726 35.293 
-0.718 32.808 
-0.741 40.005 
-0.728 35.766 
-0.666 23.943 
-0.735 37.048 
-0.75 41.372 
-0.714 32.239 
-0.713 31.32 
-0.748 41.03 
-0.742 40.165 
-0.704 31.074 
-0.665 23.925 
-0.653 23.48 
-0.687 27.362 
-0.749 41.205 
-0.715 32.298 
-0.715 32.298 
-0.727 35.347 
-0.663 23.737 
-0.7 27.812 
-0.686 27.033 
-0.698 27.466 
-0.735 37.048 
-0.734 36.779 
-0.719 32.809 
-0.654 23.565 
-0.765 46.071 
-0.713 31.32 
-0.685 27.021 
-0.688 27.383 
-0.714 32.239 
-0.727 35.347 
-0.672 26.914 
-0.712 31.221 
-0.686 27.033 
-0.685 27.021 
-0.734 36.779 
-0.719 32.809 
-0.797 58.455 
-0.651 23.361 
-0.764 45.901 
-0.766 49.775 
-0.72 33.074 
-0.726 35.293 
-0.741 40.005 
-0.734 36.779 
-0.728 35.766 
-0.666 23.943 
-0.748 41.03 
-0.742 40.165 
-0.663 23.737 
-0.698 27.466 
-0.688 27.383 
-0.735 37.048 
-0.654 23.565 
-0.765 46.071 
-0.713 31.32 
-0.714 32.239 
-0.727 35.347 
-0.685 27.021 
-0.719 32.809 
-0.651 23.361 
-0.765 46.071 
-0.764 45.901 
