P=? [ F (x=9&y=9&crashed=0) ]	R{"cost"}=? [ C<=100 ]
0.671	21.301
0.945	44.957
0.945	44.957
0.671	21.301
0.718	22.497
0.79	25.408
0.926	38.946
0.718	22.497
0.941	43.698
0.896	36.753
0.892	32.978
0.684	21.742
0.79	25.408
0.853	27.837
0.854	30.806
0.814	26.11
0.794	25.818
0.838	26.251
0.865	31.48
0.885	31.537
0.684	21.742
0.814	26.11
0.901	37.516
0.941	43.698
0.917	37.611
0.855	30.904
0.848	27.065
0.892	32.978
0.85	27.747
0.944	44.327
0.92	37.625
0.89	32.382
0.899	37.383
0.898	36.915
0.862	31.261
0.794	25.818
0.923	38.143
0.923	38.143
0.862	31.261
0.944	44.327
0.942	43.886
0.848	27.065
0.896	36.753
0.842	26.714
0.839	26.306
0.887	32.084
0.886	31.697
0.843	26.729
0.843	26.729
0.924	38.463
0.925	38.761
0.924	38.463
0.888	32.288
0.942	43.886
0.864	31.294
0.917	37.611
0.839	26.306
0.887	32.084
0.842	26.714
0.92	37.625
0.925	38.761
0.89	32.382
0.85	27.747
0.898	36.915
0.886	31.697
0.838	26.251
0.899	37.383
0.854	30.806
0.888	32.288
0.853	27.837
0.885	31.537
0.865	31.48
0.864	31.294
0.945	44.957
0.671	21.301
0.718	22.497
0.79	25.408
0.684	21.742
0.814	26.11
0.941	43.698
0.892	32.978
0.794	25.818
0.944	44.327
0.848	27.065
0.896	36.753
0.854	30.806
0.843	26.729
0.925	38.761
0.924	38.463
0.942	43.886
0.917	37.611
0.839	26.306
0.862	31.261
0.887	32.084
0.842	26.714
0.92	37.625
0.89	32.382
0.85	27.747
0.898	36.915
0.886	31.697
