-0.564 26.678 
-0.789 61.149 
-0.789 61.149 
-0.6 28.304 
-0.6 28.304 
-0.651 31.687 
-0.774 57.001 
-0.68 35.461 
-0.778 59.962 
-0.708 39.909 
-0.651 31.687 
-0.763 54.342 
-0.759 51.311 
-0.773 55.184 
-0.717 40.417 
-0.745 48.854 
-0.744 46.341 
-0.723 43.92 
-0.722 41.455 
-0.667 33.029 
-0.701 37.512 
-0.667 33.029 
-0.685 36.129 
-0.755 49.784 
-0.759 51.311 
-0.736 45.286 
-0.708 39.909 
-0.78 60.46 
-0.697 37.043 
-0.766 54.795 
-0.787 60.587 
-0.701 37.512 
-0.758 50.32 
-0.727 44.576 
-0.719 40.899 
-0.732 44.688 
-0.763 54.342 
-0.741 45.818 
-0.749 49.579 
-0.658 32.275 
-0.69 36.193 
-0.662 32.475 
-0.746 48.937 
-0.733 44.744 
-0.747 49.469 
-0.766 54.795 
-0.652 31.754 
-0.666 32.816 
-0.724 44.08 
-0.693 36.719 
-0.662 32.475 
-0.657 32.251 
-0.681 35.628 
-0.721 41.232 
-0.741 45.818 
-0.681 35.628 
-0.657 32.251 
-0.652 31.754 
-0.72 41.062 
-0.7 37.377 
-0.757 50.053 
-0.735 45.142 
-0.773 55.184 
-0.691 36.415 
-0.694 36.77 
-0.725 44.43 
-0.788 60.801 
-0.666 32.816 
-0.7 37.377 
-0.691 36.415 
-0.735 45.142 
-0.742 46.11 
-0.779 60.243 
-0.694 36.77 
-0.757 50.053 
-0.758 50.32 
-0.722 41.455 
-0.779 60.243 
-0.788 60.801 
-0.749 49.579 
-0.723 43.92 
-0.743 46.268 
-0.742 46.11 
-0.787 60.587 
-0.748 49.491 
-0.726 44.491 
-0.745 48.854 
-0.744 46.341 
-0.743 46.268 
-0.69 36.193 
-0.726 44.491 
-0.725 44.43 
-0.748 49.491 
-0.789 61.149 
-0.6 28.304 
-0.708 39.909 
-0.701 37.512 
-0.763 54.342 
-0.779 60.243 
-0.766 54.795 
