-0.863 57.422 
-0.627 23.969 
-0.863 57.422 
-0.627 23.969 
-0.847 56.067 
-0.846 41.689 
-0.676 25.505 
-0.809 39.641 
-0.806 35.514 
-0.844 41.249 
-0.821 41.037 
-0.77 33.329 
-0.652 24.769 
-0.713 28.64 
-0.687 27.737 
-0.653 25.157 
-0.717 29.274 
-0.734 29.352 
-0.76 31.104 
-0.671 25.447 
-0.793 34.104 
-0.686 27.724 
-0.778 33.993 
-0.862 57.378 
-0.76 31.104 
-0.816 39.74 
-0.862 57.378 
-0.847 56.067 
-0.686 27.724 
-0.736 29.547 
-0.794 34.377 
-0.753 30.123 
-0.81 39.652 
-0.713 28.64 
-0.687 27.737 
-0.776 33.658 
-0.671 25.447 
-0.746 29.76 
-0.82 40.195 
-0.771 33.603 
-0.652 24.769 
-0.8 34.516 
-0.741 29.738 
-0.749 30.043 
-0.741 29.738 
-0.757 30.764 
-0.803 35.002 
-0.714 28.798 
-0.819 40.011 
-0.754 30.44 
-0.756 30.461 
-0.806 35.514 
-0.749 30.043 
-0.715 29.001 
-0.757 30.764 
-0.746 29.76 
-0.809 39.641 
-0.653 25.157 
-0.802 34.846 
-0.801 34.566 
-0.715 29.001 
-0.819 40.011 
-0.804 35.224 
-0.717 29.274 
-0.821 41.037 
-0.777 33.784 
-0.82 40.195 
-0.805 35.388 
-0.804 35.224 
-0.802 34.846 
-0.735 29.404 
-0.8 34.516 
-0.794 34.377 
-0.805 35.388 
-0.777 33.784 
-0.793 34.104 
-0.778 33.993 
-0.771 33.603 
-0.735 29.404 
-0.801 34.566 
-0.756 30.461 
-0.754 30.44 
-0.863 57.422 
-0.627 23.969 
-0.686 27.724 
-0.76 31.104 
-0.847 56.067 
-0.687 27.737 
-0.652 24.769 
-0.741 29.738 
-0.806 35.514 
-0.749 30.043 
-0.746 29.76 
-0.809 39.641 
-0.671 25.447 
-0.653 25.157 
-0.715 29.001 
-0.82 40.195 
-0.777 33.784 
-0.771 33.603 
