-0.627 23.969 
-0.863 57.083 
-0.863 57.083 
-0.627 23.969 
-0.709 24.689 
-0.862 47.421 
-0.859 46.604 
-0.84 40.565 
-0.846 41.647 
-0.827 36.026 
-0.729 25.421 
-0.792 33.975 
-0.78 30.07 
-0.754 28.82 
-0.734 25.797 
-0.734 25.797 
-0.753 28.697 
-0.774 29.549 
-0.806 35.511 
-0.826 35.976 
-0.753 28.697 
-0.846 41.647 
-0.827 36.026 
-0.78 30.07 
-0.792 33.975 
-0.794 34.377 
-0.86 47.014 
-0.774 29.549 
-0.802 34.794 
-0.799 34.378 
-0.861 47.286 
-0.843 40.985 
-0.801 34.547 
-0.826 35.976 
-0.806 35.511 
-0.841 40.738 
-0.775 29.679 
-0.793 34.035 
-0.8 34.405 
-0.778 29.942 
-0.845 41.514 
-0.844 41.249 
-0.844 41.249 
-0.778 29.942 
-0.775 29.679 
-0.805 35.385 
-0.804 35.171 
-0.803 35.002 
-0.804 35.171 
-0.803 35.002 
-0.842 40.847 
-0.862 47.421 
-0.845 41.514 
-0.805 35.385 
-0.779 29.944 
-0.842 40.847 
-0.793 34.035 
-0.779 29.944 
-0.799 34.378 
-0.794 34.377 
-0.863 57.083 
-0.627 23.969 
-0.753 28.697 
-0.846 41.647 
-0.792 33.975 
-0.827 36.026 
-0.779 29.944 
-0.774 29.549 
-0.826 35.976 
-0.806 35.511 
-0.862 47.421 
-0.842 40.847 
-0.778 29.942 
-0.775 29.679 
-0.804 35.171 
-0.803 35.002 
-0.844 41.249 
-0.845 41.514 
-0.805 35.385 
-0.793 34.035 
-0.799 34.378 
-0.794 34.377 
-0.627 23.969 
-0.863 57.083 
-0.792 33.975 
-0.827 36.026 
-0.774 29.549 
-0.826 35.976 
-0.806 35.511 
-0.862 47.421 
-0.844 41.249 
-0.842 40.847 
-0.778 29.942 
-0.775 29.679 
-0.804 35.171 
-0.803 35.002 
-0.845 41.514 
-0.805 35.385 
-0.793 34.035 
-0.799 34.378 
