-0.937 54.259 
-0.773 25.771 
-0.937 54.259 
-0.792 26.241 
-0.828 30.3 
-0.907 47.119 
-0.828 30.3 
-0.792 26.241 
-0.935 53.626 
-0.92 49.322 
-0.902 43.317 
-0.92 49.322 
-0.888 41.143 
-0.884 37.926 
-0.788 25.897 
-0.935 53.626 
-0.852 35.004 
-0.85 32.499 
-0.898 41.764 
-0.916 47.45 
-0.841 31.358 
-0.835 30.578 
-0.87 36.53 
-0.891 41.558 
-0.902 43.317 
-0.919 48.164 
-0.877 36.663 
-0.864 36.295 
-0.907 47.119 
-0.87 36.53 
-0.855 35.733 
-0.837 30.925 
-0.899 42.452 
-0.936 53.82 
-0.884 37.926 
-0.847 32.081 
-0.788 25.897 
-0.901 42.852 
-0.837 30.925 
-0.888 41.143 
-0.835 30.578 
-0.919 48.164 
-0.918 47.726 
-0.846 31.837 
-0.901 42.852 
-0.899 42.452 
-0.854 35.333 
-0.858 35.757 
-0.852 35.004 
-0.882 37.571 
-0.881 37.228 
-0.916 47.45 
-0.85 32.499 
-0.846 31.837 
-0.844 31.548 
-0.848 32.317 
-0.864 36.295 
-0.844 31.548 
-0.843 31.5 
-0.883 37.706 
-0.863 36.075 
-0.918 47.726 
-0.917 47.511 
-0.89 41.351 
-0.898 41.764 
-0.891 41.558 
-0.89 41.351 
-0.889 41.145 
-0.853 35.203 
-0.861 36.02 
-0.86 35.824 
-0.881 37.228 
-0.88 37.034 
-0.88 37.034 
-0.879 36.845 
-0.843 31.5 
-0.883 37.706 
-0.882 37.571 
-0.877 36.663 
-0.854 35.333 
-0.853 35.203 
-0.849 32.372 
-0.879 36.845 
-0.878 36.746 
-0.878 36.746 
-0.917 47.511 
-0.849 32.372 
-0.848 32.317 
-0.863 36.075 
-0.862 36.038 
-0.86 35.824 
-0.859 35.788 
-0.859 35.788 
-0.858 35.757 
-0.862 36.038 
-0.861 36.02 
-0.889 41.145 
-0.937 54.259 
-0.828 30.3 
-0.792 26.241 
