-0.656 27.189 
-0.87 58.91 
-0.656 27.189 
-0.87 58.91 
-0.703 30.605 
-0.733 33.079 
-0.867 53.876 
-0.764 33.138 
-0.798 38.671 
-0.864 53.119 
-0.703 30.605 
-0.852 49.266 
-0.783 36.862 
-0.768 33.798 
-0.807 41.539 
-0.768 33.798 
-0.783 36.862 
-0.864 53.119 
-0.852 49.266 
-0.831 46.43 
-0.836 47.272 
-0.72 31.585 
-0.711 31.288 
-0.842 48.416 
-0.807 41.539 
-0.83 45.233 
-0.815 41.903 
-0.728 32.12 
-0.808 41.597 
-0.84 48.067 
-0.821 43.045 
-0.707 30.736 
-0.84 48.067 
-0.822 43.676 
-0.792 37.52 
-0.835 47.185 
-0.831 46.43 
-0.786 37.216 
-0.728 32.12 
-0.819 42.643 
-0.867 53.876 
-0.733 33.079 
-0.79 37.329 
-0.825 44.106 
-0.726 31.968 
-0.846 48.619 
-0.866 53.477 
-0.835 47.185 
-0.767 33.639 
-0.85 48.765 
-0.846 48.619 
-0.722 31.774 
-0.794 37.994 
-0.785 36.907 
-0.71 31.135 
-0.707 30.736 
-0.71 31.135 
-0.824 43.863 
-0.83 45.233 
-0.829 44.846 
-0.766 33.416 
-0.827 44.494 
-0.796 38.284 
-0.866 53.477 
-0.726 31.968 
-0.797 38.329 
-0.721 31.74 
-0.849 48.729 
-0.851 49.096 
-0.82 42.962 
-0.815 41.903 
-0.808 41.597 
-0.829 44.846 
-0.828 44.541 
-0.72 31.585 
-0.711 31.288 
-0.816 42.19 
-0.766 33.416 
-0.794 37.994 
-0.818 42.387 
-0.826 44.32 
-0.764 33.138 
-0.722 31.774 
-0.824 43.863 
-0.822 43.676 
-0.791 37.512 
-0.826 44.32 
-0.851 49.096 
-0.795 38.116 
-0.795 38.116 
-0.79 37.329 
-0.786 37.216 
-0.849 48.729 
-0.817 42.298 
-0.816 42.19 
-0.818 42.387 
-0.817 42.298 
-0.82 42.962 
-0.828 44.541 
-0.797 38.329 
