-0.881 53.248 
-0.608 25.354 
-0.881 53.248 
-0.673 27.391 
-0.865 49.019 
-0.725 27.392 
-0.824 41.184 
-0.848 43.076 
-0.745 27.562 
-0.819 37.283 
-0.864 47.355 
-0.872 52.264 
-0.864 47.355 
-0.813 36.125 
-0.8 33.011 
-0.639 26.856 
-0.746 30.547 
-0.66 26.917 
-0.771 30.793 
-0.848 43.076 
-0.749 30.637 
-0.64 26.889 
-0.813 36.125 
-0.725 27.392 
-0.8 33.011 
-0.837 41.248 
-0.793 31.483 
-0.872 52.264 
-0.839 42.395 
-0.639 26.856 
-0.78 31.413 
-0.66 26.917 
-0.673 27.391 
-0.814 36.859 
-0.819 37.283 
-0.779 31.248 
-0.798 32.013 
-0.776 30.914 
-0.838 41.673 
-0.794 31.891 
-0.839 42.395 
-0.771 30.793 
-0.799 32.495 
-0.799 32.495 
-0.824 41.184 
-0.838 41.673 
-0.814 36.859 
-0.776 30.914 
-0.749 30.637 
-0.745 27.562 
-0.747 30.596 
-0.798 32.013 
-0.794 31.891 
-0.793 31.483 
-0.78 31.413 
-0.837 41.248 
-0.746 30.547 
-0.747 30.596 
-0.864 47.355 
-0.848 43.076 
-0.813 36.125 
-0.725 27.392 
-0.8 33.011 
-0.872 52.264 
-0.639 26.856 
-0.66 26.917 
-0.673 27.391 
-0.819 37.283 
-0.839 42.395 
-0.771 30.793 
-0.799 32.495 
-0.824 41.184 
-0.838 41.673 
-0.814 36.859 
-0.776 30.914 
-0.78 31.413 
-0.749 30.637 
-0.745 27.562 
-0.798 32.013 
-0.794 31.891 
-0.793 31.483 
-0.837 41.248 
-0.746 30.547 
-0.747 30.596 
-0.864 47.355 
-0.848 43.076 
-0.813 36.125 
-0.8 33.011 
-0.872 52.264 
-0.639 26.856 
-0.66 26.917 
-0.819 37.283 
-0.771 30.793 
-0.799 32.495 
-0.838 41.673 
-0.814 36.859 
-0.776 30.914 
-0.749 30.637 
-0.794 31.891 
-0.793 31.483 
