-0.881 53.248 
-0.608 25.354 
-0.608 25.354 
-0.881 53.248 
-0.652 26.601 
-0.678 26.907 
-0.865 48.884 
-0.824 37.905 
-0.745 27.562 
-0.725 27.392 
-0.864 47.355 
-0.848 43.076 
-0.872 52.264 
-0.837 41.248 
-0.813 36.125 
-0.8 33.011 
-0.864 47.355 
-0.746 30.546 
-0.771 30.792 
-0.725 27.392 
-0.749 30.637 
-0.813 36.125 
-0.8 33.011 
-0.848 43.076 
-0.839 42.395 
-0.793 31.456 
-0.872 52.264 
-0.847 42.871 
-0.78 31.413 
-0.837 41.248 
-0.838 41.376 
-0.776 30.823 
-0.814 36.859 
-0.823 37.52 
-0.779 31.248 
-0.798 32.013 
-0.794 31.891 
-0.819 37.283 
-0.819 37.283 
-0.799 32.495 
-0.799 32.495 
-0.839 42.395 
-0.814 36.859 
-0.749 30.637 
-0.745 27.562 
-0.747 30.596 
-0.798 32.013 
-0.794 31.891 
-0.746 30.546 
-0.793 31.456 
-0.78 31.413 
-0.747 30.596 
-0.881 53.248 
-0.864 47.355 
-0.848 43.076 
-0.813 36.125 
-0.725 27.392 
-0.8 33.011 
-0.872 52.264 
-0.819 37.283 
-0.839 42.395 
-0.799 32.495 
-0.814 36.859 
-0.749 30.637 
-0.745 27.562 
-0.798 32.013 
-0.794 31.891 
-0.837 41.248 
-0.78 31.413 
-0.747 30.596 
-0.881 53.248 
-0.864 47.355 
-0.848 43.076 
-0.813 36.125 
-0.725 27.392 
-0.8 33.011 
-0.872 52.264 
-0.819 37.283 
-0.839 42.395 
-0.799 32.495 
-0.814 36.859 
-0.749 30.637 
-0.745 27.562 
-0.798 32.013 
-0.794 31.891 
-0.78 31.413 
-0.837 41.248 
-0.747 30.596 
-0.864 47.355 
-0.848 43.076 
-0.813 36.125 
-0.725 27.392 
-0.8 33.011 
-0.872 52.264 
-0.819 37.283 
-0.839 42.395 
-0.799 32.495 
-0.814 36.859 
-0.749 30.637 
-0.745 27.562 
