-0.957 75.001 
-0.794 26.602 
-0.957 75.001 
-0.794 26.602 
-0.847 31.021 
-0.94 44.537 
-0.948 65.121 
-0.947 55.211 
-0.871 32.315 
-0.927 39.398 
-0.956 69.973 
-0.945 50.003 
-0.943 49.677 
-0.947 55.211 
-0.956 69.973 
-0.948 65.121 
-0.862 31.35 
-0.872 36.214 
-0.902 37.174 
-0.915 38.782 
-0.889 37.011 
-0.849 31.312 
-0.904 37.95 
-0.927 39.398 
-0.918 39.277 
-0.875 36.475 
-0.862 31.35 
-0.884 36.665 
-0.904 37.95 
-0.943 49.677 
-0.887 36.699 
-0.884 36.665 
-0.875 36.475 
-0.916 39.008 
-0.902 37.174 
-0.889 37.011 
-0.918 39.277 
-0.849 31.312 
-0.887 36.699 
-0.916 39.008 
-0.872 36.214 
-0.957 75.001 
-0.947 55.211 
-0.948 65.121 
-0.862 31.35 
-0.916 39.008 
-0.875 36.475 
-0.902 37.174 
-0.918 39.277 
-0.849 31.312 
-0.887 36.699 
-0.872 36.214 
-0.875 36.475 
-0.875 36.475 
-0.875 36.475 
-0.875 36.475 
-0.875 36.475 
-0.918 39.277 
-0.875 36.475 
-0.875 36.475 
-0.875 36.475 
-0.875 36.475 
-0.875 36.475 
-0.875 36.475 
-0.875 36.475 
-0.849 31.312 
-0.875 36.475 
-0.875 36.475 
-0.875 36.475 
-0.875 36.475 
-0.875 36.475 
-0.875 36.475 
-0.875 36.475 
-0.875 36.475 
-0.875 36.475 
-0.875 36.475 
-0.957 75.001 
-0.875 36.475 
-0.875 36.475 
-0.875 36.475 
-0.849 31.312 
-0.849 31.312 
-0.875 36.475 
-0.875 36.475 
-0.875 36.475 
-0.849 31.312 
-0.875 36.475 
-0.875 36.475 
-0.875 36.475 
-0.875 36.475 
-0.875 36.475 
-0.875 36.475 
-0.875 36.475 
-0.875 36.475 
-0.875 36.475 
-0.875 36.475 
-0.875 36.475 
-0.875 36.475 
-0.875 36.475 
-0.875 36.475 
