-0.671 37.069 
-0.844 66.265 
-0.844 66.265 
-0.671 37.069 
-0.695 37.655 
-0.732 38.786 
-0.776 47.715 
-0.805 53.968 
-0.812 58.041 
-0.829 61.676 
-0.838 65.193 
-0.789 49.116 
-0.69 37.11 
-0.79 52.273 
-0.753 42.623 
-0.745 39.693 
-0.775 45.159 
-0.732 38.786 
-0.741 38.828 
-0.829 61.676 
-0.838 65.193 
-0.753 42.623 
-0.745 39.693 
-0.784 48.092 
-0.8 53.21 
-0.76 43.585 
-0.805 53.968 
-0.695 37.655 
-0.812 58.041 
-0.794 52.887 
-0.765 43.591 
-0.823 60.374 
-0.785 48.224 
-0.82 59.612 
-0.82 59.612 
-0.744 39.511 
-0.694 37.486 
-0.8 53.21 
-0.786 48.687 
-0.823 60.374 
-0.827 61.056 
-0.819 59.205 
-0.818 58.594 
-0.771 44.293 
-0.757 43.035 
-0.803 53.596 
-0.69 37.11 
-0.768 43.884 
-0.744 39.511 
-0.757 43.035 
-0.773 44.73 
-0.819 59.205 
-0.827 61.056 
-0.803 53.596 
-0.843 65.881 
-0.771 44.293 
-0.741 38.828 
-0.784 48.092 
-0.694 37.486 
-0.769 44.078 
-0.773 44.73 
-0.765 43.591 
-0.76 43.585 
-0.825 60.658 
-0.793 52.728 
-0.791 52.431 
-0.788 48.959 
-0.794 52.887 
-0.793 52.728 
-0.791 52.431 
-0.768 43.884 
-0.825 60.658 
-0.788 48.959 
-0.786 48.687 
-0.84 65.483 
-0.775 45.159 
-0.774 44.919 
-0.815 58.312 
-0.813 58.077 
-0.826 60.823 
-0.755 42.853 
-0.839 65.422 
-0.815 58.312 
-0.769 44.078 
-0.804 53.807 
-0.843 65.881 
-0.842 65.676 
-0.813 58.077 
-0.755 42.853 
-0.774 44.919 
-0.842 65.676 
-0.841 65.508 
-0.826 60.823 
-0.817 58.522 
-0.816 58.359 
-0.804 53.807 
-0.79 52.273 
-0.756 42.884 
-0.818 58.594 
-0.817 58.522 
