-0.76 49.598 
-0.719 43.392 
-0.786 52.906 
-0.693 42.745 
-0.719 43.392 
-0.786 52.906 
-0.76 49.598 
-0.76 49.598 
-0.763 52.755 
-0.786 52.906 
-0.716 43.253 
-0.719 43.392 
-0.716 43.253 
-0.76 49.598 
-0.76 49.598 
-0.76 49.598 
-0.693 42.745 
-0.719 43.392 
-0.716 43.253 
-0.763 52.755 
-0.786 52.906 
-0.76 49.598 
-0.763 52.755 
-0.816 58.576 
-0.719 43.392 
-0.64 38.026 
-0.76 49.598 
-0.735 43.65 
-0.76 49.598 
-0.786 52.906 
-0.716 43.253 
-0.76 49.598 
-0.76 49.598 
-0.752 47.199 
-0.736 47.175 
-0.716 43.253 
-0.716 43.253 
-0.792 53.392 
-0.754 49.549 
-0.693 42.745 
-0.816 58.576 
-0.719 43.392 
-0.714 43.037 
-0.693 42.745 
