-0.695 32.02 
-0.885 52.422 
-0.695 32.02 
-0.885 52.422 
-0.769 32.031 
-0.865 47.509 
-0.861 46.858 
-0.799 36.815 
-0.797 32.884 
-0.846 42.933 
-0.837 41.88 
-0.83 38.673 
-0.865 47.509 
-0.802 37.102 
-0.794 32.598 
-0.773 32.31 
-0.861 46.858 
-0.819 37.23 
-0.846 42.933 
-0.83 38.673 
-0.837 41.88 
-0.842 42.079 
-0.773 32.31 
-0.844 42.332 
-0.794 32.598 
-0.845 42.733 
-0.799 36.815 
-0.797 32.884 
-0.822 37.71 
-0.821 37.476 
-0.769 32.031 
-0.827 38.057 
-0.825 37.984 
-0.824 37.784 
-0.842 42.079 
-0.844 42.332 
-0.821 37.476 
-0.819 37.23 
-0.828 38.28 
-0.829 38.473 
-0.845 42.733 
-0.829 38.473 
-0.828 38.28 
-0.824 37.784 
-0.822 37.71 
-0.827 38.057 
-0.825 37.984 
-0.885 52.422 
-0.695 32.02 
-0.865 47.509 
-0.861 46.858 
-0.83 38.673 
-0.773 32.31 
-0.819 37.23 
-0.799 36.815 
-0.794 32.598 
-0.769 32.031 
-0.842 42.079 
-0.844 42.332 
-0.829 38.473 
-0.828 38.28 
-0.824 37.784 
-0.825 37.984 
-0.695 32.02 
-0.885 52.422 
-0.865 47.509 
-0.861 46.858 
-0.773 32.31 
-0.819 37.23 
-0.799 36.815 
-0.794 32.598 
-0.769 32.031 
-0.844 42.332 
-0.829 38.473 
-0.825 37.984 
-0.842 42.079 
-0.828 38.28 
-0.824 37.784 
-0.695 32.02 
-0.885 52.422 
-0.799 36.815 
-0.794 32.598 
-0.773 32.31 
-0.819 37.23 
-0.769 32.031 
-0.844 42.332 
-0.825 37.984 
-0.842 42.079 
-0.828 38.28 
-0.824 37.784 
-0.885 52.422 
-0.695 32.02 
-0.799 36.815 
-0.794 32.598 
-0.773 32.31 
-0.819 37.23 
-0.769 32.031 
-0.844 42.332 
-0.825 37.984 
-0.842 42.079 
