-0.749 26.727 
-0.89 61.784 
-0.771 30.096 
-0.821 35.652 
-0.749 26.727 
-0.873 51.282 
-0.877 60.448 
-0.81 34.869 
-0.795 31.083 
-0.872 50.883 
-0.89 61.784 
-0.747 26.399 
-0.873 51.282 
-0.811 35.127 
-0.821 35.652 
-0.837 40.158 
-0.846 41.115 
-0.813 35.227 
-0.794 30.709 
-0.836 39.8 
-0.847 41.118 
-0.84 40.701 
-0.821 35.652 
-0.771 30.096 
-0.872 50.883 
-0.809 34.741 
-0.768 29.887 
-0.745 26.139 
-0.747 26.399 
-0.821 35.652 
-0.864 45.778 
-0.798 31.262 
-0.847 41.118 
-0.796 31.168 
-0.768 29.887 
-0.794 30.709 
-0.838 40.302 
-0.788 30.282 
-0.873 51.282 
-0.795 31.083 
-0.811 35.127 
-0.821 35.652 
-0.749 26.727 
-0.749 26.727 
-0.819 35.265 
-0.865 46.17 
-0.824 36.165 
-0.863 45.777 
-0.8 31.582 
-0.822 35.777 
-0.768 29.887 
-0.811 35.127 
-0.821 35.652 
-0.795 31.083 
-0.821 35.652 
-0.873 51.282 
-0.872 50.883 
-0.795 31.083 
-0.821 35.652 
-0.793 30.667 
-0.749 26.727 
-0.747 26.399 
-0.847 41.118 
-0.838 40.302 
-0.79 30.419 
-0.752 26.813 
-0.809 34.741 
-0.837 40.158 
-0.751 26.774 
-0.792 30.531 
-0.811 35.127 
-0.795 31.083 
-0.798 31.262 
-0.811 35.127 
-0.873 51.282 
