-0.726 25.87 
-0.89 61.782 
-0.89 61.782 
-0.726 25.87 
-0.881 56.44 
-0.889 61.204 
-0.769 29.876 
-0.824 36.113 
-0.873 51.281 
-0.806 34.399 
-0.745 26.037 
-0.79 30.194 
-0.869 49.95 
-0.865 46.168 
-0.86 45.03 
-0.772 30.098 
-0.848 41.498 
-0.754 27.028 
-0.833 39.304 
-0.8 31.49 
-0.754 27.028 
-0.848 41.498 
-0.86 45.03 
-0.873 51.281 
-0.833 39.304 
-0.8 31.49 
-0.813 34.928 
-0.862 45.307 
-0.865 46.168 
-0.838 40.168 
-0.843 40.517 
-0.812 34.671 
-0.836 39.671 
-0.752 26.676 
-0.869 49.95 
-0.817 34.936 
-0.872 50.749 
-0.796 30.932 
-0.797 31.111 
-0.871 50.558 
-0.87 50.084 
-0.864 45.778 
-0.847 41.118 
-0.81 34.525 
-0.837 40.029 
-0.822 35.776 
-0.818 35.047 
-0.843 40.517 
-0.838 40.168 
-0.863 45.645 
-0.822 35.776 
-0.82 35.388 
-0.819 35.067 
-0.798 31.21 
-0.798 31.21 
-0.81 34.525 
-0.793 30.661 
-0.792 30.387 
-0.747 26.356 
-0.808 34.464 
-0.746 26.302 
-0.835 39.411 
-0.749 26.478 
-0.821 35.637 
-0.82 35.388 
-0.771 30.096 
-0.771 30.096 
-0.846 40.99 
-0.845 40.784 
-0.872 50.749 
-0.871 50.558 
-0.745 26.037 
-0.791 30.358 
-0.751 26.674 
-0.75 26.516 
-0.821 35.637 
-0.845 40.784 
-0.837 40.029 
-0.844 40.645 
-0.87 50.084 
-0.864 45.778 
-0.863 45.645 
-0.795 30.825 
-0.794 30.694 
-0.847 41.118 
-0.844 40.645 
-0.846 40.99 
-0.749 26.478 
-0.747 26.356 
-0.795 30.825 
-0.772 30.098 
-0.835 39.411 
-0.834 39.345 
-0.808 34.464 
-0.746 26.302 
-0.807 34.417 
-0.834 39.345 
-0.75 26.516 
-0.794 30.694 
-0.793 30.661 
