-0.947 58.853 
-0.728 25.766 
-0.728 25.766 
-0.947 58.853 
-0.772 27.358 
-0.946 54.259 
-0.943 53.548 
-0.937 48.987 
-0.767 26.368 
-0.934 48.289 
-0.928 44.197 
-0.924 42.889 
-0.918 39.241 
-0.884 36.741 
-0.883 33.316 
-0.791 27.492 
-0.793 27.757 
-0.749 25.841 
-0.751 25.969 
-0.814 27.832 
-0.829 31.0 
-0.822 28.372 
-0.852 31.646 
-0.867 31.755 
-0.842 31.202 
-0.831 31.14 
-0.887 37.054 
-0.844 31.298 
-0.897 37.202 
-0.924 42.889 
-0.918 39.241 
-0.822 28.372 
-0.928 44.197 
-0.829 31.0 
-0.902 37.516 
-0.934 48.289 
-0.937 48.987 
-0.943 53.548 
-0.85 31.556 
-0.908 37.683 
-0.944 53.644 
-0.872 32.02 
-0.881 32.863 
-0.882 32.953 
-0.877 32.534 
-0.876 32.333 
-0.925 43.435 
-0.875 32.117 
-0.818 28.047 
-0.945 54.158 
-0.936 48.888 
-0.935 48.388 
-0.912 38.111 
-0.916 38.773 
-0.915 38.287 
-0.85 31.556 
-0.879 32.605 
-0.873 32.114 
-0.917 38.865 
-0.927 43.932 
-0.926 43.566 
-0.883 33.316 
-0.886 36.845 
-0.869 31.887 
-0.821 28.193 
-0.91 37.776 
-0.9 37.324 
-0.816 27.882 
-0.897 37.202 
-0.819 28.098 
-0.83 31.052 
-0.927 43.932 
-0.899 37.218 
-0.82 28.187 
-0.914 38.196 
-0.912 38.111 
-0.91 37.776 
-0.749 25.841 
-0.814 27.832 
-0.793 27.757 
-0.879 32.605 
-0.816 27.882 
-0.908 37.683 
-0.902 37.516 
-0.887 37.054 
-0.869 31.887 
-0.926 43.566 
-0.925 43.435 
-0.901 37.4 
-0.867 31.755 
-0.886 36.845 
-0.884 36.741 
-0.946 54.259 
-0.945 54.158 
-0.936 48.888 
-0.935 48.388 
-0.917 38.865 
-0.916 38.773 
-0.915 38.287 
-0.868 31.84 
