-0.946 56.086 
-0.792 26.779 
-0.946 56.086 
-0.792 26.779 
-0.829 30.702 
-0.937 54.931 
-0.936 50.544 
-0.848 35.992 
-0.927 49.424 
-0.847 32.258 
-0.901 43.166 
-0.9 39.341 
-0.926 45.458 
-0.829 30.702 
-0.83 30.761 
-0.864 37.218 
-0.873 37.443 
-0.839 31.184 
-0.939 55.29 
-0.893 38.362 
-0.929 49.792 
-0.874 37.507 
-0.88 37.652 
-0.862 36.853 
-0.924 44.834 
-0.943 55.506 
-0.898 38.84 
-0.887 38.339 
-0.907 43.376 
-0.933 49.933 
-0.894 38.708 
-0.902 43.248 
-0.925 45.197 
-0.852 35.998 
-0.858 36.578 
-0.911 43.851 
-0.935 50.225 
-0.886 38.252 
-0.914 43.973 
-0.92 44.766 
-0.945 55.74 
-0.84 31.385 
-0.841 31.607 
-0.883 38.208 
-0.919 44.663 
-0.881 37.712 
-0.9 39.341 
-0.917 44.327 
-0.915 44.271 
-0.934 49.992 
-0.855 36.229 
-0.845 31.859 
-0.844 31.81 
-0.944 55.644 
-0.839 31.184 
-0.852 35.998 
-0.927 49.424 
-0.937 54.931 
-0.909 43.617 
-0.898 38.84 
-0.936 50.544 
-0.907 43.376 
-0.882 38.012 
-0.858 36.578 
-0.918 44.391 
-0.926 45.458 
-0.909 43.617 
-0.855 36.229 
-0.863 37.079 
-0.857 36.356 
-0.844 31.81 
-0.841 31.607 
-0.846 32.056 
-0.846 32.056 
-0.882 38.012 
-0.863 37.079 
-0.91 43.751 
-0.894 38.708 
-0.902 43.248 
-0.914 43.973 
-0.91 43.751 
-0.92 44.766 
-0.856 36.296 
-0.918 44.391 
-0.857 36.356 
-0.856 36.296 
-0.915 44.271 
-0.883 38.208 
-0.887 38.339 
-0.848 35.992 
-0.792 26.779 
-0.946 56.086 
-0.9 39.341 
-0.887 38.339 
-0.863 37.079 
-0.937 54.931 
-0.936 50.544 
-0.926 45.458 
-0.909 43.617 
-0.914 43.973 
