-0.663 23.062 
-0.796 57.229 
-0.796 57.229 
-0.663 23.062 
-0.787 57.043 
-0.772 50.937 
-0.667 23.521 
-0.781 51.239 
-0.766 46.225 
-0.741 39.882 
-0.704 30.956 
-0.701 27.889 
-0.678 26.576 
-0.765 46.048 
-0.756 44.664 
-0.751 41.782 
-0.722 33.37 
-0.743 40.369 
-0.678 26.576 
-0.695 27.195 
-0.685 26.893 
-0.78 50.945 
-0.795 57.052 
-0.737 37.955 
-0.726 35.155 
-0.758 45.07 
-0.737 37.955 
-0.781 51.239 
-0.751 41.782 
-0.766 46.225 
-0.749 41.245 
-0.705 31.012 
-0.734 36.838 
-0.729 35.87 
-0.787 57.043 
-0.772 50.937 
-0.711 31.017 
-0.756 44.664 
-0.734 36.838 
-0.718 32.923 
-0.736 37.121 
-0.715 32.044 
-0.679 26.612 
-0.758 45.07 
-0.729 35.87 
-0.726 35.155 
-0.665 23.437 
-0.715 32.044 
-0.749 41.245 
-0.757 44.901 
-0.701 27.889 
-0.683 26.827 
-0.72 32.993 
-0.718 32.923 
-0.704 30.956 
-0.695 27.195 
-0.685 26.893 
-0.682 26.811 
-0.714 31.531 
-0.75 41.303 
-0.721 33.33 
-0.742 40.047 
-0.736 37.121 
-0.728 35.591 
-0.714 31.531 
-0.713 31.256 
-0.697 27.281 
-0.7 27.793 
-0.699 27.523 
-0.728 35.591 
-0.727 35.323 
-0.713 31.256 
-0.712 31.021 
-0.699 27.523 
-0.698 27.295 
-0.682 26.811 
-0.727 35.323 
-0.742 40.047 
-0.7 27.793 
-0.697 27.281 
-0.72 32.993 
-0.666 23.458 
-0.75 41.303 
-0.721 33.33 
-0.666 23.458 
-0.698 27.295 
-0.795 57.052 
-0.711 31.017 
-0.705 31.012 
-0.712 31.021 
-0.663 23.062 
-0.796 57.229 
-0.678 26.576 
-0.737 37.955 
-0.781 51.239 
-0.751 41.782 
-0.766 46.225 
-0.772 50.937 
-0.756 44.664 
-0.734 36.838 
