-0.829 56.724 
-0.829 56.724 
-0.806 43.127 
-0.812 47.14 
-0.822 56.542 
-0.82 47.198 
-0.79 41.395 
-0.758 35.787 
-0.753 34.991 
-0.753 34.991 
-0.806 43.127 
-0.79 41.395 
-0.73 30.946 
-0.718 30.696 
-0.828 56.659 
-0.758 35.787 
-0.732 31.041 
-0.757 35.583 
-0.757 35.583 
-0.732 31.041 
-0.73 30.946 
-0.718 30.696 
-0.829 56.724 
-0.79 41.395 
-0.753 34.991 
-0.757 35.583 
-0.732 31.041 
-0.829 56.724 
-0.829 56.724 
-0.79 41.395 
-0.829 56.724 
-0.829 56.724 
-0.829 56.724 
-0.79 41.395 
-0.757 35.583 
-0.757 35.583 
-0.753 34.991 
-0.732 31.041 
-0.732 31.041 
-0.79 41.395 
-0.732 31.041 
-0.757 35.583 
-0.829 56.724 
-0.829 56.724 
-0.79 41.395 
-0.753 34.991 
-0.829 56.724 
-0.829 56.724 
-0.753 34.991 
-0.829 56.724 
-0.812 47.14 
-0.758 35.787 
-0.79 41.395 
-0.786 36.169 
-0.829 56.724 
-0.732 31.041 
-0.757 35.583 
-0.829 56.724 
-0.717 30.689 
-0.753 34.991 
-0.73 30.946 
-0.757 35.583 
-0.732 31.041 
-0.718 30.696 
-0.758 35.787 
-0.718 30.696 
-0.753 34.991 
-0.79 41.395 
-0.705 30.159 
-0.79 41.395 
-0.732 31.041 
-0.748 31.681 
-0.732 31.041 
-0.822 56.542 
-0.82 47.198 
-0.821 51.635 
-0.718 30.696 
-0.757 35.583 
-0.829 56.724 
-0.79 41.395 
-0.73 30.946 
-0.79 41.395 
