-0.829 56.724 
-0.705 30.159 
-0.829 56.724 
-0.705 30.159 
-0.79 41.395 
-0.806 43.127 
-0.787 36.495 
-0.827 51.412 
-0.812 46.904 
-0.828 51.795 
-0.768 35.732 
-0.753 34.991 
-0.786 36.169 
-0.746 31.238 
-0.821 47.573 
-0.749 31.696 
-0.76 35.248 
-0.732 31.041 
-0.806 43.127 
-0.731 30.944 
-0.718 30.696 
-0.717 30.689 
-0.79 41.395 
-0.82 47.198 
-0.767 35.331 
-0.821 47.573 
-0.812 46.904 
-0.753 34.991 
-0.749 31.696 
-0.717 30.689 
-0.748 31.681 
-0.786 36.169 
-0.828 51.795 
-0.82 47.198 
-0.731 30.944 
-0.718 30.696 
-0.748 31.681 
-0.732 31.041 
-0.767 35.331 
-0.705 30.159 
-0.829 56.724 
-0.828 51.795 
-0.806 43.127 
-0.79 41.395 
-0.821 47.573 
-0.786 36.169 
-0.753 34.991 
-0.717 30.689 
-0.767 35.331 
-0.82 47.198 
-0.718 30.696 
-0.748 31.681 
-0.732 31.041 
-0.705 30.159 
-0.829 56.724 
-0.828 51.795 
-0.806 43.127 
-0.79 41.395 
-0.821 47.573 
-0.748 31.681 
-0.753 34.991 
-0.786 36.169 
-0.717 30.689 
-0.767 35.331 
-0.82 47.198 
-0.718 30.696 
-0.732 31.041 
-0.705 30.159 
-0.829 56.724 
-0.767 35.331 
-0.806 43.127 
-0.79 41.395 
-0.786 36.169 
-0.748 31.681 
-0.753 34.991 
-0.717 30.689 
-0.718 30.696 
-0.732 31.041 
-0.82 47.198 
-0.705 30.159 
-0.829 56.724 
-0.767 35.331 
-0.806 43.127 
-0.79 41.395 
-0.786 36.169 
-0.748 31.681 
-0.753 34.991 
-0.717 30.689 
-0.718 30.696 
-0.732 31.041 
-0.82 47.198 
-0.705 30.159 
-0.829 56.724 
-0.79 41.395 
-0.748 31.681 
-0.753 34.991 
-0.717 30.689 
-0.718 30.696 
-0.732 31.041 
-0.829 56.724 
