-0.705 30.159 
-0.829 52.09 
-0.829 52.09 
-0.705 30.159 
-0.81 42.14 
-0.828 47.317 
-0.812 46.904 
-0.789 40.933 
-0.788 36.504 
-0.769 35.334 
-0.79 41.395 
-0.753 34.991 
-0.751 31.924 
-0.786 36.169 
-0.746 31.237 
-0.732 30.948 
-0.718 30.695 
-0.731 30.944 
-0.717 30.689 
-0.82 47.198 
-0.82 47.198 
-0.766 35.311 
-0.76 35.248 
-0.81 42.14 
-0.786 36.169 
-0.76 35.248 
-0.79 41.395 
-0.755 35.001 
-0.717 30.689 
-0.812 46.904 
-0.746 31.237 
-0.748 31.681 
-0.755 35.001 
-0.751 31.924 
-0.787 36.495 
-0.732 30.948 
-0.731 30.944 
-0.718 30.695 
-0.749 31.696 
-0.767 35.331 
-0.749 31.696 
-0.748 31.681 
-0.753 34.991 
-0.787 36.495 
-0.767 35.331 
-0.705 30.159 
-0.829 52.09 
-0.76 35.248 
-0.79 41.395 
-0.717 30.689 
-0.787 36.495 
-0.812 46.904 
-0.746 31.237 
-0.786 36.169 
-0.755 35.001 
-0.82 47.198 
-0.731 30.944 
-0.718 30.695 
-0.749 31.696 
-0.748 31.681 
-0.753 34.991 
-0.767 35.331 
-0.705 30.159 
-0.812 46.904 
-0.79 41.395 
-0.76 35.248 
-0.717 30.689 
-0.787 36.495 
-0.786 36.169 
-0.755 35.001 
-0.746 31.237 
-0.82 47.198 
-0.731 30.944 
-0.718 30.695 
-0.749 31.696 
-0.748 31.681 
-0.753 34.991 
-0.767 35.331 
-0.705 30.159 
-0.812 46.904 
-0.79 41.395 
-0.749 31.696 
-0.753 34.991 
-0.717 30.689 
-0.787 36.495 
-0.786 36.169 
-0.746 31.237 
-0.82 47.198 
-0.731 30.944 
-0.748 31.681 
-0.767 35.331 
-0.705 30.159 
-0.79 41.395 
-0.812 46.904 
-0.753 34.991 
-0.749 31.696 
-0.717 30.689 
-0.786 36.169 
-0.82 47.198 
-0.731 30.944 
