-0.754 36.89 
-0.737 32.625 
-0.775 41.013 
-0.716 30.691 
-0.821 56.209 
-0.754 36.89 
-0.793 46.385 
-0.773 38.882 
-0.716 30.691 
-0.716 30.691 
-0.754 36.89 
-0.737 32.625 
-0.773 38.882 
-0.716 30.691 
-0.754 36.89 
-0.754 36.89 
-0.716 30.691 
-0.716 30.691 
-0.817 51.99 
-0.797 47.002 
-0.799 47.358 
-0.737 32.625 
-0.773 38.882 
-0.774 38.921 
-0.737 32.625 
-0.806 49.953 
-0.716 30.691 
-0.737 32.625 
-0.737 32.625 
-0.716 30.691 
-0.737 32.625 
-0.817 51.99 
-0.754 36.89 
-0.754 36.89 
-0.754 36.89 
-0.751 35.533 
-0.793 46.385 
-0.754 36.89 
-0.716 30.691 
-0.773 38.882 
-0.773 38.882 
-0.718 30.8 
-0.829 56.724 
-0.773 38.882 
-0.797 47.002 
-0.737 32.625 
-0.775 41.013 
-0.754 36.89 
-0.754 36.89 
-0.754 36.89 
-0.789 41.88 
-0.754 36.89 
-0.754 36.89 
-0.754 36.89 
-0.716 30.691 
-0.737 32.625 
