-0.829 56.724 
-0.686 30.574 
-0.829 56.724 
-0.686 30.574 
-0.812 47.14 
-0.806 43.127 
-0.775 36.766 
-0.78 40.715 
-0.822 56.542 
-0.739 32.669 
-0.818 51.128 
-0.821 51.637 
-0.716 30.691 
-0.758 35.787 
-0.79 41.395 
-0.79 41.395 
-0.753 34.991 
-0.753 34.991 
-0.73 30.946 
-0.718 30.696 
-0.735 31.744 
-0.737 32.018 
-0.732 31.041 
-0.757 35.583 
-0.757 35.583 
-0.82 51.314 
-0.732 31.041 
-0.716 30.691 
-0.82 51.314 
-0.716 30.691 
-0.716 30.691 
-0.716 30.691 
-0.716 30.691 
-0.716 30.691 
-0.716 30.691 
-0.716 30.691 
-0.716 30.691 
-0.716 30.691 
-0.716 30.691 
-0.829 56.724 
-0.716 30.691 
-0.829 56.724 
-0.716 30.691 
-0.716 30.691 
-0.79 41.395 
-0.829 56.724 
-0.716 30.691 
-0.829 56.724 
-0.829 56.724 
-0.716 30.691 
-0.716 30.691 
-0.79 41.395 
-0.757 35.583 
-0.757 35.583 
-0.716 30.691 
-0.753 34.991 
-0.716 30.691 
-0.716 30.691 
-0.716 30.691 
-0.732 31.041 
-0.716 30.691 
-0.716 30.691 
-0.732 31.041 
-0.716 30.691 
-0.716 30.691 
-0.79 41.395 
-0.716 30.691 
-0.732 31.041 
-0.757 35.583 
-0.829 56.724 
-0.829 56.724 
-0.716 30.691 
-0.716 30.691 
-0.716 30.691 
-0.716 30.691 
-0.716 30.691 
-0.79 41.395 
-0.753 34.991 
-0.716 30.691 
-0.716 30.691 
-0.716 30.691 
-0.716 30.691 
-0.716 30.691 
-0.716 30.691 
-0.716 30.691 
-0.829 56.724 
-0.829 56.724 
-0.716 30.691 
-0.716 30.691 
-0.716 30.691 
-0.829 56.724 
-0.716 30.691 
-0.753 34.991 
-0.716 30.691 
-0.716 30.691 
-0.79 41.395 
-0.716 30.691 
-0.79 41.395 
-0.716 30.691 
-0.716 30.691 
