-0.773 41.671 
-0.687 31.629 
-0.762 38.308 
-0.834 49.198 
-0.808 48.293 
-0.747 37.048 
-0.848 63.526 
-0.759 37.501 
-0.759 37.501 
-0.747 37.048 
-0.834 49.198 
-0.807 47.687 
-0.687 31.629 
-0.747 37.048 
-0.834 49.198 
-0.762 38.308 
-0.847 58.418 
-0.804 42.594 
-0.693 32.735 
-0.759 37.501 
-0.759 37.501 
-0.836 49.845 
-0.812 48.534 
-0.837 54.438 
-0.781 42.547 
-0.705 35.813 
-0.834 49.198 
-0.747 37.048 
-0.78 42.283 
-0.687 31.629 
-0.762 38.308 
-0.773 41.671 
-0.747 37.048 
-0.762 38.308 
