-0.928 53.515 
-0.687 26.049 
-0.928 53.515 
-0.687 26.049 
-0.729 26.674 
-0.817 26.872 
-0.835 27.045 
-0.729 26.674 
-0.927 48.649 
-0.845 31.014 
-0.924 47.899 
-0.918 43.853 
-0.883 33.049 
-0.889 36.831 
-0.906 41.938 
-0.901 38.701 
-0.878 31.932 
-0.857 31.635 
-0.817 26.872 
-0.881 32.633 
-0.845 31.014 
-0.897 37.12 
-0.835 27.045 
-0.901 38.701 
-0.909 42.732 
-0.89 37.022 
-0.898 37.482 
-0.883 33.049 
-0.916 43.293 
-0.849 31.367 
-0.918 43.853 
-0.889 36.831 
-0.855 31.53 
-0.9 38.031 
-0.924 47.899 
-0.906 41.938 
-0.916 43.293 
-0.909 42.732 
-0.899 38.021 
-0.878 31.932 
-0.849 31.367 
-0.927 48.649 
-0.926 48.225 
-0.908 42.317 
-0.926 48.225 
-0.925 47.91 
-0.917 43.541 
-0.857 31.635 
-0.908 42.317 
-0.907 42.05 
-0.917 43.541 
-0.855 31.53 
-0.907 42.05 
-0.856 31.634 
-0.925 47.91 
-0.9 38.031 
-0.899 38.021 
-0.856 31.634 
-0.687 26.049 
-0.928 53.515 
-0.729 26.674 
-0.817 26.872 
-0.845 31.014 
-0.835 27.045 
-0.901 38.701 
-0.918 43.853 
-0.889 36.831 
-0.883 33.049 
-0.924 47.899 
-0.906 41.938 
-0.916 43.293 
-0.909 42.732 
-0.849 31.367 
-0.927 48.649 
-0.926 48.225 
-0.857 31.635 
-0.908 42.317 
-0.917 43.541 
-0.907 42.05 
-0.925 47.91 
-0.9 38.031 
-0.856 31.634 
-0.928 53.515 
-0.687 26.049 
-0.729 26.674 
-0.817 26.872 
-0.845 31.014 
-0.835 27.045 
-0.901 38.701 
-0.918 43.853 
-0.889 36.831 
-0.883 33.049 
-0.924 47.899 
-0.906 41.938 
-0.909 42.732 
-0.849 31.367 
-0.857 31.635 
-0.927 48.649 
-0.9 38.031 
-0.908 42.317 
