-0.925 47.91 
-0.85 31.944 
-0.928 58.846 
-0.925 47.91 
-0.925 47.91 
-0.85 31.944 
-0.756 30.917 
-0.747 27.42 
-0.925 47.91 
-0.73 27.164 
-0.918 44.015 
-0.845 31.025 
-0.925 47.91 
-0.729 26.685 
-0.849 31.378 
-0.901 38.701 
-0.891 37.606 
-0.925 47.91 
-0.925 47.91 
-0.906 41.948 
-0.906 41.948 
-0.925 47.91 
-0.906 41.948 
-0.925 47.91 
-0.907 42.824 
-0.891 37.606 
-0.906 41.948 
-0.909 43.303 
-0.85 31.944 
-0.858 32.256 
-0.747 27.42 
-0.925 47.91 
-0.898 37.668 
-0.883 33.093 
-0.925 47.91 
-0.925 47.91 
-0.85 31.944 
-0.906 41.948 
-0.925 47.91 
-0.925 47.91 
