-0.873 61.873 
-0.873 61.873 
-0.694 27.127 
-0.719 31.167 
-0.77 31.241 
-0.865 52.6 
-0.856 47.997 
-0.698 30.838 
-0.835 41.143 
-0.806 36.11 
-0.792 31.42 
-0.77 31.241 
-0.862 51.927 
-0.799 32.495 
-0.824 37.639 
-0.696 27.438 
-0.852 46.258 
-0.824 37.639 
-0.845 45.72 
-0.84 43.501 
-0.84 43.501 
-0.839 42.163 
-0.815 36.196 
-0.799 32.495 
-0.865 52.6 
-0.862 51.927 
-0.796 31.718 
-0.846 46.072 
-0.806 36.11 
-0.845 45.72 
-0.838 41.693 
-0.852 46.258 
-0.792 31.42 
-0.818 36.607 
-0.838 41.693 
-0.818 36.607 
-0.82 36.756 
-0.698 30.838 
-0.797 32.039 
-0.696 27.438 
-0.815 36.196 
-0.797 32.039 
-0.864 52.371 
-0.864 52.371 
-0.822 37.291 
-0.822 37.291 
-0.821 37.094 
-0.821 37.094 
-0.846 46.072 
-0.82 36.756 
-0.77 31.241 
-0.824 37.639 
-0.799 32.495 
-0.865 52.6 
-0.806 36.11 
-0.845 45.72 
-0.852 46.258 
-0.838 41.693 
-0.698 30.838 
-0.818 36.607 
-0.815 36.196 
-0.864 52.371 
-0.822 37.291 
-0.797 32.039 
-0.821 37.094 
-0.846 46.072 
-0.696 27.438 
-0.82 36.756 
-0.799 32.495 
-0.865 52.6 
-0.806 36.11 
-0.845 45.72 
-0.824 37.639 
-0.698 30.838 
-0.815 36.196 
-0.822 37.291 
-0.797 32.039 
-0.821 37.094 
-0.696 27.438 
-0.82 36.756 
-0.838 41.693 
-0.799 32.495 
-0.845 45.72 
-0.806 36.11 
-0.797 32.039 
-0.824 37.639 
-0.698 30.838 
-0.815 36.196 
-0.822 37.291 
-0.838 41.693 
-0.821 37.094 
-0.696 27.438 
-0.82 36.756 
-0.799 32.495 
-0.845 45.72 
-0.806 36.11 
-0.797 32.039 
-0.824 37.639 
-0.698 30.838 
-0.696 27.438 
