-0.898 47.772 
-0.677 25.514 
-0.677 25.514 
-0.898 47.772 
-0.788 27.006 
-0.692 26.864 
-0.737 26.867 
-0.737 26.867 
-0.82 31.013 
-0.891 43.413 
-0.865 36.654 
-0.893 47.228 
-0.882 38.316 
-0.82 31.013 
-0.883 41.731 
-0.857 33.282 
-0.788 27.006 
-0.846 31.62 
-0.823 31.315 
-0.692 26.864 
-0.873 36.858 
-0.857 33.282 
-0.865 36.654 
-0.856 32.914 
-0.89 43.224 
-0.889 42.563 
-0.849 31.928 
-0.851 32.175 
-0.846 31.62 
-0.823 31.315 
-0.854 32.666 
-0.879 37.592 
-0.896 47.551 
-0.893 47.228 
-0.896 47.551 
-0.884 42.025 
-0.88 37.952 
-0.887 42.22 
-0.852 32.412 
-0.883 41.731 
-0.886 42.051 
-0.874 37.019 
-0.877 37.337 
-0.876 37.176 
-0.889 42.563 
-0.888 42.302 
-0.879 37.592 
-0.877 37.337 
-0.852 32.412 
-0.881 38.186 
-0.88 37.952 
-0.85 31.956 
-0.855 32.715 
-0.89 43.224 
-0.876 37.176 
-0.874 37.019 
-0.881 38.186 
-0.888 42.302 
-0.855 32.715 
-0.85 31.956 
-0.886 42.051 
-0.884 42.025 
-0.677 25.514 
-0.898 47.772 
-0.737 26.867 
-0.82 31.013 
-0.692 26.864 
-0.857 33.282 
-0.865 36.654 
-0.893 47.228 
-0.896 47.551 
-0.846 31.62 
-0.883 41.731 
-0.889 42.563 
-0.879 37.592 
-0.877 37.337 
-0.852 32.412 
-0.88 37.952 
-0.881 38.186 
-0.874 37.019 
-0.855 32.715 
-0.888 42.302 
-0.884 42.025 
-0.85 31.956 
-0.898 47.772 
-0.692 26.864 
-0.857 33.282 
-0.737 26.867 
-0.874 37.019 
-0.893 47.228 
-0.896 47.551 
-0.855 32.715 
-0.852 32.412 
-0.889 42.563 
-0.879 37.592 
-0.877 37.337 
-0.88 37.952 
-0.881 38.186 
-0.884 42.025 
-0.85 31.956 
