-0.898 47.772 
-0.711 24.736 
-0.711 24.736 
-0.898 47.772 
-0.785 26.563 
-0.736 24.782 
-0.893 47.228 
-0.891 43.413 
-0.812 30.587 
-0.796 27.328 
-0.884 41.911 
-0.863 36.398 
-0.883 38.818 
-0.858 33.306 
-0.73 24.768 
-0.736 24.782 
-0.785 26.563 
-0.839 31.285 
-0.823 31.048 
-0.812 30.587 
-0.796 27.328 
-0.821 30.858 
-0.815 30.673 
-0.839 31.285 
-0.89 43.115 
-0.889 42.514 
-0.869 36.854 
-0.883 38.818 
-0.882 38.25 
-0.863 36.398 
-0.843 31.589 
-0.858 33.306 
-0.873 36.858 
-0.79 26.894 
-0.896 47.551 
-0.896 47.551 
-0.893 47.228 
-0.815 30.673 
-0.891 43.413 
-0.793 27.222 
-0.88 37.952 
-0.879 37.549 
-0.843 31.589 
-0.795 27.294 
-0.857 33.259 
-0.856 32.91 
-0.865 36.457 
-0.79 26.894 
-0.846 31.62 
-0.89 43.115 
-0.791 26.928 
-0.874 37.017 
-0.853 32.523 
-0.852 32.244 
-0.889 42.514 
-0.888 42.253 
-0.849 31.928 
-0.847 31.689 
-0.823 31.048 
-0.866 36.679 
-0.851 32.175 
-0.85 31.953 
-0.888 42.253 
-0.887 42.035 
-0.878 37.482 
-0.877 37.266 
-0.876 37.176 
-0.793 27.222 
-0.856 32.91 
-0.855 32.715 
-0.847 31.689 
-0.876 37.176 
-0.874 37.017 
-0.791 26.928 
-0.886 42.002 
-0.882 38.25 
-0.881 38.1 
-0.849 31.928 
-0.881 38.1 
-0.88 37.952 
-0.822 30.9 
-0.854 32.661 
-0.853 32.523 
-0.886 42.002 
-0.884 41.911 
-0.877 37.266 
-0.868 36.77 
-0.852 32.244 
-0.851 32.175 
-0.879 37.549 
-0.878 37.482 
-0.868 36.77 
-0.867 36.71 
-0.865 36.457 
-0.855 32.715 
-0.854 32.661 
-0.857 33.259 
-0.822 30.9 
-0.887 42.035 
-0.846 31.62 
