-0.901 58.381 
-0.901 58.381 
-0.71 24.763 
-0.9 48.24 
-0.763 26.48 
-0.794 27.403 
-0.892 43.348 
-0.739 25.697 
-0.822 31.225 
-0.779 26.613 
-0.843 31.379 
-0.896 46.952 
-0.812 30.603 
-0.728 24.787 
-0.884 41.704 
-0.859 36.334 
-0.784 26.645 
-0.796 30.578 
-0.858 33.301 
-0.883 38.691 
-0.797 30.579 
-0.817 30.821 
-0.729 25.13 
-0.821 31.126 
-0.861 36.568 
-0.867 36.813 
-0.739 25.697 
-0.734 25.156 
-0.896 46.952 
-0.868 36.907 
-0.898 47.712 
-0.897 47.093 
-0.874 36.965 
-0.881 37.883 
-0.85 31.953 
-0.875 37.229 
-0.891 42.911 
-0.883 38.691 
-0.882 38.26 
-0.856 32.803 
-0.871 36.916 
-0.854 32.555 
-0.877 37.278 
-0.899 47.854 
-0.89 42.774 
-0.889 42.391 
-0.882 38.26 
-0.871 36.916 
-0.879 37.667 
-0.846 31.624 
-0.888 42.274 
-0.887 42.011 
-0.858 33.301 
-0.857 33.052 
-0.857 33.052 
-0.856 32.803 
-0.854 32.555 
-0.735 25.225 
-0.867 36.813 
-0.861 36.568 
-0.737 25.421 
-0.853 32.331 
-0.881 37.883 
-0.879 37.667 
-0.878 37.493 
-0.738 25.484 
-0.737 25.421 
-0.735 25.225 
-0.848 31.761 
-0.796 30.578 
-0.878 37.493 
-0.849 31.779 
-0.853 32.331 
-0.852 32.172 
-0.843 31.379 
-0.845 31.474 
-0.899 47.854 
-0.898 47.712 
-0.897 47.093 
-0.885 41.845 
-0.887 42.011 
-0.886 41.872 
-0.848 31.761 
-0.891 42.911 
-0.89 42.774 
-0.846 31.624 
-0.86 36.432 
-0.851 32.077 
-0.889 42.391 
-0.888 42.274 
-0.86 36.432 
-0.852 32.172 
-0.851 32.077 
-0.844 31.473 
-0.738 25.484 
-0.874 36.965 
-0.877 37.278 
-0.875 37.229 
-0.886 41.872 
-0.885 41.845 
