-0.679 23.866 
-0.679 23.866 
-0.881 52.274 
-0.879 51.98 
-0.727 25.6 
-0.872 47.517 
-0.804 31.585 
-0.859 45.523 
-0.855 41.75 
-0.849 40.566 
-0.838 37.266 
-0.704 24.616 
-0.813 34.554 
-0.747 26.818 
-0.769 30.069 
-0.7 24.355 
-0.684 24.2 
-0.785 30.269 
-0.755 28.82 
-0.762 29.768 
-0.82 35.934 
-0.729 25.781 
-0.796 30.318 
-0.849 40.566 
-0.838 37.266 
-0.785 30.269 
-0.869 46.946 
-0.747 26.818 
-0.831 36.147 
-0.755 28.82 
-0.758 29.372 
-0.813 34.554 
-0.879 51.98 
-0.769 30.069 
-0.736 26.19 
-0.741 26.376 
-0.704 24.616 
-0.736 26.19 
-0.741 26.376 
-0.854 41.404 
-0.872 47.517 
-0.864 46.415 
-0.757 29.094 
-0.855 41.75 
-0.859 45.523 
-0.87 47.164 
-0.864 46.415 
-0.871 47.494 
-0.851 40.829 
-0.852 41.157 
-0.861 45.822 
-0.862 46.127 
-0.86 45.816 
-0.7 24.355 
-0.798 30.574 
-0.816 34.819 
-0.798 30.574 
-0.682 24.088 
-0.819 35.602 
-0.703 24.583 
-0.684 24.2 
-0.818 35.365 
-0.817 35.074 
-0.803 31.405 
-0.802 31.117 
-0.862 46.127 
-0.836 36.964 
-0.835 36.696 
-0.817 35.074 
-0.682 24.088 
-0.85 40.817 
-0.852 41.157 
-0.8 30.82 
-0.802 31.117 
-0.833 36.403 
-0.801 30.876 
-0.832 36.162 
-0.837 37.027 
-0.819 35.602 
-0.818 35.365 
-0.835 36.696 
-0.834 36.467 
-0.703 24.583 
-0.831 36.147 
-0.82 35.934 
-0.814 34.623 
-0.68 23.884 
-0.8 30.82 
-0.816 34.819 
-0.814 34.623 
-0.796 30.318 
-0.803 31.405 
-0.68 23.884 
-0.834 36.467 
-0.833 36.403 
-0.837 37.027 
-0.836 36.964 
-0.801 30.876 
-0.832 36.162 
-0.85 40.817 
