-0.854 66.98 
-0.854 66.98 
-0.652 23.844 
-0.845 61.435 
-0.729 28.833 
-0.835 51.694 
-0.846 66.753 
-0.695 25.115 
-0.837 56.41 
-0.766 37.588 
-0.736 32.369 
-0.673 24.666 
-0.828 46.522 
-0.837 56.41 
-0.673 24.666 
-0.696 27.177 
-0.802 40.956 
-0.836 51.916 
-0.765 34.334 
-0.803 44.464 
-0.709 27.811 
-0.779 38.732 
-0.716 28.641 
-0.805 44.722 
-0.817 45.788 
-0.794 40.206 
-0.788 39.352 
-0.748 33.077 
-0.737 32.704 
-0.825 46.074 
-0.755 33.269 
-0.759 34.174 
-0.745 32.746 
-0.773 38.212 
-0.773 38.212 
-0.787 39.238 
-0.828 46.522 
-0.818 46.003 
-0.796 40.665 
-0.805 44.722 
-0.817 45.788 
-0.712 28.072 
-0.714 28.274 
-0.746 32.842 
-0.696 27.177 
-0.787 39.238 
-0.757 33.626 
-0.695 25.115 
-0.827 46.303 
-0.758 33.743 
-0.716 28.641 
-0.802 40.956 
-0.796 40.665 
-0.795 40.418 
-0.827 46.303 
-0.846 66.753 
-0.836 51.916 
-0.795 40.418 
-0.756 33.47 
-0.765 34.334 
-0.756 33.47 
-0.758 33.743 
-0.713 28.176 
-0.713 28.176 
-0.818 46.003 
-0.795 40.418 
-0.795 40.418 
-0.773 38.212 
-0.805 44.722 
-0.795 40.418 
-0.795 40.418 
-0.795 40.418 
-0.805 44.722 
-0.796 40.665 
-0.795 40.418 
-0.795 40.418 
-0.795 40.418 
-0.773 38.212 
-0.796 40.665 
-0.795 40.418 
-0.795 40.418 
-0.795 40.418 
-0.713 28.176 
-0.756 33.47 
-0.695 25.115 
-0.817 45.788 
-0.756 33.47 
-0.795 40.418 
-0.765 34.334 
-0.837 56.41 
-0.756 33.47 
-0.773 38.212 
-0.828 46.522 
-0.673 24.666 
-0.773 38.212 
-0.796 40.665 
-0.805 44.722 
-0.796 40.665 
-0.796 40.665 
-0.795 40.418 
