-0.705 31.133 
-0.863 59.091 
-0.705 31.133 
-0.863 59.091 
-0.854 49.106 
-0.83 43.186 
-0.862 53.897 
-0.732 31.221 
-0.836 47.371 
-0.86 53.418 
-0.798 41.213 
-0.793 36.96 
-0.772 36.276 
-0.788 36.385 
-0.754 35.456 
-0.748 32.748 
-0.769 35.525 
-0.755 35.468 
-0.821 42.978 
-0.808 41.548 
-0.845 48.893 
-0.838 47.824 
-0.742 32.079 
-0.8 41.509 
-0.841 48.281 
-0.836 47.371 
-0.736 31.746 
-0.854 49.106 
-0.83 43.186 
-0.86 53.418 
-0.742 32.079 
-0.748 32.748 
-0.812 42.069 
-0.754 35.456 
-0.817 42.107 
-0.798 41.213 
-0.747 32.624 
-0.793 36.96 
-0.843 48.457 
-0.844 48.617 
-0.789 36.58 
-0.747 32.624 
-0.736 31.746 
-0.819 42.585 
-0.792 36.838 
-0.734 31.511 
-0.771 35.841 
-0.734 31.511 
-0.819 42.585 
-0.821 42.978 
-0.81 41.658 
-0.818 42.278 
-0.862 53.897 
-0.861 53.596 
-0.811 41.799 
-0.732 31.221 
-0.792 36.838 
-0.789 36.58 
-0.845 48.893 
-0.861 53.596 
-0.818 42.278 
-0.799 41.343 
-0.77 35.688 
-0.771 35.841 
-0.77 35.688 
-0.811 41.799 
-0.799 41.343 
-0.81 41.658 
-0.788 36.385 
-0.772 36.276 
-0.769 35.525 
-0.755 35.468 
-0.8 41.509 
-0.817 42.107 
-0.812 42.069 
-0.863 59.091 
-0.705 31.133 
-0.836 47.371 
-0.854 49.106 
-0.83 43.186 
-0.86 53.418 
-0.742 32.079 
-0.748 32.748 
-0.754 35.456 
-0.798 41.213 
-0.793 36.96 
-0.845 48.893 
-0.736 31.746 
-0.734 31.511 
-0.821 42.978 
-0.862 53.897 
-0.732 31.221 
-0.792 36.838 
-0.789 36.58 
-0.861 53.596 
-0.818 42.278 
-0.771 35.841 
-0.77 35.688 
-0.811 41.799 
-0.799 41.343 
