-0.899 63.414 
-0.704 25.933 
-0.738 27.117 
-0.813 30.768 
-0.738 27.117 
-0.889 57.295 
-0.872 47.392 
-0.873 51.598 
-0.891 57.9 
-0.882 52.237 
-0.862 42.435 
-0.853 37.607 
-0.855 41.213 
-0.863 46.314 
-0.813 30.768 
-0.825 32.45 
-0.828 36.149 
-0.845 36.956 
-0.816 31.949 
-0.823 31.999 
-0.837 36.868 
-0.866 46.879 
-0.891 57.9 
-0.881 52.014 
-0.855 41.213 
-0.882 52.237 
-0.862 42.435 
-0.835 36.462 
-0.865 46.801 
-0.853 37.607 
-0.825 32.45 
-0.83 36.305 
-0.89 57.521 
-0.828 36.149 
-0.816 31.949 
-0.881 52.014 
-0.873 51.598 
-0.835 36.462 
-0.829 36.268 
-0.837 36.868 
-0.83 36.305 
-0.828 36.149 
-0.882 52.237 
-0.828 36.149 
-0.828 36.149 
-0.882 52.237 
-0.891 57.9 
-0.825 32.45 
-0.882 52.237 
-0.825 32.45 
-0.882 52.237 
-0.882 52.237 
-0.825 32.45 
-0.828 36.149 
-0.828 36.149 
-0.891 57.9 
-0.891 57.9 
-0.882 52.237 
-0.891 57.9 
-0.828 36.149 
-0.828 36.149 
-0.828 36.149 
-0.825 32.45 
-0.882 52.237 
-0.855 41.213 
-0.882 52.237 
-0.891 57.9 
-0.862 42.435 
-0.828 36.149 
-0.882 52.237 
-0.828 36.149 
-0.825 32.45 
-0.891 57.9 
-0.825 32.45 
-0.882 52.237 
-0.825 32.45 
-0.882 52.237 
-0.828 36.149 
-0.825 32.45 
-0.882 52.237 
-0.738 27.117 
-0.825 32.45 
-0.882 52.237 
-0.828 36.149 
-0.873 51.598 
-0.853 37.607 
-0.83 36.305 
-0.882 52.237 
-0.882 52.237 
-0.828 36.149 
-0.828 36.149 
-0.855 41.213 
-0.882 52.237 
-0.828 36.149 
-0.828 36.149 
-0.738 27.117 
-0.891 57.9 
-0.83 36.305 
-0.855 41.213 
-0.882 52.237 
