-0.828 36.149 
-0.761 30.99 
-0.863 47.439 
-0.807 31.777 
-0.891 57.9 
-0.816 31.949 
-0.728 30.95 
-0.863 47.439 
-0.863 47.439 
-0.863 47.439 
-0.863 47.439 
-0.882 52.237 
-0.844 37.56 
-0.863 47.439 
-0.787 31.303 
-0.828 36.149 
-0.825 32.45 
-0.882 52.237 
-0.811 31.796 
-0.828 36.149 
-0.837 36.871 
-0.828 36.149 
-0.863 47.439 
-0.863 47.439 
-0.89 57.522 
-0.899 63.414 
-0.807 31.777 
-0.863 47.439 
-0.882 52.237 
-0.891 57.9 
-0.761 30.99 
-0.825 32.45 
-0.863 47.439 
-0.872 47.725 
-0.761 30.99 
-0.837 36.871 
-0.872 47.725 
-0.816 31.949 
-0.769 31.153 
-0.761 30.99 
-0.882 52.237 
-0.797 31.416 
-0.863 47.439 
-0.881 52.134 
-0.837 36.871 
-0.863 47.439 
-0.872 47.725 
-0.862 46.435 
-0.761 30.99 
-0.825 32.45 
-0.807 31.777 
-0.801 31.535 
-0.863 47.439 
-0.855 41.213 
-0.837 36.871 
-0.819 32.121 
-0.863 47.439 
-0.844 37.56 
-0.863 47.439 
