-0.828 45.828 
-0.612 23.505 
-0.612 23.505 
-0.828 45.828 
-0.674 25.659 
-0.613 23.61 
-0.763 34.18 
-0.734 29.068 
-0.821 41.621 
-0.697 28.587 
-0.761 30.363 
-0.823 44.879 
-0.806 36.299 
-0.807 39.312 
-0.674 25.659 
-0.613 23.61 
-0.785 34.472 
-0.743 29.962 
-0.677 27.704 
-0.675 27.406 
-0.692 27.821 
-0.776 34.241 
-0.758 30.125 
-0.794 34.502 
-0.802 35.883 
-0.799 35.054 
-0.812 40.078 
-0.739 29.292 
-0.795 35.002 
-0.776 34.241 
-0.818 40.96 
-0.826 45.154 
-0.818 40.96 
-0.802 35.883 
-0.742 29.861 
-0.81 39.581 
-0.697 28.587 
-0.739 29.292 
-0.815 40.539 
-0.806 36.299 
-0.823 44.879 
-0.813 40.428 
-0.761 30.363 
-0.694 28.039 
-0.742 29.861 
-0.696 28.324 
-0.799 35.054 
-0.825 45.131 
-0.809 39.559 
-0.807 39.312 
-0.815 40.539 
-0.759 30.129 
-0.814 40.509 
-0.676 27.603 
-0.675 27.406 
-0.763 34.18 
-0.758 30.125 
-0.696 28.324 
-0.695 28.179 
-0.693 27.965 
-0.695 28.179 
-0.826 45.154 
-0.825 45.131 
-0.81 39.581 
-0.809 39.559 
-0.692 27.821 
-0.759 30.129 
-0.676 27.603 
-0.813 40.428 
-0.693 27.965 
-0.794 34.502 
-0.612 23.505 
-0.828 45.828 
-0.674 25.659 
-0.613 23.61 
-0.802 35.883 
-0.776 34.241 
-0.799 35.054 
-0.697 28.587 
-0.823 44.879 
-0.807 39.312 
-0.761 30.363 
-0.742 29.861 
-0.675 27.406 
-0.763 34.18 
-0.696 28.324 
-0.693 27.965 
-0.826 45.154 
-0.81 39.581 
-0.692 27.821 
-0.676 27.603 
-0.813 40.428 
-0.828 45.828 
-0.612 23.505 
-0.674 25.659 
-0.613 23.61 
-0.776 34.241 
-0.802 35.883 
-0.823 44.879 
-0.697 28.587 
