-0.829 45.503 
-0.647 23.028 
-0.829 45.503 
-0.647 23.028 
-0.674 24.894 
-0.794 34.502 
-0.826 44.65 
-0.806 36.05 
-0.808 38.959 
-0.821 41.619 
-0.79 31.485 
-0.757 30.028 
-0.777 30.032 
-0.71 28.716 
-0.755 29.401 
-0.73 28.862 
-0.679 25.662 
-0.739 29.275 
-0.68 26.471 
-0.685 26.613 
-0.826 44.65 
-0.699 27.353 
-0.707 28.351 
-0.707 28.351 
-0.699 27.353 
-0.79 31.485 
-0.82 41.455 
-0.818 40.771 
-0.821 41.619 
-0.798 34.574 
-0.815 40.351 
-0.69 26.813 
-0.738 28.997 
-0.804 35.792 
-0.803 35.282 
-0.81 39.087 
-0.813 39.87 
-0.693 27.062 
-0.696 27.134 
-0.735 28.924 
-0.794 34.502 
-0.731 28.923 
-0.783 30.409 
-0.788 30.989 
-0.778 30.318 
-0.811 39.469 
-0.815 40.351 
-0.779 30.32 
-0.789 31.147 
-0.696 27.134 
-0.811 39.469 
-0.812 39.76 
-0.818 40.771 
-0.82 41.455 
-0.817 40.607 
-0.8 34.826 
-0.709 28.574 
-0.817 40.607 
-0.8 34.826 
-0.808 38.959 
-0.755 29.401 
-0.735 28.924 
-0.813 39.87 
-0.785 30.697 
-0.784 30.47 
-0.709 28.574 
-0.69 26.813 
-0.798 34.574 
-0.692 27.03 
-0.691 26.845 
-0.803 35.282 
-0.805 35.952 
-0.804 35.792 
-0.802 35.122 
-0.801 34.985 
-0.789 31.147 
-0.73 28.862 
-0.71 28.716 
-0.802 35.122 
-0.801 34.985 
-0.787 30.853 
-0.81 39.087 
-0.757 30.028 
-0.739 29.275 
-0.787 30.853 
-0.786 30.742 
-0.812 39.76 
-0.805 35.952 
-0.783 30.409 
-0.779 30.32 
-0.738 28.997 
-0.784 30.47 
-0.786 30.742 
-0.785 30.697 
-0.691 26.845 
-0.692 27.03 
-0.777 30.032 
-0.731 28.923 
-0.829 45.503 
-0.647 23.028 
