-0.811 59.973 
-0.586 24.159 
-0.586 24.159 
-0.65 29.336 
-0.788 54.617 
-0.741 35.676 
-0.778 44.722 
-0.787 49.198 
-0.768 43.943 
-0.757 40.254 
-0.674 30.504 
-0.686 31.21 
-0.626 27.535 
-0.598 24.813 
-0.785 48.942 
-0.81 59.693 
-0.803 55.614 
-0.752 39.161 
-0.626 27.535 
-0.598 24.813 
-0.697 33.638 
-0.697 33.638 
-0.752 39.161 
-0.718 34.536 
-0.733 35.58 
-0.794 55.032 
-0.708 34.436 
-0.629 27.91 
-0.702 34.198 
-0.638 27.974 
-0.802 55.325 
-0.641 28.27 
-0.717 34.461 
-0.726 34.828 
-0.771 44.619 
-0.803 55.614 
-0.81 59.693 
-0.785 48.942 
-0.794 55.032 
-0.641 28.27 
-0.592 24.652 
-0.728 35.062 
-0.681 30.735 
-0.592 24.652 
-0.708 34.436 
-0.73 35.305 
-0.676 30.64 
-0.699 34.006 
-0.754 39.6 
-0.596 24.69 
-0.731 35.561 
-0.769 44.204 
-0.726 34.828 
-0.628 27.674 
-0.755 39.902 
-0.77 44.324 
-0.802 55.325 
-0.681 30.735 
-0.676 30.64 
-0.753 39.354 
-0.756 40.022 
-0.7 34.078 
-0.683 30.963 
-0.684 31.006 
-0.684 31.006 
-0.683 30.963 
-0.596 24.69 
-0.753 39.354 
-0.639 28.118 
-0.628 27.674 
-0.77 44.324 
-0.756 40.022 
-0.7 34.078 
-0.755 39.902 
-0.771 44.619 
-0.64 28.194 
-0.64 28.194 
-0.639 28.118 
-0.638 27.974 
-0.629 27.91 
-0.717 34.461 
-0.586 24.159 
-0.785 48.942 
-0.626 27.535 
-0.598 24.813 
-0.684 31.006 
-0.717 34.461 
-0.803 55.614 
-0.81 59.693 
-0.592 24.652 
-0.708 34.436 
-0.7 34.078 
-0.641 28.27 
-0.802 55.325 
-0.676 30.64 
-0.683 30.963 
-0.596 24.69 
-0.753 39.354 
-0.756 40.022 
-0.755 39.902 
