-0.811 59.973 
-0.585 24.035 
-0.811 59.973 
-0.585 24.035 
-0.788 54.617 
-0.787 49.197 
-0.626 27.255 
-0.598 24.813 
-0.657 29.656 
-0.809 59.609 
-0.803 55.531 
-0.675 30.241 
-0.768 43.943 
-0.762 40.077 
-0.783 48.654 
-0.779 44.97 
-0.742 35.673 
-0.752 39.16 
-0.626 27.255 
-0.699 31.381 
-0.7 34.078 
-0.65 29.1 
-0.598 24.813 
-0.684 31.006 
-0.696 31.151 
-0.742 35.673 
-0.738 35.088 
-0.728 35.061 
-0.707 34.391 
-0.632 27.443 
-0.717 34.414 
-0.752 39.16 
-0.641 28.27 
-0.634 27.737 
-0.754 39.586 
-0.77 44.324 
-0.638 27.966 
-0.761 39.801 
-0.776 44.427 
-0.677 30.591 
-0.762 40.077 
-0.8 55.051 
-0.803 55.531 
-0.652 29.443 
-0.768 43.943 
-0.592 24.652 
-0.794 55.032 
-0.586 24.159 
-0.809 59.609 
-0.592 24.652 
-0.641 28.27 
-0.793 54.865 
-0.718 34.536 
-0.779 44.97 
-0.723 34.583 
-0.783 48.654 
-0.64 28.194 
-0.596 24.69 
-0.724 34.658 
-0.81 59.693 
-0.705 34.206 
-0.586 24.159 
-0.777 44.522 
-0.74 35.43 
-0.702 34.198 
-0.785 48.861 
-0.726 34.828 
-0.681 30.735 
-0.652 29.443 
-0.802 55.324 
-0.682 30.936 
-0.68 30.722 
-0.726 34.828 
-0.753 39.275 
-0.684 31.006 
-0.739 35.136 
-0.802 55.324 
-0.786 49.115 
-0.793 54.865 
-0.788 54.617 
-0.778 44.722 
-0.74 35.43 
-0.761 39.801 
-0.754 39.586 
-0.697 31.166 
-0.785 48.861 
-0.778 44.722 
-0.769 44.125 
-0.596 24.69 
-0.728 35.061 
-0.707 34.391 
-0.769 44.125 
-0.8 55.051 
-0.697 31.166 
-0.705 34.206 
-0.702 34.198 
-0.696 31.151 
-0.68 30.722 
-0.753 39.275 
-0.787 49.197 
