-0.712 25.697 
-0.712 25.697 
-0.89 57.514 
-0.749 27.186 
-0.721 26.51 
-0.874 51.508 
-0.856 41.138 
-0.874 51.508 
-0.872 46.019 
-0.873 46.567 
-0.773 31.001 
-0.871 41.592 
-0.757 29.687 
-0.795 31.39 
-0.855 37.028 
-0.81 34.316 
-0.822 35.685 
-0.87 41.282 
-0.837 36.225 
-0.851 36.293 
-0.837 36.225 
-0.804 31.97 
-0.819 35.155 
-0.802 31.799 
-0.795 31.39 
-0.812 34.64 
-0.804 31.97 
-0.763 29.932 
-0.758 29.923 
-0.772 30.847 
-0.767 30.785 
-0.765 30.452 
-0.873 46.567 
-0.812 34.64 
-0.821 35.559 
-0.852 36.506 
-0.764 30.243 
-0.871 41.592 
-0.855 37.028 
-0.854 36.764 
-0.82 35.404 
-0.854 36.764 
-0.853 36.536 
-0.766 30.668 
-0.764 30.243 
-0.811 34.517 
-0.82 35.404 
-0.856 41.138 
-0.811 34.517 
-0.766 30.668 
-0.772 30.847 
-0.767 30.785 
-0.853 36.536 
-0.763 29.932 
-0.758 29.923 
-0.712 25.697 
-0.837 36.225 
-0.804 31.97 
-0.871 41.592 
-0.854 36.764 
-0.764 30.243 
-0.811 34.517 
-0.856 41.138 
-0.82 35.404 
-0.766 30.668 
-0.772 30.847 
-0.767 30.785 
-0.758 29.923 
-0.712 25.697 
-0.837 36.225 
-0.804 31.97 
-0.758 29.923 
-0.854 36.764 
-0.856 41.138 
-0.82 35.404 
-0.772 30.847 
-0.767 30.785 
-0.712 25.697 
-0.804 31.97 
-0.758 29.923 
-0.856 41.138 
-0.772 30.847 
-0.767 30.785 
-0.854 36.764 
-0.758 29.923 
-0.804 31.97 
-0.804 31.97 
-0.758 29.923 
-0.856 41.138 
-0.758 29.923 
-0.758 29.923 
-0.854 36.764 
-0.856 41.138 
-0.758 29.923 
-0.758 29.923 
-0.856 41.138 
-0.758 29.923 
-0.854 36.764 
-0.767 30.785 
-0.758 29.923 
