-0.774 27.175 
-0.905 47.81 
-0.905 47.81 
-0.774 27.175 
-0.88 41.523 
-0.83 30.876 
-0.856 35.643 
-0.799 30.571 
-0.874 37.932 
-0.786 30.094 
-0.846 31.38 
-0.89 43.097 
-0.895 47.146 
-0.786 30.094 
-0.799 30.571 
-0.837 31.181 
-0.896 47.486 
-0.863 35.9 
-0.864 36.605 
-0.856 35.643 
-0.868 36.991 
-0.888 42.932 
-0.846 31.38 
-0.842 31.243 
-0.888 42.932 
-0.871 37.301 
-0.895 47.146 
-0.872 37.717 
-0.89 43.097 
-0.846 31.38 
-0.846 31.38 
-0.846 31.38 
-0.846 31.38 
-0.846 31.38 
-0.846 31.38 
-0.846 31.38 
-0.774 27.175 
-0.846 31.38 
-0.846 31.38 
-0.846 31.38 
-0.856 35.643 
-0.846 31.38 
-0.799 30.571 
-0.846 31.38 
-0.846 31.38 
-0.799 30.571 
-0.846 31.38 
-0.846 31.38 
-0.846 31.38 
-0.846 31.38 
-0.846 31.38 
-0.846 31.38 
-0.846 31.38 
-0.846 31.38 
-0.846 31.38 
-0.799 30.571 
-0.846 31.38 
-0.799 30.571 
-0.846 31.38 
-0.846 31.38 
-0.846 31.38 
-0.846 31.38 
-0.846 31.38 
-0.846 31.38 
-0.856 35.643 
-0.846 31.38 
-0.846 31.38 
-0.846 31.38 
-0.846 31.38 
-0.846 31.38 
-0.846 31.38 
-0.846 31.38 
-0.846 31.38 
-0.774 27.175 
-0.846 31.38 
-0.846 31.38 
-0.846 31.38 
-0.846 31.38 
-0.774 27.175 
-0.846 31.38 
-0.846 31.38 
-0.846 31.38 
-0.856 35.643 
-0.846 31.38 
-0.846 31.38 
-0.846 31.38 
-0.799 30.571 
-0.846 31.38 
-0.774 27.175 
-0.799 30.571 
-0.846 31.38 
-0.846 31.38 
-0.846 31.38 
-0.799 30.571 
-0.846 31.38 
-0.846 31.38 
-0.846 31.38 
-0.846 31.38 
-0.846 31.38 
-0.846 31.38 
