-0.846 60.225 
-0.633 23.862 
-0.846 60.225 
-0.843 59.879 
-0.829 46.618 
-0.675 24.871 
-0.713 26.631 
-0.818 41.101 
-0.819 45.711 
-0.69 25.151 
-0.808 40.035 
-0.789 31.147 
-0.805 35.795 
-0.792 34.618 
-0.698 26.11 
-0.758 29.927 
-0.829 46.618 
-0.843 59.879 
-0.743 29.714 
-0.784 30.678 
-0.72 28.799 
-0.734 29.17 
-0.758 29.927 
-0.723 29.019 
-0.773 30.547 
-0.769 30.431 
-0.803 35.343 
-0.698 26.11 
-0.737 29.609 
-0.797 35.233 
-0.813 40.802 
-0.72 28.799 
-0.743 29.714 
-0.769 30.431 
-0.824 45.836 
-0.811 40.345 
-0.805 35.795 
-0.826 46.089 
-0.808 40.035 
-0.773 30.547 
-0.792 34.618 
-0.786 30.743 
-0.734 29.17 
-0.811 40.345 
-0.813 40.802 
-0.737 29.609 
-0.827 46.252 
-0.827 46.252 
-0.723 29.019 
-0.824 45.836 
-0.787 30.865 
-0.794 34.908 
-0.795 34.943 
-0.787 30.865 
-0.797 35.233 
-0.721 28.871 
-0.795 34.943 
-0.794 34.908 
-0.721 28.871 
-0.819 45.711 
-0.829 46.618 
-0.843 59.879 
-0.698 26.11 
-0.758 29.927 
-0.787 30.865 
-0.769 30.431 
-0.808 40.035 
-0.805 35.795 
-0.737 29.609 
-0.811 40.345 
-0.819 45.711 
-0.797 35.233 
-0.723 29.019 
-0.827 46.252 
-0.795 34.943 
-0.72 28.799 
-0.829 46.618 
-0.819 45.711 
-0.737 29.609 
-0.769 30.431 
-0.787 30.865 
-0.805 35.795 
-0.811 40.345 
-0.797 35.233 
-0.795 34.943 
-0.723 29.019 
-0.72 28.799 
-0.829 46.618 
-0.819 45.711 
-0.787 30.865 
-0.805 35.795 
-0.769 30.431 
-0.72 28.799 
-0.797 35.233 
-0.769 30.431 
-0.797 35.233 
-0.769 30.431 
-0.797 35.233 
-0.797 35.233 
-0.819 45.711 
