-0.839 66.785 
-0.701 31.414 
-0.839 66.785 
-0.701 31.414 
-0.831 56.763 
-0.736 34.93 
-0.716 33.433 
-0.784 42.216 
-0.823 52.385 
-0.807 47.89 
-0.82 51.292 
-0.82 51.292 
-0.807 47.89 
-0.752 39.909 
-0.765 40.043 
-0.786 44.987 
-0.751 39.718 
-0.747 36.967 
-0.742 35.946 
-0.823 52.385 
-0.713 32.099 
-0.706 31.593 
-0.796 46.001 
-0.821 51.751 
-0.796 46.001 
-0.766 40.202 
-0.706 31.593 
-0.802 46.644 
-0.716 33.433 
-0.779 41.53 
-0.77 40.568 
-0.79 45.618 
-0.775 41.331 
-0.779 41.53 
-0.747 36.967 
-0.791 45.7 
-0.745 36.434 
-0.751 39.718 
-0.715 32.572 
-0.714 32.47 
-0.802 46.644 
-0.787 45.111 
-0.774 41.231 
-0.787 45.111 
-0.713 32.099 
-0.806 47.405 
-0.743 36.1 
-0.786 44.987 
-0.746 36.59 
-0.743 36.1 
-0.773 41.07 
-0.772 40.764 
-0.791 45.7 
-0.805 47.227 
-0.804 46.953 
-0.803 46.87 
-0.806 47.405 
-0.805 47.227 
-0.772 40.764 
-0.771 40.601 
-0.773 41.07 
-0.746 36.59 
-0.765 40.043 
-0.752 39.909 
-0.715 32.572 
-0.804 46.953 
-0.803 46.87 
-0.771 40.601 
-0.701 31.414 
-0.839 66.785 
-0.807 47.89 
-0.823 52.385 
-0.716 33.433 
-0.779 41.53 
-0.747 36.967 
-0.787 45.111 
-0.713 32.099 
-0.786 44.987 
-0.743 36.1 
-0.791 45.7 
-0.773 41.07 
-0.806 47.405 
-0.805 47.227 
-0.772 40.764 
-0.746 36.59 
-0.765 40.043 
-0.752 39.909 
-0.804 46.953 
-0.803 46.87 
-0.771 40.601 
-0.839 66.785 
-0.823 52.385 
-0.716 33.433 
-0.747 36.967 
-0.787 45.111 
-0.791 45.7 
-0.713 32.099 
-0.786 44.987 
-0.771 40.601 
-0.773 41.07 
