-0.702 33.071 
-0.822 57.443 
-0.702 33.071 
-0.745 38.872 
-0.715 35.59 
-0.829 60.57 
-0.775 42.087 
-0.745 38.872 
-0.783 45.932 
-0.702 33.071 
-0.758 40.095 
-0.822 57.443 
-0.784 47.463 
-0.837 67.016 
-0.737 36.214 
-0.745 38.872 
-0.774 42.051 
-0.775 42.087 
-0.745 38.872 
-0.822 57.443 
-0.766 41.704 
-0.798 47.682 
-0.806 51.643 
-0.815 55.802 
-0.741 36.808 
-0.737 36.214 
-0.745 38.872 
-0.745 38.872 
-0.776 45.709 
-0.775 42.087 
-0.758 40.095 
-0.8 47.793 
-0.702 33.071 
-0.741 36.808 
-0.768 41.789 
-0.745 38.872 
-0.775 42.087 
-0.775 42.087 
-0.776 45.709 
-0.774 42.051 
-0.829 60.57 
-0.829 60.57 
