P=? [ F (x=9&y=9&crashed=0) ]	R{"cost"}=? [ C<=100 ]
0.598	18.976
0.856	55.453
0.598	18.976
0.856	55.453
0.651	22.364
0.839	45.623
0.651	22.364
0.854	51.052
0.84	49.942
0.774	33.696
0.855	55.441
0.828	44.714
0.767	30.129
0.804	39.66
0.824	41.2
0.8	36.117
0.675	25.252
0.669	22.444
0.674	22.924
0.741	29.345
0.727	28.537
0.712	28.106
0.696	26.462
0.756	29.349
0.815	40.253
0.683	25.906
0.7	26.868
0.831	45.216
0.847	50.939
0.807	40.005
0.767	30.129
0.677	25.349
0.706	27.537
0.696	26.462
0.706	27.537
0.728	28.834
0.759	29.356
0.764	29.673
0.765	29.857
0.824	41.2
0.708	27.81
0.79	35.155
0.792	35.16
0.845	50.613
0.84	49.942
0.681	25.628
0.829	44.896
0.8	36.117
0.806	39.809
0.817	40.518
0.845	50.613
0.804	39.66
0.787	34.484
0.798	35.752
0.683	25.906
0.789	34.745
0.777	33.863
0.799	35.913
0.786	34.464
0.672	22.729
0.846	50.626
0.761	29.54
0.83	45.204
0.779	34.02
0.733	28.894
0.727	28.537
0.712	28.106
0.672	22.729
0.682	25.852
0.711	27.979
0.782	34.136
0.797	35.497
0.794	35.419
0.699	26.753
0.822	40.897
0.669	22.444
0.818	40.555
0.784	34.267
0.739	29.209
0.737	29.035
0.822	40.897
0.699	26.753
0.71	27.832
0.756	29.349
0.731	28.892
0.681	25.628
0.739	29.209
0.737	29.035
0.735	28.901
0.761	29.54
0.784	34.267
0.789	34.745
0.782	34.136
0.779	34.02
0.821	40.645
0.807	40.005
0.776	33.77
0.794	35.419
0.731	28.892
0.674	22.924
