P=? [ F (x=9&y=9&crashed=0) ]	R{"cost"}=? [ C<=100 ]
-0.0	0.0
0.919	87.191
-0.0	0.0
0.919	87.191
0.619	19.711
0.619	19.711
0.91	81.275
0.909	66.317
0.898	51.525
0.691	23.373
0.626	19.927
0.91	81.275
0.907	57.138
0.907	57.138
0.89	50.71
0.889	46.154
0.908	61.767
0.909	66.317
0.908	61.767
0.886	45.477
0.872	41.441
0.827	31.397
0.691	23.373
0.853	37.007
0.829	34.91
0.626	19.927
0.868	40.362
0.771	26.611
0.775	29.372
0.737	25.5
0.853	37.007
0.779	29.738
0.886	45.477
0.756	25.515
0.872	41.441
0.868	40.362
0.898	51.525
0.794	29.887
0.81	29.96
0.845	35.525
0.83	35.047
0.794	29.887
0.703	23.603
0.733	24.56
0.717	23.641
0.82	30.553
0.85	36.361
0.733	24.56
0.728	23.939
0.85	36.361
0.812	30.215
0.89	50.71
0.724	23.711
0.871	41.023
0.846	35.677
0.889	46.154
0.823	30.94
0.771	26.611
0.823	30.94
0.728	23.939
0.717	23.641
0.703	23.603
0.696	23.449
0.827	31.397
0.763	26.143
0.82	30.553
0.845	35.525
0.83	35.047
0.775	29.372
0.846	35.677
0.762	26.12
0.768	26.191
0.769	26.228
0.724	23.711
0.776	29.531
0.812	30.215
0.621	19.753
0.869	40.669
0.761	25.816
0.737	25.5
0.695	23.44
0.625	19.921
0.87	40.78
0.829	34.91
0.776	29.531
0.811	30.025
0.757	25.535
0.625	19.921
0.621	19.753
0.758	25.6
0.76	25.753
0.696	23.449
0.76	25.753
0.758	25.6
0.769	26.228
0.87	40.78
0.869	40.669
0.81	29.96
0.695	23.44
0.811	30.025
