P=? [ F (x=9&y=9&crashed=0) ]	R{"cost"}=? [ C<=100 ]
0.937	66.009
0.707	27.03
0.707	27.03
0.937	66.009
0.755	31.436
0.748	28.47
0.927	55.39
0.935	60.907
0.936	61.003
0.924	54.979
0.918	50.344
0.915	49.664
0.909	45.074
0.781	31.732
0.896	43.532
0.891	39.189
0.789	32.071
0.806	32.993
0.821	32.997
0.847	37.086
0.84	34.367
0.75	29.074
0.822	33.322
0.836	33.336
0.887	38.332
0.872	37.713
0.851	37.445
0.801	32.162
0.864	37.511
0.748	28.47
0.781	31.732
0.84	34.367
0.935	60.907
0.75	29.074
0.9	44.244
0.918	50.344
0.909	45.074
0.924	54.979
0.907	44.611
0.871	37.586
0.864	37.511
0.847	37.086
0.891	39.189
0.915	49.664
0.804	32.428
0.896	43.532
0.897	43.663
0.887	38.332
0.872	37.713
0.839	34.046
0.837	33.654
0.916	49.758
0.804	32.428
0.801	32.162
0.899	43.996
0.839	34.046
0.837	33.654
0.907	44.611
0.9	44.244
0.917	49.978
0.899	43.996
0.908	44.743
0.89	38.863
0.926	55.295
0.889	38.733
0.888	38.46
0.926	55.295
0.917	49.978
0.849	37.308
0.848	37.098
0.806	32.993
0.908	44.743
0.89	38.863
0.889	38.733
0.888	38.46
0.85	37.32
0.936	61.003
0.871	37.586
0.851	37.445
0.836	33.336
0.822	33.322
0.848	37.098
0.85	37.32
0.849	37.308
0.937	66.009
0.707	27.03
0.748	28.47
0.781	31.732
0.84	34.367
0.935	60.907
0.75	29.074
0.918	50.344
0.909	45.074
0.924	54.979
0.864	37.511
0.847	37.086
0.891	39.189
0.915	49.664
0.896	43.532
0.872	37.713
