P=? [ F (x=9&y=9&crashed=0) ]	R{"cost"}=? [ C<=100 ]
0.6	24.206
0.863	59.32
0.6	24.206
0.852	53.828
0.837	52.499
0.805	41.959
0.745	31.9
0.833	47.482
0.82	42.886
0.836	47.909
0.78	33.916
0.787	36.49
0.804	38.191
0.683	27.265
0.605	24.57
0.633	24.82
0.711	27.419
0.742	28.794
0.649	25.961
0.649	25.961
0.637	25.382
0.666	27.117
0.666	27.117
0.833	47.482
0.82	42.886
0.759	31.934
0.726	27.865
0.736	27.96
0.798	36.716
0.763	32.418
0.844	52.785
0.774	32.594
0.676	27.137
0.815	42.073
0.778	32.981
0.715	27.749
0.787	36.49
0.845	52.974
0.683	27.265
0.804	38.191
0.802	37.245
0.723	27.836
0.845	52.974
0.676	27.137
0.801	37.122
0.737	28.241
0.74	28.722
0.739	28.311
0.776	32.888
0.761	32.222
0.818	42.48
0.816	42.114
0.742	28.794
0.745	31.9
0.835	47.781
0.602	24.219
0.837	52.499
0.819	42.606
0.799	36.862
0.775	32.613
0.835	47.781
0.799	36.862
0.818	42.48
0.802	37.245
0.633	24.82
0.605	24.57
0.635	25.092
0.634	24.843
0.636	25.151
0.778	32.981
0.798	36.716
0.604	24.451
0.603	24.23
0.713	27.619
0.712	27.442
0.774	32.594
0.763	32.418
0.816	42.114
0.76	32.052
0.711	27.419
0.724	27.837
0.836	47.909
0.819	42.606
0.604	24.451
0.762	32.3
0.76	32.052
0.815	42.073
0.805	41.959
0.714	27.649
0.736	27.96
0.776	32.888
0.723	27.836
0.715	27.749
0.762	32.3
0.74	28.722
0.739	28.311
0.636	25.151
0.635	25.092
0.759	31.934
0.714	27.649
