-0.86 46.988 
-0.629 23.359 
-0.86 46.988 
-0.696 25.823 
-0.642 23.693 
-0.762 34.027 
-0.748 29.07 
-0.845 46.406 
-0.702 27.484 
-0.844 41.874 
-0.76 29.815 
-0.823 39.705 
-0.812 35.635 
-0.805 34.614 
-0.696 25.823 
-0.83 40.996 
-0.642 23.693 
-0.771 34.323 
-0.789 34.413 
-0.748 29.07 
-0.789 34.413 
-0.702 27.484 
-0.698 27.12 
-0.641 23.688 
-0.848 46.731 
-0.823 39.705 
-0.812 35.635 
-0.84 41.438 
-0.63 23.433 
-0.858 46.775 
-0.809 35.053 
-0.77 34.245 
-0.811 35.5 
-0.827 40.516 
-0.751 29.251 
-0.827 40.516 
-0.84 41.438 
-0.756 29.523 
-0.756 29.523 
-0.751 29.251 
-0.825 40.069 
-0.7 27.312 
-0.759 29.622 
-0.808 34.9 
-0.842 41.665 
-0.845 46.406 
-0.762 34.027 
-0.859 46.92 
-0.842 41.665 
-0.76 29.815 
-0.698 27.12 
-0.808 34.9 
-0.825 40.069 
-0.63 23.433 
-0.848 46.731 
-0.77 34.245 
-0.844 41.874 
-0.824 39.914 
-0.824 39.914 
-0.701 27.358 
-0.759 29.622 
-0.701 27.358 
-0.858 46.775 
-0.86 46.988 
-0.696 25.823 
-0.789 34.413 
-0.702 27.484 
-0.823 39.705 
-0.77 34.245 
-0.808 34.9 
-0.751 29.251 
-0.845 46.406 
-0.762 34.027 
-0.842 41.665 
-0.76 29.815 
-0.848 46.731 
-0.844 41.874 
-0.824 39.914 
-0.858 46.775 
-0.84 41.438 
-0.86 46.988 
-0.789 34.413 
-0.823 39.705 
-0.77 34.245 
-0.751 29.251 
-0.76 29.815 
-0.845 46.406 
-0.762 34.027 
-0.848 46.731 
-0.844 41.874 
-0.824 39.914 
-0.858 46.775 
-0.84 41.438 
-0.751 29.251 
-0.789 34.413 
-0.823 39.705 
-0.77 34.245 
-0.76 29.815 
-0.845 46.406 
-0.762 34.027 
