-0.928 53.311 
-0.667 24.523 
-0.928 53.311 
-0.734 26.555 
-0.67 24.655 
-0.894 41.378 
-0.919 53.203 
-0.837 32.178 
-0.846 36.084 
-0.917 48.139 
-0.903 46.948 
-0.9 42.447 
-0.879 37.02 
-0.737 29.457 
-0.807 31.12 
-0.799 30.843 
-0.735 28.927 
-0.67 24.655 
-0.734 26.555 
-0.879 37.02 
-0.753 29.823 
-0.872 36.127 
-0.82 31.228 
-0.764 30.024 
-0.778 30.295 
-0.858 36.087 
-0.787 30.704 
-0.83 31.534 
-0.858 36.087 
-0.908 47.205 
-0.764 30.024 
-0.913 47.369 
-0.756 30.007 
-0.822 31.385 
-0.846 36.084 
-0.896 41.784 
-0.897 41.896 
-0.735 28.927 
-0.833 31.612 
-0.786 30.546 
-0.753 29.823 
-0.874 36.491 
-0.834 31.708 
-0.917 48.139 
-0.916 47.794 
-0.876 36.508 
-0.904 47.043 
-0.755 29.968 
-0.914 47.615 
-0.782 30.36 
-0.9 42.447 
-0.877 36.722 
-0.834 31.708 
-0.903 46.948 
-0.898 42.211 
-0.877 36.722 
-0.778 30.295 
-0.822 31.385 
-0.82 31.228 
-0.919 53.203 
-0.786 30.546 
-0.782 30.36 
-0.916 47.794 
-0.914 47.615 
-0.904 47.043 
-0.872 36.127 
-0.787 30.704 
-0.781 30.338 
-0.874 36.491 
-0.899 42.325 
-0.779 30.301 
-0.899 42.325 
-0.898 42.211 
-0.781 30.338 
-0.779 30.301 
-0.928 53.311 
-0.879 37.02 
-0.858 36.087 
-0.764 30.024 
-0.846 36.084 
-0.735 28.927 
-0.753 29.823 
-0.917 48.139 
-0.9 42.447 
-0.877 36.722 
-0.874 36.491 
-0.834 31.708 
-0.903 46.948 
-0.778 30.295 
-0.919 53.203 
-0.782 30.36 
-0.916 47.794 
-0.904 47.043 
-0.872 36.127 
-0.787 30.704 
-0.82 31.228 
-0.899 42.325 
-0.781 30.338 
-0.779 30.301 
-0.928 53.311 
