-0.759 30.207 
-0.904 47.043 
-0.899 42.696 
-0.899 42.696 
-0.82 32.31 
-0.825 32.838 
-0.917 48.473 
-0.909 47.456 
-0.881 41.582 
-0.904 47.043 
-0.852 36.135 
-0.669 24.704 
-0.803 31.208 
-0.669 24.704 
-0.904 47.043 
-0.9 43.002 
-0.667 24.532 
-0.904 47.043 
-0.734 29.051 
-0.778 30.295 
-0.909 47.456 
-0.803 31.208 
-0.904 47.043 
-0.785 30.681 
-0.904 47.043 
-0.881 41.582 
-0.853 36.659 
-0.909 47.456 
-0.822 32.451 
-0.883 41.616 
-0.909 47.456 
-0.904 47.043 
-0.833 36.079 
-0.899 42.696 
-0.904 47.043 
-0.825 32.838 
-0.9 43.002 
-0.734 29.051 
-0.852 36.135 
-0.919 53.203 
-0.853 36.659 
-0.916 47.89 
-0.759 30.207 
-0.833 36.079 
-0.737 29.464 
-0.726 28.133 
-0.9 43.002 
-0.852 36.135 
-0.928 53.311 
-0.878 41.356 
-0.88 41.49 
-0.778 30.295 
-0.669 24.704 
-0.82 32.31 
-0.917 48.473 
-0.829 35.363 
-0.917 48.473 
-0.825 32.838 
-0.816 31.413 
-0.909 47.456 
-0.734 29.051 
-0.881 41.582 
-0.778 30.295 
-0.904 47.043 
-0.877 36.726 
-0.897 42.496 
