-0.712 27.444 
-0.912 48.688 
-0.712 27.444 
-0.76 31.65 
-0.884 37.631 
-0.902 44.579 
-0.893 42.609 
-0.836 34.385 
-0.715 27.46 
-0.781 32.552 
-0.715 27.46 
-0.817 32.636 
-0.91 48.614 
-0.868 37.223 
-0.836 34.385 
-0.832 32.96 
-0.868 37.223 
-0.869 37.618 
-0.901 44.39 
-0.894 42.694 
-0.817 32.636 
-0.77 31.712 
-0.773 31.745 
-0.893 42.609 
-0.781 32.552 
-0.901 44.39 
-0.91 48.614 
-0.773 31.745 
-0.894 42.694 
-0.832 32.96 
-0.911 48.671 
-0.911 48.671 
-0.712 27.444 
-0.836 34.385 
-0.817 32.636 
-0.773 31.745 
-0.781 32.552 
-0.894 42.694 
-0.911 48.671 
-0.712 27.444 
-0.836 34.385 
-0.817 32.636 
-0.773 31.745 
-0.781 32.552 
-0.911 48.671 
-0.712 27.444 
-0.836 34.385 
-0.773 31.745 
-0.781 32.552 
-0.817 32.636 
-0.911 48.671 
-0.712 27.444 
-0.836 34.385 
-0.773 31.745 
-0.781 32.552 
-0.817 32.636 
-0.911 48.671 
-0.712 27.444 
-0.911 48.671 
-0.781 32.552 
-0.712 27.444 
-0.911 48.671 
-0.781 32.552 
-0.781 32.552 
-0.781 32.552 
-0.781 32.552 
-0.781 32.552 
-0.781 32.552 
-0.781 32.552 
-0.781 32.552 
-0.781 32.552 
-0.781 32.552 
-0.781 32.552 
-0.781 32.552 
-0.781 32.552 
-0.781 32.552 
-0.911 48.671 
-0.781 32.552 
-0.781 32.552 
-0.781 32.552 
-0.781 32.552 
-0.781 32.552 
-0.781 32.552 
-0.781 32.552 
-0.781 32.552 
-0.781 32.552 
-0.781 32.552 
-0.781 32.552 
-0.781 32.552 
-0.781 32.552 
-0.781 32.552 
-0.781 32.552 
-0.781 32.552 
-0.781 32.552 
-0.781 32.552 
-0.781 32.552 
-0.781 32.552 
-0.781 32.552 
-0.781 32.552 
-0.781 32.552 
