-0.712 27.444 
-0.912 48.601 
-0.712 27.444 
-0.884 37.631 
-0.902 44.579 
-0.76 31.65 
-0.893 42.608 
-0.76 31.65 
-0.715 27.459 
-0.715 27.459 
-0.837 33.308 
-0.817 32.636 
-0.781 32.552 
-0.868 37.223 
-0.868 37.223 
-0.837 33.308 
-0.869 37.618 
-0.832 32.96 
-0.901 44.389 
-0.894 42.694 
-0.817 32.636 
-0.779 32.276 
-0.774 31.828 
-0.77 31.712 
-0.893 42.608 
-0.884 37.631 
-0.901 44.389 
-0.832 32.96 
-0.894 42.694 
-0.773 31.74 
-0.77 31.712 
-0.781 32.552 
-0.869 37.618 
-0.712 27.444 
-0.76 31.65 
-0.715 27.459 
-0.868 37.223 
-0.817 32.636 
-0.884 37.631 
-0.832 32.96 
-0.894 42.694 
-0.781 32.552 
-0.77 31.712 
-0.869 37.618 
-0.712 27.444 
-0.76 31.65 
-0.715 27.459 
-0.868 37.223 
-0.817 32.636 
-0.884 37.631 
-0.832 32.96 
-0.894 42.694 
-0.781 32.552 
-0.77 31.712 
-0.869 37.618 
-0.712 27.444 
-0.76 31.65 
-0.868 37.223 
-0.817 32.636 
-0.884 37.631 
-0.781 32.552 
-0.894 42.694 
-0.832 32.96 
-0.77 31.712 
-0.712 27.444 
-0.76 31.65 
-0.868 37.223 
-0.817 32.636 
-0.884 37.631 
-0.781 32.552 
-0.894 42.694 
-0.832 32.96 
-0.712 27.444 
-0.817 32.636 
-0.781 32.552 
-0.894 42.694 
-0.832 32.96 
-0.712 27.444 
-0.817 32.636 
-0.781 32.552 
-0.894 42.694 
-0.712 27.444 
-0.817 32.636 
-0.781 32.552 
-0.712 27.444 
-0.781 32.552 
-0.817 32.636 
-0.712 27.444 
-0.781 32.552 
-0.817 32.636 
-0.712 27.444 
-0.781 32.552 
-0.712 27.444 
-0.781 32.552 
-0.781 32.552 
-0.781 32.552 
-0.781 32.552 
-0.868 37.223 
-0.712 27.444 
-0.781 32.552 
