-0.7 25.306 
-0.87 52.186 
-0.7 25.306 
-0.783 30.518 
-0.8 34.998 
-0.823 37.206 
-0.869 52.082 
-0.864 47.714 
-0.757 30.19 
-0.83 40.438 
-0.852 46.144 
-0.847 43.109 
-0.792 31.983 
-0.718 25.839 
-0.718 25.839 
-0.734 26.088 
-0.746 26.494 
-0.753 27.79 
-0.734 26.088 
-0.754 29.715 
-0.802 35.361 
-0.751 27.514 
-0.813 35.79 
-0.853 46.335 
-0.838 41.576 
-0.863 47.497 
-0.792 31.983 
-0.846 42.79 
-0.835 41.397 
-0.83 40.438 
-0.86 46.537 
-0.847 43.109 
-0.864 47.714 
-0.861 46.65 
-0.852 46.144 
-0.821 36.896 
-0.817 36.12 
-0.833 40.638 
-0.843 41.741 
-0.869 52.082 
-0.748 26.782 
-0.845 42.075 
-0.789 31.572 
-0.786 30.931 
-0.813 35.79 
-0.821 36.896 
-0.815 35.814 
-0.817 36.12 
-0.844 41.861 
-0.789 31.572 
-0.786 30.931 
-0.802 35.361 
-0.835 41.397 
-0.748 26.782 
-0.757 30.19 
-0.801 35.278 
-0.753 27.79 
-0.747 26.769 
-0.861 46.65 
-0.833 40.638 
-0.832 40.551 
-0.816 36.035 
-0.845 42.075 
-0.86 46.537 
-0.822 37.006 
-0.755 29.913 
-0.754 29.715 
-0.756 29.996 
-0.785 30.811 
-0.784 30.643 
-0.791 31.863 
-0.79 31.697 
-0.843 41.741 
-0.784 30.643 
-0.79 31.697 
-0.785 30.811 
-0.791 31.863 
-0.832 40.551 
-0.822 37.006 
-0.816 36.035 
-0.756 29.996 
-0.755 29.913 
-0.801 35.278 
-0.747 26.769 
-0.7 25.306 
-0.718 25.839 
-0.83 40.438 
-0.847 43.109 
-0.869 52.082 
-0.813 35.79 
-0.789 31.572 
-0.786 30.931 
-0.802 35.361 
-0.748 26.782 
-0.757 30.19 
-0.753 27.79 
-0.861 46.65 
-0.833 40.638 
-0.845 42.075 
-0.754 29.715 
