P=? [ F (x=9&y=9&crashed=0) ]	R{"cost"}=? [ C<=100 ]
0.734	24.306
0.935	48.664
0.734	24.306
0.935	48.664
0.926	48.079
0.925	43.032
0.924	42.883
0.916	38.659
0.883	33.26
0.886	36.788
0.755	26.177
0.775	26.605
0.871	31.73
0.854	31.59
0.801	28.084
0.802	29.672
0.823	30.91
0.813	30.785
0.934	48.255
0.736	25.213
0.901	37.448
0.91	37.78
0.835	31.139
0.916	38.659
0.826	30.965
0.835	31.139
0.903	37.727
0.924	42.883
0.893	36.964
0.784	27.144
0.887	36.914
0.843	31.205
0.895	37.391
0.794	27.591
0.739	25.301
0.789	27.278
0.743	25.459
0.849	31.301
0.743	25.459
0.81	30.425
0.913	38.327
0.775	26.605
0.894	37.331
0.781	26.793
0.874	31.864
0.748	25.776
0.798	27.946
0.877	32.148
0.797	27.716
0.753	26.033
0.755	26.177
0.826	30.965
0.805	30.122
0.749	25.796
0.8	27.974
0.845	31.227
0.912	38.154
0.79	27.291
0.777	26.612
0.886	36.788
0.81	30.425
0.813	30.785
0.878	32.506
0.804	30.005
0.802	29.672
0.737	25.278
0.881	32.794
0.748	25.776
0.792	27.409
0.915	38.477
0.781	26.793
0.777	26.612
0.783	26.965
0.806	30.289
0.912	38.154
0.879	32.674
0.876	32.146
0.882	32.992
0.754	26.121
0.854	31.59
0.852	31.542
0.807	30.299
0.872	31.755
0.792	27.409
0.804	30.005
0.753	26.033
0.749	25.796
0.873	31.861
0.85	31.406
0.882	32.992
0.934	48.255
0.926	48.079
0.91	37.78
0.903	37.727
0.783	26.965
0.852	31.542
0.878	32.506
0.915	38.477
0.925	43.032
0.85	31.406
