-0.676 27.268 
-0.844 52.799 
-0.676 27.268 
-0.707 27.853 
-0.827 46.815 
-0.807 45.904 
-0.843 52.628 
-0.757 31.86 
-0.806 41.558 
-0.802 40.742 
-0.783 36.706 
-0.683 27.603 
-0.763 35.447 
-0.725 31.323 
-0.802 40.742 
-0.783 36.706 
-0.73 31.431 
-0.707 27.853 
-0.725 31.323 
-0.827 46.815 
-0.843 52.628 
-0.744 31.776 
-0.768 36.04 
-0.78 36.071 
-0.744 31.776 
-0.818 46.407 
-0.819 46.503 
-0.765 35.581 
-0.682 27.414 
-0.757 31.86 
-0.763 35.447 
-0.805 41.16 
-0.726 31.396 
-0.818 46.407 
-0.807 45.904 
-0.782 36.477 
-0.806 41.558 
-0.803 40.975 
-0.782 36.477 
-0.768 36.04 
-0.819 46.503 
-0.764 35.524 
-0.683 27.603 
-0.805 41.16 
-0.803 40.975 
-0.78 36.071 
-0.682 27.414 
-0.726 31.396 
-0.676 27.268 
-0.843 52.628 
-0.802 40.742 
-0.783 36.706 
-0.725 31.323 
-0.827 46.815 
-0.763 35.447 
-0.757 31.86 
-0.818 46.407 
-0.807 45.904 
-0.806 41.558 
-0.782 36.477 
-0.768 36.04 
-0.805 41.16 
-0.803 40.975 
-0.78 36.071 
-0.682 27.414 
-0.726 31.396 
-0.843 52.628 
-0.802 40.742 
-0.783 36.706 
-0.725 31.323 
-0.827 46.815 
-0.763 35.447 
-0.757 31.86 
-0.768 36.04 
-0.818 46.407 
-0.807 45.904 
-0.806 41.558 
-0.782 36.477 
-0.803 40.975 
-0.78 36.071 
-0.726 31.396 
-0.843 52.628 
-0.802 40.742 
-0.783 36.706 
-0.725 31.323 
-0.763 35.447 
-0.757 31.86 
-0.768 36.04 
-0.818 46.407 
-0.807 45.904 
-0.782 36.477 
-0.803 40.975 
-0.78 36.071 
-0.726 31.396 
-0.843 52.628 
-0.802 40.742 
-0.783 36.706 
-0.763 35.447 
-0.768 36.04 
-0.818 46.407 
