-0.844 52.799 
-0.677 26.915 
-0.844 52.799 
-0.677 26.915 
-0.707 27.853 
-0.834 52.206 
-0.807 45.9 
-0.788 40.468 
-0.827 46.812 
-0.806 41.558 
-0.73 31.43 
-0.755 31.583 
-0.783 36.706 
-0.683 27.603 
-0.763 35.365 
-0.759 32.254 
-0.707 27.853 
-0.726 30.884 
-0.726 30.884 
-0.779 35.828 
-0.802 40.656 
-0.766 35.603 
-0.818 46.407 
-0.842 52.383 
-0.827 46.812 
-0.826 46.563 
-0.834 52.206 
-0.819 46.503 
-0.759 32.254 
-0.783 36.706 
-0.803 40.821 
-0.682 27.414 
-0.788 40.468 
-0.763 35.365 
-0.781 36.313 
-0.805 41.16 
-0.757 31.86 
-0.818 46.407 
-0.807 45.9 
-0.682 27.414 
-0.727 30.938 
-0.73 31.43 
-0.757 31.86 
-0.806 41.558 
-0.727 30.938 
-0.805 41.16 
-0.755 31.583 
-0.765 35.504 
-0.683 27.603 
-0.843 52.628 
-0.78 36.071 
-0.78 36.071 
-0.782 36.476 
-0.766 35.603 
-0.802 40.656 
-0.842 52.383 
-0.843 52.628 
-0.782 36.476 
-0.765 35.504 
-0.826 46.563 
-0.819 46.503 
-0.677 26.915 
-0.844 52.799 
-0.707 27.853 
-0.726 30.884 
-0.834 52.206 
-0.783 36.706 
-0.788 40.468 
-0.763 35.365 
-0.818 46.407 
-0.807 45.9 
-0.682 27.414 
-0.73 31.43 
-0.757 31.86 
-0.806 41.558 
-0.727 30.938 
-0.755 31.583 
-0.805 41.16 
-0.683 27.603 
-0.766 35.603 
-0.78 36.071 
-0.802 40.656 
-0.842 52.383 
-0.843 52.628 
-0.782 36.476 
-0.765 35.504 
-0.826 46.563 
-0.819 46.503 
-0.844 52.799 
-0.707 27.853 
-0.726 30.884 
-0.834 52.206 
-0.783 36.706 
-0.763 35.365 
-0.818 46.407 
-0.807 45.9 
-0.682 27.414 
-0.73 31.43 
-0.757 31.86 
-0.806 41.558 
