-0.799 30.574 
-0.909 47.814 
-0.772 27.618 
-0.802 30.865 
-0.848 32.696 
-0.825 31.641 
-0.763 27.068 
-0.909 47.814 
-0.848 32.696 
-0.864 37.331 
-0.848 32.696 
-0.89 42.527 
-0.848 32.696 
-0.937 64.218 
-0.772 27.618 
-0.763 27.068 
-0.763 27.068 
-0.799 30.574 
-0.889 41.216 
-0.799 30.574 
-0.799 30.574 
-0.772 27.618 
-0.909 47.814 
-0.802 30.865 
-0.848 32.696 
-0.772 27.618 
-0.925 53.059 
-0.901 43.691 
-0.91 48.425 
-0.825 31.641 
-0.858 35.716 
-0.89 42.527 
-0.825 31.641 
-0.925 53.059 
-0.772 27.618 
-0.883 38.033 
-0.848 32.696 
-0.848 32.696 
-0.909 47.814 
-0.772 27.618 
-0.763 27.068 
-0.799 30.574 
-0.799 30.574 
-0.901 43.691 
-0.772 27.618 
-0.91 48.425 
-0.889 41.216 
-0.927 53.584 
-0.771 27.556 
-0.763 27.068 
-0.925 53.059 
-0.799 30.574 
-0.848 32.696 
-0.802 30.865 
-0.927 53.584 
-0.889 41.216 
-0.89 42.527 
-0.91 48.425 
-0.772 27.618 
-0.799 30.574 
