-0.799 30.574 
-0.802 30.865 
-0.848 32.696 
-0.825 31.641 
-0.848 32.696 
-0.848 32.696 
-0.848 32.696 
-0.799 30.574 
-0.889 41.216 
-0.799 30.574 
-0.799 30.574 
-0.802 30.865 
-0.848 32.696 
-0.925 53.059 
-0.825 31.641 
-0.858 35.716 
-0.825 31.641 
-0.925 53.059 
-0.883 38.033 
-0.848 32.696 
-0.848 32.696 
-0.799 30.574 
-0.799 30.574 
-0.889 41.216 
-0.927 53.584 
-0.925 53.059 
-0.799 30.574 
-0.848 32.696 
-0.802 30.865 
-0.927 53.584 
-0.889 41.216 
-0.799 30.574 
-0.799 30.574 
-0.889 41.216 
-0.825 31.641 
-0.858 35.716 
-0.802 30.865 
-0.909 47.673 
-0.799 30.574 
-0.848 32.696 
-0.78 26.86 
-0.927 53.584 
-0.899 42.586 
-0.834 32.417 
-0.754 26.354 
-0.889 41.216 
-0.925 53.059 
-0.825 31.641 
-0.825 31.641 
-0.937 59.107 
-0.848 32.696 
-0.907 46.89 
-0.925 53.059 
-0.864 36.934 
-0.817 31.088 
-0.89 42.454 
-0.848 32.696 
-0.927 53.584 
-0.825 31.641 
-0.901 42.818 
-0.799 30.574 
-0.848 32.696 
-0.799 30.574 
-0.889 41.216 
-0.799 30.574 
-0.91 47.818 
