-0.633 26.044 
-0.889 54.165 
-0.889 54.165 
-0.696 29.983 
-0.782 37.042 
-0.849 47.971 
-0.873 49.216 
-0.834 42.525 
-0.822 38.556 
-0.779 32.92 
-0.737 31.298 
-0.848 44.198 
-0.701 30.826 
-0.756 32.832 
-0.817 37.739 
-0.842 43.29 
-0.778 32.911 
-0.873 49.216 
-0.863 48.202 
-0.822 38.556 
-0.798 37.409 
-0.834 42.525 
-0.74 31.543 
-0.756 32.832 
-0.74 31.543 
-0.787 37.388 
-0.798 37.409 
-0.872 48.666 
-0.864 48.539 
-0.845 43.894 
-0.817 37.739 
-0.737 31.298 
-0.699 30.772 
-0.698 30.289 
-0.701 30.826 
-0.845 43.894 
-0.787 37.388 
-0.698 30.289 
-0.848 44.198 
-0.849 47.971 
-0.779 32.92 
-0.872 48.666 
-0.864 48.539 
-0.778 32.911 
-0.699 30.772 
-0.845 43.894 
-0.787 37.388 
-0.845 43.894 
-0.845 43.894 
-0.779 32.92 
-0.787 37.388 
-0.787 37.388 
-0.737 31.298 
-0.787 37.388 
-0.845 43.894 
-0.787 37.388 
-0.845 43.894 
-0.845 43.894 
-0.845 43.894 
-0.787 37.388 
-0.787 37.388 
-0.848 44.198 
-0.787 37.388 
-0.779 32.92 
-0.787 37.388 
-0.849 47.971 
-0.872 48.666 
-0.787 37.388 
-0.848 44.198 
-0.845 43.894 
-0.787 37.388 
-0.787 37.388 
-0.779 32.92 
-0.787 37.388 
-0.845 43.894 
-0.845 43.894 
-0.845 43.894 
-0.74 31.543 
-0.817 37.739 
-0.787 37.388 
-0.845 43.894 
-0.817 37.739 
-0.845 43.894 
-0.737 31.298 
-0.845 43.894 
-0.872 48.666 
-0.872 48.666 
-0.845 43.894 
-0.849 47.971 
-0.849 47.971 
-0.845 43.894 
-0.817 37.739 
-0.756 32.832 
-0.779 32.92 
-0.779 32.92 
-0.787 37.388 
-0.787 37.388 
-0.787 37.388 
-0.787 37.388 
-0.787 37.388 
