P=? [ F (x=9&y=9&crashed=0) ]	R{"cost"}=? [ C<=100 ]
0.618	19.684
0.88	51.877
0.88	51.877
0.618	19.684
0.676	23.24
0.619	19.741
0.676	23.24
0.879	51.605
0.87	47.152
0.861	45.431
0.854	41.559
0.85	40.694
0.837	37.034
0.619	19.741
0.813	34.562
0.754	28.878
0.804	31.69
0.726	25.466
0.693	23.325
0.708	25.457
0.745	26.987
0.837	37.034
0.82	35.704
0.85	40.694
0.796	30.328
0.832	36.272
0.767	30.034
0.701	24.047
0.784	30.257
0.707	25.426
0.87	47.152
0.745	26.987
0.879	51.605
0.813	34.562
0.804	31.69
0.861	45.431
0.777	30.093
0.854	41.559
0.816	34.814
0.869	46.796
0.762	29.76
0.863	46.195
0.701	24.047
0.699	23.735
0.734	25.965
0.729	25.935
0.766	29.817
0.819	35.367
0.757	29.164
0.735	26.194
0.757	29.164
0.778	30.169
0.784	30.257
0.744	26.701
0.707	25.426
0.869	46.796
0.863	46.195
0.832	36.272
0.82	35.704
0.739	26.198
0.762	29.76
0.798	30.569
0.696	23.663
0.852	40.897
0.862	45.877
0.834	36.464
0.835	36.772
0.801	30.878
0.8	30.827
0.818	35.094
0.836	36.779
0.853	41.209
0.851	40.885
0.742	26.389
0.862	45.877
0.833	36.456
0.853	41.209
0.803	31.441
0.802	31.142
0.818	35.094
0.802	31.142
0.739	26.198
0.803	31.441
0.694	23.418
0.755	28.923
0.743	26.462
0.799	30.593
0.694	23.418
0.696	23.663
0.796	30.328
0.742	26.389
0.728	25.758
0.727	25.568
0.728	25.758
0.755	28.923
0.727	25.568
0.778	30.169
0.743	26.462
0.777	30.093
0.799	30.593
