-0.836 60.716 
-0.639 34.578 
-0.787 48.555 
-0.684 37.769 
-0.684 37.769 
-0.798 54.358 
-0.814 57.446 
-0.813 54.489 
-0.771 44.366 
-0.797 50.161 
-0.719 42.305 
-0.711 38.28 
-0.718 38.89 
-0.814 57.446 
-0.771 44.366 
-0.746 42.588 
-0.734 42.567 
-0.72 42.31 
-0.734 42.567 
-0.756 43.599 
-0.789 49.381 
-0.764 43.711 
-0.711 38.28 
-0.767 43.873 
-0.767 43.873 
-0.793 49.651 
-0.792 49.393 
-0.796 49.908 
-0.747 42.947 
-0.755 43.41 
-0.751 43.162 
-0.764 43.711 
-0.714 38.356 
-0.717 38.751 
-0.715 38.431 
-0.749 43.001 
-0.752 43.183 
-0.717 38.751 
-0.796 49.908 
-0.793 49.651 
-0.72 42.31 
-0.797 50.161 
-0.755 43.41 
-0.752 43.183 
-0.715 38.431 
-0.749 43.001 
-0.789 49.381 
-0.718 38.89 
-0.798 54.358 
-0.756 43.599 
-0.714 38.356 
-0.747 42.947 
-0.746 42.588 
-0.792 49.393 
-0.684 37.769 
-0.814 57.446 
-0.711 38.28 
-0.771 44.366 
-0.767 43.873 
-0.789 49.381 
-0.798 54.358 
-0.796 49.908 
-0.72 42.31 
-0.793 49.651 
-0.797 50.161 
-0.755 43.41 
-0.752 43.183 
-0.715 38.431 
-0.749 43.001 
-0.756 43.599 
-0.714 38.356 
-0.747 42.947 
-0.746 42.588 
-0.792 49.393 
-0.684 37.769 
-0.814 57.446 
-0.711 38.28 
-0.771 44.366 
-0.72 42.31 
-0.798 54.358 
-0.746 42.588 
-0.796 49.908 
-0.797 50.161 
-0.752 43.183 
-0.749 43.001 
-0.756 43.599 
-0.714 38.356 
-0.747 42.947 
-0.792 49.393 
-0.684 37.769 
-0.814 57.446 
-0.711 38.28 
-0.771 44.366 
-0.796 49.908 
-0.752 43.183 
-0.792 49.393 
-0.72 42.31 
-0.714 38.356 
-0.749 43.001 
-0.746 42.588 
