-0.639 34.578 
-0.837 61.22 
-0.837 61.22 
-0.639 34.578 
-0.69 37.048 
-0.798 54.358 
-0.655 36.987 
-0.819 56.006 
-0.836 60.716 
-0.722 38.97 
-0.652 36.848 
-0.797 50.161 
-0.728 41.861 
-0.775 47.504 
-0.813 54.489 
-0.711 38.014 
-0.774 44.926 
-0.836 60.716 
-0.819 56.006 
-0.746 42.588 
-0.783 48.121 
-0.816 55.979 
-0.734 42.567 
-0.778 47.933 
-0.767 43.788 
-0.789 49.283 
-0.788 48.518 
-0.711 38.014 
-0.794 49.338 
-0.771 44.294 
-0.758 43.038 
-0.751 42.952 
-0.771 44.294 
-0.747 42.947 
-0.718 38.509 
-0.774 44.926 
-0.796 49.908 
-0.759 43.109 
-0.751 42.952 
-0.718 38.509 
-0.764 43.672 
-0.732 42.201 
-0.813 54.489 
-0.788 48.518 
-0.762 43.525 
-0.761 43.263 
-0.796 49.908 
-0.715 38.431 
-0.714 38.356 
-0.714 38.356 
-0.816 55.979 
-0.733 42.478 
-0.797 50.161 
-0.764 43.672 
-0.73 42.093 
-0.794 49.338 
-0.761 43.263 
-0.729 42.009 
-0.762 43.525 
-0.798 54.358 
-0.732 42.201 
-0.73 42.093 
-0.733 42.478 
-0.758 43.038 
-0.729 42.009 
-0.715 38.431 
-0.789 49.283 
-0.746 42.588 
-0.734 42.567 
-0.747 42.947 
-0.837 61.22 
-0.639 34.578 
-0.836 60.716 
-0.771 44.294 
-0.774 44.926 
-0.751 42.952 
-0.813 54.489 
-0.796 49.908 
-0.718 38.509 
-0.714 38.356 
-0.797 50.161 
-0.794 49.338 
-0.761 43.263 
-0.762 43.525 
-0.798 54.358 
-0.732 42.201 
-0.733 42.478 
-0.758 43.038 
-0.715 38.431 
-0.789 49.283 
-0.746 42.588 
-0.734 42.567 
-0.747 42.947 
-0.639 34.578 
-0.836 60.716 
-0.718 38.509 
-0.813 54.489 
-0.796 49.908 
-0.797 50.161 
-0.794 49.338 
