P=? [ F (x=9&y=9&crashed=0) ]	R{"cost"}=? [ C<=100 ]
0.706	24.168
0.706	24.168
0.918	49.267
0.876	41.633
0.903	47.733
0.898	43.402
0.858	37.568
0.749	28.195
0.732	24.781
0.74	25.491
0.713	24.744
0.798	31.665
0.858	37.568
0.876	41.633
0.83	36.142
0.81	33.997
0.761	28.901
0.785	29.87
0.846	36.242
0.798	31.665
0.776	28.977
0.785	29.87
0.808	32.633
0.89	41.838
0.74	25.491
0.749	28.195
0.883	41.705
0.905	47.922
0.822	35.23
0.757	28.479
0.896	42.923
0.912	48.012
0.882	41.686
0.816	34.108
0.751	28.351
0.819	34.438
0.709	24.707
0.903	47.733
0.898	43.402
0.707	24.652
0.891	42.019
0.897	43.265
0.821	35.206
0.802	31.989
0.85	36.429
0.915	48.434
0.802	31.989
0.807	32.431
0.914	48.338
0.825	35.687
0.736	25.102
0.82	34.757
0.853	36.794
0.778	28.987
0.713	24.744
0.759	28.721
0.916	48.789
0.895	42.573
0.825	35.687
0.854	36.903
0.808	32.633
0.82	34.757
0.784	29.673
0.893	42.201
0.739	25.319
0.852	36.617
0.735	25.08
0.759	28.721
0.805	32.224
0.848	36.253
0.78	29.268
0.817	34.27
0.781	29.349
0.735	25.08
0.828	35.95
0.757	28.479
0.751	28.351
0.913	48.092
0.784	29.673
0.782	29.427
0.917	49.033
0.916	48.789
0.826	35.776
0.805	32.224
0.917	49.033
0.857	37.437
0.856	37.207
0.81	33.997
0.846	36.242
0.83	36.142
0.856	37.207
0.855	36.998
0.905	47.922
0.78	29.268
0.738	25.299
0.782	29.427
0.894	42.396
0.776	28.977
0.761	28.901
0.828	35.95
