-0.927 58.999 
-0.75 25.064 
-0.927 58.999 
-0.926 58.604 
-0.895 42.332 
-0.916 53.421 
-0.909 48.609 
-0.919 54.371 
-0.85 36.556 
-0.759 28.904 
-0.752 25.302 
-0.849 33.132 
-0.884 38.893 
-0.903 47.418 
-0.901 44.018 
-0.789 30.401 
-0.836 31.679 
-0.82 31.096 
-0.805 30.519 
-0.783 29.545 
-0.77 29.212 
-0.884 38.893 
-0.839 31.936 
-0.919 54.371 
-0.909 48.609 
-0.813 30.523 
-0.916 53.421 
-0.805 30.519 
-0.752 25.302 
-0.759 28.904 
-0.865 37.15 
-0.863 36.886 
-0.854 36.567 
-0.857 36.827 
-0.836 31.679 
-0.82 31.096 
-0.871 37.301 
-0.908 48.146 
-0.768 29.069 
-0.763 29.029 
-0.844 32.543 
-0.875 37.306 
-0.918 53.809 
-0.871 37.301 
-0.817 31.064 
-0.901 44.018 
-0.786 30.087 
-0.763 29.029 
-0.844 32.543 
-0.783 29.545 
-0.77 29.212 
-0.9 43.517 
-0.785 29.783 
-0.907 47.865 
-0.898 42.839 
-0.882 38.496 
-0.848 33.116 
-0.878 37.623 
-0.9 43.517 
-0.899 43.113 
-0.882 38.496 
-0.898 42.839 
-0.896 42.479 
-0.865 37.15 
-0.917 53.762 
-0.896 42.479 
-0.905 47.578 
-0.788 30.383 
-0.907 47.865 
-0.905 47.578 
-0.899 43.113 
-0.881 38.228 
-0.877 37.573 
-0.881 38.228 
-0.88 37.971 
-0.863 36.886 
-0.856 36.815 
-0.847 32.874 
-0.877 37.573 
-0.785 29.783 
-0.768 29.069 
-0.903 47.418 
-0.879 37.83 
-0.856 36.815 
-0.875 37.306 
-0.787 30.281 
-0.814 30.716 
-0.816 30.965 
-0.815 30.772 
-0.846 32.805 
-0.845 32.627 
-0.88 37.971 
-0.879 37.83 
-0.904 47.439 
-0.787 30.281 
-0.816 30.965 
-0.845 32.627 
-0.847 32.874 
-0.846 32.805 
-0.857 36.827 
