-0.864 60.729 
-0.647 23.165 
-0.864 60.729 
-0.856 55.828 
-0.846 54.461 
-0.839 50.126 
-0.668 23.348 
-0.674 24.221 
-0.828 48.607 
-0.823 44.931 
-0.696 27.604 
-0.771 33.391 
-0.761 30.055 
-0.693 24.237 
-0.695 24.458 
-0.81 43.036 
-0.753 29.242 
-0.794 38.42 
-0.807 40.688 
-0.74 29.1 
-0.791 36.204 
-0.819 43.574 
-0.761 30.055 
-0.709 28.022 
-0.771 33.391 
-0.7 27.814 
-0.709 28.022 
-0.839 50.126 
-0.856 55.828 
-0.797 38.673 
-0.803 38.918 
-0.718 28.33 
-0.836 49.317 
-0.789 35.09 
-0.823 44.931 
-0.807 40.688 
-0.847 54.693 
-0.846 54.461 
-0.83 49.094 
-0.724 28.387 
-0.671 23.621 
-0.786 34.67 
-0.854 55.484 
-0.791 36.204 
-0.821 43.825 
-0.73 28.541 
-0.733 28.799 
-0.738 28.868 
-0.806 39.728 
-0.813 43.188 
-0.854 55.484 
-0.847 54.693 
-0.828 48.607 
-0.773 33.494 
-0.79 35.476 
-0.7 27.814 
-0.758 29.716 
-0.721 28.335 
-0.718 28.33 
-0.822 44.301 
-0.732 28.729 
-0.804 39.046 
-0.838 49.612 
-0.822 44.301 
-0.837 49.409 
-0.806 39.728 
-0.805 39.271 
-0.794 38.42 
-0.78 34.524 
-0.779 34.28 
-0.739 28.909 
-0.829 48.693 
-0.775 33.94 
-0.784 34.626 
-0.79 35.476 
-0.813 43.188 
-0.669 23.38 
-0.754 29.284 
-0.755 29.443 
-0.674 24.221 
-0.781 34.526 
-0.796 38.511 
-0.73 28.541 
-0.759 29.859 
-0.774 33.795 
-0.784 34.626 
-0.778 34.278 
-0.776 34.02 
-0.812 43.104 
-0.855 55.572 
-0.776 34.02 
-0.756 29.478 
-0.805 39.271 
-0.83 49.094 
-0.695 24.458 
-0.723 28.347 
-0.696 27.604 
-0.756 29.478 
-0.838 49.612 
-0.759 29.859 
