-0.872 61.91 
-0.836 41.311 
-0.86 42.522 
-0.812 35.561 
-0.821 36.588 
-0.853 42.437 
-0.86 42.522 
-0.66 24.567 
-0.667 26.24 
-0.786 34.664 
-0.774 30.396 
-0.869 47.753 
-0.761 29.997 
-0.853 42.437 
-0.746 29.023 
-0.783 34.626 
-0.86 42.522 
-0.66 24.567 
-0.781 30.601 
-0.803 34.69 
-0.787 34.671 
-0.821 36.588 
-0.703 26.334 
-0.852 42.002 
-0.843 41.983 
-0.829 37.119 
-0.666 25.853 
-0.832 37.726 
-0.853 42.437 
-0.809 35.074 
-0.761 29.997 
-0.767 30.229 
-0.761 29.997 
-0.828 36.902 
-0.839 41.756 
-0.74 28.421 
-0.814 35.766 
-0.667 26.24 
-0.853 42.437 
-0.81 35.203 
