-0.728 26.178 
-0.937 53.576 
-0.728 26.178 
-0.937 53.576 
-0.74 27.841 
-0.79 30.187 
-0.932 52.829 
-0.919 48.048 
-0.834 35.294 
-0.91 46.766 
-0.884 37.681 
-0.89 41.406 
-0.902 43.254 
-0.79 30.187 
-0.833 32.562 
-0.874 36.344 
-0.73 26.462 
-0.86 36.193 
-0.849 35.663 
-0.919 48.048 
-0.808 31.347 
-0.902 43.254 
-0.821 31.481 
-0.932 52.829 
-0.91 46.766 
-0.916 47.37 
-0.738 27.494 
-0.738 27.494 
-0.878 36.632 
-0.85 35.926 
-0.829 31.894 
-0.857 36.047 
-0.884 37.681 
-0.901 42.519 
-0.796 30.288 
-0.899 42.053 
-0.89 41.406 
-0.897 41.806 
-0.936 53.477 
-0.933 52.865 
-0.806 31.179 
-0.825 31.617 
-0.8 30.918 
-0.798 30.51 
-0.825 31.617 
-0.893 41.546 
-0.802 30.995 
-0.897 41.806 
-0.893 41.546 
-0.849 35.663 
-0.834 35.294 
-0.936 53.477 
-0.882 37.321 
-0.798 30.51 
-0.9 42.378 
-0.879 36.949 
-0.806 31.179 
-0.802 30.995 
-0.833 32.562 
-0.832 32.252 
-0.918 47.746 
-0.822 31.52 
-0.933 52.865 
-0.918 47.746 
-0.917 47.461 
-0.881 37.273 
-0.88 37.002 
-0.808 31.347 
-0.83 32.138 
-0.796 30.288 
-0.8 30.918 
-0.882 37.321 
-0.891 41.451 
-0.858 36.051 
-0.9 42.378 
-0.858 36.051 
-0.821 31.481 
-0.85 35.926 
-0.822 31.52 
-0.891 41.451 
-0.832 32.252 
-0.917 47.461 
-0.831 32.161 
-0.88 37.002 
-0.879 36.949 
-0.881 37.273 
-0.831 32.161 
-0.83 32.138 
-0.937 53.576 
-0.728 26.178 
-0.79 30.187 
-0.932 52.829 
-0.91 46.766 
-0.738 27.494 
-0.884 37.681 
-0.89 41.406 
-0.825 31.617 
-0.893 41.546 
-0.849 35.663 
-0.834 35.294 
