-0.872 61.478 
-0.712 28.469 
-0.712 28.469 
-0.86 46.778 
-0.87 56.524 
-0.846 41.482 
-0.829 40.791 
-0.745 29.079 
-0.863 51.725 
-0.715 28.804 
-0.828 36.339 
-0.861 51.413 
-0.843 40.999 
-0.809 35.62 
-0.764 30.67 
-0.825 35.688 
-0.778 31.298 
-0.792 34.049 
-0.782 31.934 
-0.792 34.049 
-0.77 31.208 
-0.782 31.934 
-0.757 30.295 
-0.801 35.323 
-0.809 35.62 
-0.751 29.656 
-0.747 29.174 
-0.757 30.295 
-0.77 31.208 
-0.795 34.461 
-0.752 29.821 
-0.801 35.323 
-0.798 35.19 
-0.781 31.923 
-0.797 34.974 
-0.828 36.339 
-0.826 35.855 
-0.752 29.821 
-0.793 34.22 
-0.781 31.923 
-0.797 34.974 
-0.713 28.548 
-0.826 35.855 
-0.715 28.804 
-0.862 51.474 
-0.794 34.292 
-0.714 28.636 
-0.798 35.19 
-0.714 28.636 
-0.746 29.155 
-0.794 34.292 
-0.825 35.688 
-0.862 51.474 
-0.861 51.413 
-0.746 29.155 
-0.792 34.049 
-0.782 31.934 
-0.757 30.295 
-0.801 35.323 
-0.861 51.413 
-0.828 36.339 
-0.752 29.821 
-0.781 31.923 
-0.715 28.804 
-0.714 28.636 
-0.794 34.292 
-0.862 51.474 
-0.746 29.155 
-0.792 34.049 
-0.801 35.323 
-0.757 30.295 
-0.861 51.413 
-0.828 36.339 
-0.752 29.821 
-0.781 31.923 
-0.715 28.804 
-0.714 28.636 
-0.794 34.292 
-0.746 29.155 
-0.792 34.049 
-0.861 51.413 
-0.757 30.295 
-0.715 28.804 
-0.714 28.636 
-0.746 29.155 
-0.792 34.049 
-0.757 30.295 
-0.714 28.636 
-0.757 30.295 
-0.792 34.049 
-0.714 28.636 
-0.792 34.049 
-0.794 34.292 
-0.715 28.804 
-0.715 28.804 
-0.861 51.413 
-0.746 29.155 
-0.792 34.049 
-0.781 31.923 
-0.752 29.821 
