P=? [ F (x=9&y=9&crashed=0) ]	R{"cost"}=? [ C<=100 ]
0.627	23.805
0.862	62.991
0.862	62.991
0.853	53.727
0.859	62.48
0.665	25.818
0.779	37.454
0.699	27.612
0.762	34.878
0.805	45.516
0.683	27.016
0.751	31.618
0.804	42.283
0.781	39.996
0.683	27.016
0.844	53.242
0.734	30.928
0.835	51.906
0.83	49.337
0.668	26.014
0.749	31.502
0.665	25.818
0.725	30.509
0.828	47.81
0.702	29.507
0.768	34.882
0.751	31.618
0.714	30.41
0.762	34.878
0.734	30.928
0.789	40.495
0.822	47.106
0.668	26.014
0.836	51.908
0.83	49.337
0.774	36.502
0.812	46.347
0.836	51.908
0.826	47.182
0.727	30.622
0.845	53.331
0.796	40.882
0.829	48.78
0.774	36.502
0.699	27.612
0.811	46.261
0.77	35.585
0.859	62.48
0.851	53.338
0.801	41.742
0.797	40.966
0.786	40.146
0.703	29.587
0.811	46.261
0.805	45.516
0.749	31.502
0.708	29.748
0.817	46.644
0.861	62.548
0.835	51.906
0.797	40.966
0.801	41.742
0.829	48.78
0.852	53.339
0.773	35.951
0.727	30.622
0.772	35.678
0.819	46.774
0.702	29.507
0.796	40.882
0.803	42.199
0.802	41.816
0.819	46.774
0.781	39.996
0.817	46.644
0.818	46.691
0.711	30.002
0.773	35.951
0.788	40.49
0.787	40.228
0.77	35.585
0.713	30.357
0.712	30.111
0.826	47.182
0.709	29.795
0.711	30.002
0.709	29.795
0.708	29.748
0.703	29.587
0.786	40.146
0.712	30.111
0.714	30.41
0.772	35.678
0.804	42.283
0.803	42.199
0.787	40.228
0.802	41.816
0.86	62.486
0.713	30.357
0.851	53.338
