P=? [ F (x=9&y=9&crashed=0) ]	R{"cost"}=? [ C<=100 ]
0.916	52.983
0.721	25.988
0.916	52.983
0.721	25.988
0.78	30.203
0.896	46.646
0.9	48.222
0.884	42.888
0.756	27.737
0.853	40.691
0.746	27.303
0.9	48.222
0.734	26.211
0.795	30.514
0.756	27.737
0.852	38.113
0.824	34.768
0.82	32.322
0.782	30.45
0.884	42.888
0.878	41.53
0.865	41.332
0.734	26.211
0.798	31.575
0.85	36.947
0.807	31.675
0.826	35.157
0.851	37.904
0.748	27.567
0.833	35.458
0.899	47.357
0.81	31.998
0.816	32.07
0.754	27.697
0.845	36.079
0.797	31.149
0.843	35.916
0.797	31.149
0.86	40.763
0.82	32.322
0.824	34.768
0.836	35.653
0.84	35.67
0.847	36.177
0.809	31.838
0.857	40.724
0.864	41.144
0.781	30.323
0.883	42.504
0.899	47.357
0.898	47.006
0.848	36.52
0.849	36.627
0.857	40.724
0.842	35.759
0.833	35.458
0.826	35.157
0.825	34.869
0.754	27.697
0.748	27.567
0.883	42.504
0.882	42.236
0.882	42.236
0.881	41.969
0.863	41.054
0.835	35.558
0.898	47.006
0.897	46.779
0.816	32.07
0.852	38.113
0.851	37.904
0.878	41.53
0.865	41.332
0.879	41.724
0.818	32.163
0.862	41.019
0.861	40.854
0.808	31.676
0.881	41.969
0.88	41.82
0.897	46.779
0.819	32.198
0.849	36.627
0.848	36.52
0.825	34.869
0.798	31.575
0.847	36.177
0.88	41.82
0.879	41.724
0.818	32.163
0.861	40.854
0.834	35.537
0.841	35.746
0.81	31.998
0.819	32.198
0.862	41.019
0.834	35.537
0.84	35.67
0.836	35.653
0.841	35.746
