-0.789 45.241 
-0.751 36.821 
-0.802 46.536 
-0.694 31.466 
-0.802 46.536 
-0.802 46.536 
-0.694 31.466 
-0.789 45.241 
-0.783 41.118 
-0.802 46.536 
-0.782 40.494 
-0.779 39.999 
-0.788 42.554 
-0.802 46.536 
-0.83 53.796 
-0.789 45.241 
-0.813 47.016 
-0.694 31.466 
-0.797 45.546 
-0.802 46.536 
-0.751 36.821 
-0.802 46.536 
-0.749 34.839 
-0.802 46.536 
-0.813 47.016 
-0.719 32.175 
-0.789 45.241 
-0.694 31.466 
-0.846 61.78 
-0.789 45.241 
-0.789 45.241 
-0.802 46.536 
-0.694 31.466 
-0.719 32.175 
-0.82 47.419 
-0.783 41.118 
-0.802 46.536 
-0.694 31.466 
-0.802 46.536 
-0.819 47.072 
-0.839 57.537 
-0.694 31.466 
