-0.847 52.317 
-0.847 52.317 
-0.712 25.974 
-0.712 25.974 
-0.778 29.644 
-0.819 39.812 
-0.844 50.937 
-0.838 46.533 
-0.778 29.644 
-0.815 36.255 
-0.794 34.5 
-0.79 30.82 
-0.836 45.757 
-0.831 42.082 
-0.798 35.25 
-0.808 35.259 
-0.844 50.937 
-0.813 35.527 
-0.78 30.039 
-0.836 45.757 
-0.815 36.255 
-0.838 46.533 
-0.785 30.07 
-0.845 51.74 
-0.831 42.082 
-0.829 41.371 
-0.822 40.89 
-0.826 41.095 
-0.821 40.543 
-0.797 34.832 
-0.794 34.5 
-0.79 30.82 
-0.826 41.095 
-0.837 46.342 
-0.845 51.74 
-0.83 41.921 
-0.81 35.283 
-0.82 40.241 
-0.81 35.283 
-0.789 30.793 
-0.788 30.389 
-0.82 40.241 
-0.787 30.363 
-0.829 41.371 
-0.796 34.802 
-0.795 34.532 
-0.785 30.07 
-0.787 30.363 
-0.822 40.89 
-0.808 35.259 
-0.837 46.342 
-0.83 41.921 
-0.795 34.532 
-0.796 34.802 
-0.789 30.793 
-0.788 30.389 
-0.798 35.25 
-0.778 29.644 
-0.844 50.937 
-0.836 45.757 
-0.838 46.533 
-0.831 42.082 
-0.815 36.255 
-0.794 34.5 
-0.79 30.82 
-0.845 51.74 
-0.81 35.283 
-0.82 40.241 
-0.829 41.371 
-0.787 30.363 
-0.785 30.07 
-0.822 40.89 
-0.808 35.259 
-0.83 41.921 
-0.795 34.532 
-0.796 34.802 
-0.789 30.793 
-0.788 30.389 
-0.798 35.25 
-0.778 29.644 
-0.844 50.937 
-0.836 45.757 
-0.838 46.533 
-0.831 42.082 
-0.815 36.255 
-0.785 30.07 
-0.794 34.5 
-0.79 30.82 
-0.845 51.74 
-0.81 35.283 
-0.822 40.89 
-0.787 30.363 
-0.808 35.259 
-0.83 41.921 
-0.795 34.532 
-0.796 34.802 
-0.789 30.793 
-0.788 30.389 
-0.798 35.25 
-0.844 50.937 
