-0.847 61.462 
-0.711 26.004 
-0.847 61.462 
-0.711 26.004 
-0.738 29.969 
-0.785 30.07 
-0.845 51.74 
-0.738 29.969 
-0.844 50.937 
-0.815 36.255 
-0.835 46.228 
-0.831 42.082 
-0.838 46.533 
-0.793 34.611 
-0.788 30.389 
-0.819 40.207 
-0.81 35.639 
-0.797 35.233 
-0.826 41.163 
-0.805 35.425 
-0.829 41.778 
-0.838 46.533 
-0.822 41.137 
-0.793 34.611 
-0.805 35.425 
-0.819 40.207 
-0.788 30.389 
-0.845 51.74 
-0.796 35.201 
-0.821 40.602 
-0.794 34.874 
-0.821 40.602 
-0.794 34.874 
-0.787 30.363 
-0.787 30.363 
-0.822 41.137 
-0.711 26.004 
-0.738 29.969 
-0.793 34.611 
-0.819 40.207 
-0.788 30.389 
-0.794 34.874 
-0.821 40.602 
-0.787 30.363 
-0.822 41.137 
-0.794 34.874 
-0.821 40.602 
-0.711 26.004 
-0.821 40.602 
-0.711 26.004 
-0.794 34.874 
-0.794 34.874 
-0.821 40.602 
-0.711 26.004 
-0.819 40.207 
-0.794 34.874 
-0.794 34.874 
-0.794 34.874 
-0.822 41.137 
-0.711 26.004 
-0.711 26.004 
-0.794 34.874 
-0.819 40.207 
-0.819 40.207 
-0.821 40.602 
-0.711 26.004 
-0.794 34.874 
-0.821 40.602 
-0.794 34.874 
-0.822 41.137 
-0.711 26.004 
-0.794 34.874 
-0.822 41.137 
-0.711 26.004 
-0.711 26.004 
-0.794 34.874 
-0.794 34.874 
-0.822 41.137 
-0.821 40.602 
-0.822 41.137 
-0.788 30.389 
-0.794 34.874 
-0.787 30.363 
-0.794 34.874 
-0.711 26.004 
-0.787 30.363 
-0.793 34.611 
-0.793 34.611 
-0.794 34.874 
-0.794 34.874 
-0.794 34.874 
-0.711 26.004 
-0.793 34.611 
-0.794 34.874 
-0.711 26.004 
-0.711 26.004 
-0.794 34.874 
-0.711 26.004 
-0.711 26.004 
-0.794 34.874 
