-0.872 67.022 
-0.715 26.06 
-0.871 56.973 
-0.735 30.019 
-0.769 30.218 
-0.718 26.503 
-0.827 41.969 
-0.809 39.325 
-0.871 56.973 
-0.862 51.726 
-0.804 36.121 
-0.845 50.188 
-0.778 34.242 
-0.774 31.556 
-0.733 29.708 
-0.844 47.217 
-0.843 46.606 
-0.821 40.702 
-0.733 29.708 
-0.852 51.364 
-0.833 44.703 
-0.862 51.726 
-0.819 40.106 
-0.787 34.671 
-0.836 45.291 
-0.853 51.561 
-0.785 34.67 
-0.816 39.449 
-0.833 44.703 
-0.86 51.572 
-0.773 31.314 
-0.771 30.502 
-0.78 34.537 
-0.836 45.291 
-0.817 39.514 
-0.845 50.188 
-0.793 35.072 
-0.792 34.949 
-0.798 35.349 
-0.802 35.764 
-0.716 26.328 
-0.8 35.47 
-0.835 45.035 
-0.801 35.558 
-0.77 30.382 
-0.798 35.349 
-0.735 30.019 
-0.78 34.537 
-0.834 44.989 
-0.792 34.949 
-0.793 35.072 
-0.769 30.218 
-0.861 51.586 
-0.816 39.449 
-0.834 44.989 
-0.861 51.586 
-0.86 51.572 
-0.853 51.561 
-0.78 34.537 
-0.78 34.537 
-0.793 35.072 
-0.793 35.072 
-0.78 34.537 
-0.798 35.349 
-0.793 35.072 
-0.793 35.072 
-0.733 29.708 
-0.793 35.072 
-0.733 29.708 
-0.733 29.708 
-0.793 35.072 
-0.793 35.072 
-0.78 34.537 
-0.798 35.349 
-0.816 39.449 
-0.845 50.188 
-0.836 45.291 
-0.816 39.449 
-0.793 35.072 
-0.793 35.072 
-0.836 45.291 
-0.793 35.072 
-0.862 51.726 
-0.816 39.449 
-0.769 30.218 
-0.792 34.949 
-0.78 34.537 
-0.793 35.072 
-0.793 35.072 
-0.793 35.072 
-0.853 51.561 
-0.78 34.537 
-0.836 45.291 
-0.793 35.072 
-0.834 44.989 
-0.816 39.449 
-0.816 39.449 
-0.853 51.561 
-0.853 51.561 
-0.816 39.449 
