-0.929 59.322 
-0.774 25.745 
-0.929 59.322 
-0.774 25.745 
-0.786 29.778 
-0.91 52.7 
-0.808 30.068 
-0.892 46.842 
-0.927 59.134 
-0.92 53.798 
-0.902 47.497 
-0.885 42.433 
-0.842 34.924 
-0.869 40.816 
-0.868 37.681 
-0.839 32.026 
-0.821 30.222 
-0.919 53.332 
-0.911 53.19 
-0.873 41.551 
-0.92 53.798 
-0.86 36.777 
-0.902 47.497 
-0.838 31.839 
-0.885 42.433 
-0.816 30.207 
-0.892 46.842 
-0.854 36.029 
-0.927 59.134 
-0.898 47.049 
-0.857 36.595 
-0.827 30.897 
-0.879 41.773 
-0.816 30.207 
-0.833 31.427 
-0.827 30.897 
-0.864 37.035 
-0.866 37.26 
-0.85 35.885 
-0.839 32.026 
-0.855 36.431 
-0.845 35.449 
-0.872 41.245 
-0.831 31.046 
-0.846 35.65 
-0.864 37.035 
-0.901 47.306 
-0.833 31.427 
-0.844 35.28 
-0.844 35.28 
-0.829 30.907 
-0.871 41.2 
-0.87 40.86 
-0.849 35.786 
-0.9 47.266 
-0.832 31.327 
-0.847 35.711 
-0.884 42.17 
-0.829 30.907 
-0.879 41.773 
-0.868 37.681 
-0.867 37.468 
-0.867 37.468 
-0.898 47.049 
-0.899 47.229 
-0.883 42.042 
-0.882 41.868 
-0.855 36.431 
-0.85 35.885 
-0.911 53.19 
-0.831 31.046 
-0.928 59.185 
-0.884 42.17 
-0.883 42.042 
-0.832 31.327 
-0.849 35.786 
-0.847 35.711 
-0.928 59.185 
-0.882 41.868 
-0.881 41.821 
-0.871 41.2 
-0.87 40.86 
-0.881 41.821 
-0.869 40.816 
-0.88 41.777 
-0.899 47.229 
-0.88 41.777 
-0.929 59.322 
-0.92 53.798 
-0.902 47.497 
-0.885 42.433 
-0.892 46.842 
-0.839 32.026 
-0.816 30.207 
-0.827 30.897 
-0.847 35.711 
-0.879 41.773 
-0.868 37.681 
-0.898 47.049 
-0.867 37.468 
