P=? [ F (x=9&y=9&crashed=0) ]	R{"cost"}=? [ C<=100 ]
0.679	21.032
0.899	63.373
0.679	21.032
0.899	63.373
0.71	25.033
0.754	25.243
0.881	52.086
0.898	58.442
0.88	47.252
0.89	57.475
0.889	52.863
0.853	37.154
0.878	46.419
0.868	42.335
0.689	21.449
0.861	40.857
0.806	30.488
0.708	24.745
0.788	26.892
0.689	21.449
0.708	24.745
0.764	26.229
0.827	32.717
0.806	30.488
0.788	26.892
0.782	26.276
0.828	35.477
0.84	35.787
0.878	46.419
0.868	42.335
0.83	35.72
0.861	40.857
0.853	37.154
0.897	57.986
0.891	57.909
0.887	52.142
0.815	31.428
0.821	31.913
0.823	32.537
0.849	36.954
0.863	41.245
0.755	25.433
0.867	41.961
0.863	41.245
0.684	21.399
0.76	26.005
0.849	36.954
0.81	30.602
0.867	41.961
0.682	21.061
0.845	36.452
0.76	26.005
0.755	25.433
0.812	31.157
0.843	36.192
0.785	26.628
0.845	36.452
0.818	31.756
0.898	58.442
0.84	35.787
0.88	47.252
0.879	46.804
0.829	35.491
0.89	57.475
0.786	26.648
0.843	36.192
0.71	25.033
0.879	46.804
0.888	52.517
0.823	32.537
0.889	52.863
0.888	52.517
0.761	26.014
0.762	26.154
0.818	31.756
0.683	21.387
0.784	26.328
0.813	31.241
0.812	31.157
0.819	31.832
0.81	30.602
0.808	30.54
0.808	30.54
0.783	26.296
0.764	26.229
0.754	25.243
0.787	26.85
0.813	31.241
0.827	32.717
0.844	36.346
0.844	36.346
0.819	31.832
0.897	57.986
0.891	57.909
0.762	26.154
0.83	35.72
0.887	52.142
0.881	52.086
0.684	21.399
0.782	26.276
