-0.838 50.718 
-0.648 23.133 
-0.838 50.718 
-0.648 23.133 
-0.707 28.351 
-0.827 45.684 
-0.83 46.022 
-0.668 25.022 
-0.821 41.56 
-0.787 31.077 
-0.808 39.637 
-0.792 34.563 
-0.806 36.139 
-0.684 26.608 
-0.784 30.413 
-0.726 28.61 
-0.754 29.523 
-0.813 40.006 
-0.738 29.491 
-0.692 27.482 
-0.668 25.022 
-0.769 30.142 
-0.771 30.364 
-0.671 26.441 
-0.672 26.462 
-0.758 30.049 
-0.818 41.217 
-0.787 31.077 
-0.83 46.022 
-0.692 27.482 
-0.69 27.27 
-0.818 41.217 
-0.821 41.56 
-0.69 27.27 
-0.792 34.563 
-0.795 34.887 
-0.799 34.952 
-0.829 45.895 
-0.804 35.545 
-0.81 39.884 
-0.8 34.954 
-0.802 35.198 
-0.734 29.127 
-0.73 29.0 
-0.805 35.979 
-0.726 28.61 
-0.808 39.637 
-0.802 35.198 
-0.728 28.793 
-0.804 35.545 
-0.806 36.139 
-0.737 29.368 
-0.81 39.884 
-0.794 34.766 
-0.82 41.469 
-0.82 41.469 
-0.755 29.756 
-0.737 29.368 
-0.735 29.142 
-0.729 28.999 
-0.794 34.766 
-0.771 30.364 
-0.728 28.793 
-0.756 29.927 
-0.755 29.756 
-0.735 29.142 
-0.805 35.979 
-0.672 26.462 
-0.734 29.127 
-0.73 29.0 
-0.758 30.049 
-0.757 29.981 
-0.757 29.981 
-0.756 29.927 
-0.738 29.491 
-0.729 28.999 
-0.838 50.718 
-0.648 23.133 
-0.668 25.022 
-0.83 46.022 
-0.787 31.077 
-0.692 27.482 
-0.818 41.217 
-0.821 41.56 
-0.792 34.563 
-0.726 28.61 
-0.808 39.637 
-0.802 35.198 
-0.806 36.139 
-0.81 39.884 
-0.82 41.469 
-0.737 29.368 
-0.794 34.766 
-0.771 30.364 
-0.728 28.793 
-0.805 35.979 
-0.672 26.462 
-0.734 29.127 
-0.73 29.0 
-0.757 29.981 
