-0.771 30.367 
-0.823 53.956 
-0.823 53.956 
-0.778 34.499 
-0.771 30.367 
-0.819 44.62 
-0.823 53.956 
-0.821 50.625 
-0.838 55.582 
-0.823 53.956 
-0.677 27.24 
-0.823 53.956 
-0.771 30.367 
-0.677 27.24 
-0.778 34.499 
-0.819 44.62 
-0.823 53.956 
-0.823 53.956 
-0.823 53.956 
-0.771 30.367 
-0.771 30.367 
-0.838 55.582 
-0.771 30.367 
-0.838 55.582 
-0.716 28.737 
-0.819 44.62 
-0.838 55.582 
-0.778 34.499 
-0.771 30.367 
-0.771 30.367 
-0.677 27.24 
-0.823 53.956 
-0.838 55.582 
-0.792 35.096 
-0.811 40.184 
-0.838 55.582 
-0.823 53.956 
-0.819 44.62 
-0.771 30.367 
-0.802 35.732 
-0.823 53.956 
-0.805 35.979 
-0.771 30.367 
-0.769 30.145 
-0.78 34.543 
-0.716 28.737 
-0.738 29.583 
-0.771 30.367 
-0.823 53.956 
-0.73 29.126 
-0.771 30.367 
-0.823 53.956 
-0.729 28.999 
