-0.83 45.356 
-0.822 41.055 
-0.847 50.925 
-0.861 51.689 
-0.829 41.867 
-0.744 30.118 
-0.787 34.676 
-0.789 36.269 
-0.756 30.278 
-0.787 34.676 
-0.778 34.476 
-0.847 50.925 
-0.829 41.867 
-0.787 34.676 
-0.798 36.771 
-0.737 29.97 
-0.788 34.92 
-0.814 40.506 
-0.863 56.841 
-0.829 41.867 
-0.797 36.312 
-0.822 41.055 
-0.838 45.717 
-0.822 41.055 
-0.845 47.054 
-0.855 51.155 
-0.863 56.841 
-0.789 36.269 
-0.744 30.118 
-0.732 29.762 
-0.744 30.118 
-0.829 41.867 
-0.766 34.296 
-0.798 36.771 
-0.786 34.667 
-0.83 45.356 
-0.822 41.055 
-0.798 36.771 
-0.847 50.925 
-0.798 36.771 
-0.798 36.771 
-0.871 61.943 
-0.847 50.925 
-0.787 34.676 
-0.822 41.055 
-0.81 40.097 
-0.83 45.356 
-0.822 41.055 
-0.81 40.097 
-0.821 40.589 
-0.763 30.57 
-0.774 34.431 
-0.756 30.278 
-0.821 40.589 
-0.846 50.495 
-0.789 36.269 
-0.822 41.055 
-0.847 50.925 
-0.855 51.155 
-0.805 37.311 
-0.764 30.824 
-0.798 36.771 
-0.744 30.118 
-0.822 41.055 
-0.766 34.296 
-0.803 37.08 
-0.863 56.841 
-0.787 34.676 
-0.83 45.356 
-0.73 29.672 
-0.798 36.771 
-0.862 52.13 
-0.73 29.672 
-0.766 34.296 
-0.789 36.269 
-0.787 34.676 
-0.787 34.676 
-0.829 41.867 
-0.788 34.92 
