-0.668 23.567 
-0.9 63.055 
-0.668 23.567 
-0.9 63.055 
-0.691 23.915 
-0.882 57.091 
-0.89 62.62 
-0.76 29.562 
-0.722 27.703 
-0.88 51.453 
-0.882 57.091 
-0.877 51.005 
-0.863 46.595 
-0.738 29.41 
-0.697 27.113 
-0.67 23.855 
-0.851 45.24 
-0.846 42.065 
-0.802 34.281 
-0.79 31.115 
-0.816 35.996 
-0.705 27.614 
-0.827 39.843 
-0.821 37.059 
-0.736 29.1 
-0.877 51.005 
-0.802 34.281 
-0.863 46.595 
-0.774 30.099 
-0.806 35.356 
-0.79 31.115 
-0.774 30.099 
-0.853 45.872 
-0.784 30.102 
-0.803 34.714 
-0.736 29.1 
-0.828 40.289 
-0.787 30.498 
-0.898 62.737 
-0.86 46.088 
-0.89 62.62 
-0.827 39.843 
-0.821 37.059 
-0.834 40.343 
-0.836 40.632 
-0.806 35.356 
-0.697 27.113 
-0.837 41.043 
-0.841 41.606 
-0.841 41.606 
-0.852 45.3 
-0.701 27.219 
-0.851 45.24 
-0.846 42.065 
-0.819 36.409 
-0.837 41.043 
-0.704 27.463 
-0.789 30.822 
-0.844 41.907 
-0.701 27.219 
-0.82 36.645 
-0.819 36.409 
-0.784 30.102 
-0.789 30.822 
-0.738 29.41 
-0.844 41.907 
-0.861 46.379 
-0.704 27.463 
-0.82 36.645 
-0.67 23.855 
-0.834 40.343 
-0.86 46.088 
-0.899 62.916 
-0.879 51.317 
-0.878 51.142 
-0.862 46.551 
-0.861 46.379 
-0.899 62.916 
-0.878 51.142 
-0.879 51.317 
-0.845 42.029 
-0.898 62.737 
-0.705 27.614 
-0.862 46.551 
-0.845 42.029 
-0.9 63.055 
-0.668 23.567 
-0.877 51.005 
-0.802 34.281 
-0.863 46.595 
-0.774 30.099 
-0.736 29.1 
-0.882 57.091 
-0.89 62.62 
-0.821 37.059 
-0.841 41.606 
-0.86 46.088 
-0.851 45.24 
-0.837 41.043 
-0.819 36.409 
