P=? [ F (x=9&y=9&crashed=0) ]	R{"cost"}=? [ C<=100 ]
0.837	51.251
0.656	22.813
0.837	51.251
0.656	22.813
0.669	23.624
0.729	31.988
0.689	24.434
0.769	38.082
0.765	34.261
0.833	50.299
0.828	46.552
0.807	44.786
0.804	41.203
0.728	28.765
0.69	24.468
0.691	26.652
0.66	23.23
0.716	27.866
0.794	40.093
0.8	40.296
0.81	45.024
0.772	38.309
0.707	27.838
0.824	45.619
0.754	33.132
0.816	45.197
0.703	27.51
0.762	33.78
0.697	27.177
0.735	32.162
0.818	45.523
0.748	33.023
0.738	32.717
0.721	28.413
0.693	27.003
0.779	38.566
0.778	38.473
0.66	23.23
0.833	50.299
0.828	46.552
0.698	27.395
0.785	38.856
0.765	34.261
0.719	28.127
0.745	32.753
0.726	28.481
0.705	27.541
0.788	39.351
0.717	27.936
0.758	33.749
0.804	41.203
0.769	38.082
0.817	45.294
0.741	32.726
0.756	33.374
0.72	28.322
0.764	34.003
0.736	32.393
0.786	38.876
0.809	44.81
0.771	38.104
0.741	32.726
0.791	39.621
0.807	44.786
0.736	32.393
0.785	38.856
0.779	38.566
0.706	27.819
0.836	51.031
0.835	50.755
0.757	33.647
0.791	39.621
0.788	39.351
0.787	39.084
0.748	33.023
0.827	46.333
0.826	46.067
0.803	40.99
0.802	40.73
0.728	28.765
0.727	28.505
0.691	26.652
0.692	26.899
0.793	39.858
0.835	50.755
0.834	50.52
0.826	46.067
0.825	45.838
0.746	32.795
0.764	34.003
0.802	40.73
0.801	40.508
0.834	50.52
0.836	51.031
0.825	45.838
0.827	46.333
0.803	40.99
0.801	40.508
0.793	39.858
0.792	39.648
