-0.891 52.079 
-0.784 30.341 
-0.784 30.341 
-0.891 52.079 
-0.88 41.338 
-0.889 46.654 
-0.881 46.64 
-0.87 36.151 
-0.88 41.338 
-0.786 30.566 
-0.845 35.4 
-0.807 30.812 
-0.843 31.589 
-0.826 31.018 
-0.84 31.155 
-0.811 30.827 
-0.826 31.018 
-0.87 36.151 
-0.862 35.964 
-0.853 35.87 
-0.863 36.131 
-0.848 35.711 
-0.853 35.87 
-0.842 31.458 
-0.811 30.827 
-0.848 35.711 
-0.845 35.4 
-0.786 30.566 
-0.808 30.814 
-0.84 31.155 
-0.843 31.589 
-0.807 30.812 
-0.889 46.654 
-0.862 35.964 
-0.863 36.131 
-0.881 46.64 
-0.808 30.814 
-0.88 41.338 
-0.87 36.151 
-0.853 35.87 
-0.811 30.827 
-0.848 35.711 
-0.845 35.4 
-0.786 30.566 
-0.84 31.155 
-0.843 31.589 
-0.807 30.812 
-0.862 35.964 
-0.863 36.131 
-0.881 46.64 
-0.808 30.814 
-0.853 35.87 
-0.811 30.827 
-0.848 35.711 
-0.786 30.566 
-0.843 31.589 
-0.84 31.155 
-0.863 36.131 
-0.808 30.814 
-0.843 31.589 
-0.808 30.814 
-0.843 31.589 
-0.808 30.814 
-0.786 30.566 
-0.808 30.814 
-0.786 30.566 
-0.843 31.589 
-0.843 31.589 
-0.808 30.814 
-0.843 31.589 
-0.808 30.814 
-0.808 30.814 
-0.843 31.589 
-0.808 30.814 
-0.843 31.589 
-0.808 30.814 
-0.786 30.566 
-0.843 31.589 
-0.843 31.589 
-0.808 30.814 
-0.808 30.814 
-0.808 30.814 
-0.808 30.814 
-0.848 35.711 
-0.808 30.814 
-0.808 30.814 
-0.863 36.131 
-0.848 35.711 
-0.786 30.566 
-0.843 31.589 
-0.808 30.814 
-0.808 30.814 
-0.786 30.566 
-0.843 31.589 
-0.808 30.814 
-0.843 31.589 
-0.808 30.814 
-0.843 31.589 
-0.808 30.814 
-0.808 30.814 
