-0.891 52.079 
-0.784 30.341 
-0.891 52.079 
-0.784 30.341 
-0.889 46.654 
-0.881 46.64 
-0.88 41.338 
-0.873 41.197 
-0.87 36.151 
-0.799 30.515 
-0.845 35.4 
-0.843 31.589 
-0.826 31.018 
-0.811 30.827 
-0.833 31.106 
-0.848 35.71 
-0.862 35.964 
-0.853 35.87 
-0.807 30.66 
-0.84 31.155 
-0.826 31.018 
-0.868 36.145 
-0.863 36.13 
-0.853 35.87 
-0.811 30.827 
-0.808 30.814 
-0.873 41.197 
-0.845 35.4 
-0.87 36.151 
-0.843 31.589 
-0.842 31.458 
-0.842 31.458 
-0.84 31.155 
-0.889 46.654 
-0.807 30.66 
-0.88 41.338 
-0.862 35.964 
-0.863 36.13 
-0.881 46.64 
-0.808 30.814 
-0.891 52.079 
-0.784 30.341 
-0.88 41.338 
-0.826 31.018 
-0.87 36.151 
-0.853 35.87 
-0.811 30.827 
-0.845 35.4 
-0.84 31.155 
-0.843 31.589 
-0.842 31.458 
-0.889 46.654 
-0.862 35.964 
-0.863 36.13 
-0.881 46.64 
-0.808 30.814 
-0.784 30.341 
-0.88 41.338 
-0.826 31.018 
-0.87 36.151 
-0.853 35.87 
-0.811 30.827 
-0.845 35.4 
-0.84 31.155 
-0.843 31.589 
-0.842 31.458 
-0.889 46.654 
-0.862 35.964 
-0.881 46.64 
-0.808 30.814 
-0.784 30.341 
-0.88 41.338 
-0.826 31.018 
-0.87 36.151 
-0.853 35.87 
-0.811 30.827 
-0.845 35.4 
-0.84 31.155 
-0.843 31.589 
-0.862 35.964 
-0.881 46.64 
-0.808 30.814 
-0.88 41.338 
-0.87 36.151 
-0.853 35.87 
-0.811 30.827 
-0.845 35.4 
-0.84 31.155 
-0.843 31.589 
-0.862 35.964 
-0.881 46.64 
-0.808 30.814 
-0.853 35.87 
-0.811 30.827 
-0.843 31.589 
-0.84 31.155 
-0.808 30.814 
-0.843 31.589 
-0.808 30.814 
-0.843 31.589 
