-0.846 35.899 
-0.846 35.899 
-0.853 36.003 
-0.846 35.899 
-0.808 30.814 
-0.846 35.899 
-0.853 36.003 
-0.843 31.589 
-0.846 35.899 
-0.846 35.899 
-0.873 41.771 
-0.882 52.033 
-0.881 51.413 
-0.766 30.425 
-0.846 35.899 
-0.847 35.941 
-0.853 36.003 
-0.853 36.003 
-0.853 36.003 
-0.853 36.003 
-0.853 36.003 
-0.861 36.103 
-0.873 41.771 
-0.846 35.899 
-0.846 35.899 
-0.846 35.899 
-0.845 35.531 
-0.879 50.891 
-0.87 36.287 
-0.853 36.003 
-0.843 31.589 
-0.883 52.085 
-0.88 51.114 
-0.786 30.566 
-0.808 30.814 
