-0.881 53.109 
-0.669 23.642 
-0.864 52.596 
-0.715 26.325 
-0.863 47.661 
-0.672 24.069 
-0.839 45.982 
-0.729 28.804 
-0.817 40.281 
-0.807 37.059 
-0.859 47.18 
-0.838 43.106 
-0.694 25.045 
-0.768 34.437 
-0.741 29.804 
-0.835 42.537 
-0.848 46.439 
-0.729 28.804 
-0.752 30.665 
-0.788 36.017 
-0.698 25.47 
-0.707 25.629 
-0.788 36.017 
-0.761 33.589 
-0.76 32.124 
-0.762 33.76 
-0.775 34.752 
-0.807 37.059 
-0.847 46.261 
-0.817 40.281 
-0.872 53.085 
-0.795 36.184 
-0.738 29.4 
-0.752 30.665 
-0.775 34.752 
-0.804 36.511 
-0.827 40.888 
-0.796 36.369 
-0.709 26.034 
-0.831 41.49 
-0.82 40.699 
-0.694 25.045 
-0.756 31.64 
-0.87 52.855 
-0.695 25.179 
-0.805 36.739 
-0.774 34.739 
-0.831 41.49 
-0.756 31.64 
-0.738 29.4 
-0.838 43.106 
-0.759 32.039 
-0.83 41.229 
-0.863 47.661 
-0.709 26.034 
-0.87 52.855 
-0.74 29.739 
-0.828 40.926 
-0.757 31.86 
-0.819 40.506 
-0.774 34.739 
-0.839 45.982 
-0.864 52.596 
-0.819 40.506 
-0.829 41.115 
-0.82 40.699 
-0.757 31.86 
-0.739 29.571 
-0.739 29.571 
-0.872 53.085 
-0.804 36.511 
-0.796 36.369 
-0.829 41.115 
-0.839 45.982 
-0.694 25.045 
-0.796 36.369 
-0.788 36.017 
-0.788 36.017 
-0.872 53.085 
-0.864 52.596 
-0.752 30.665 
-0.796 36.369 
-0.796 36.369 
-0.872 53.085 
-0.709 26.034 
-0.864 52.596 
-0.788 36.017 
-0.709 26.034 
-0.829 41.115 
-0.788 36.017 
-0.775 34.752 
-0.788 36.017 
-0.804 36.511 
-0.829 41.115 
-0.788 36.017 
-0.788 36.017 
-0.807 37.059 
-0.804 36.511 
-0.709 26.034 
-0.788 36.017 
