-0.864 52.603 
-0.74 30.682 
-0.741 30.852 
-0.864 52.603 
-0.804 36.556 
-0.872 53.085 
-0.762 34.704 
-0.741 30.852 
-0.739 30.205 
-0.694 25.045 
-0.813 40.781 
-0.795 36.188 
-0.804 36.556 
-0.706 25.767 
-0.848 46.448 
-0.761 34.22 
-0.762 34.704 
-0.762 34.704 
-0.839 45.982 
-0.746 30.923 
-0.839 45.982 
-0.775 34.797 
-0.881 62.17 
-0.862 47.728 
-0.669 23.65 
-0.815 40.833 
-0.806 37.253 
-0.815 40.833 
-0.76 32.431 
-0.829 41.283 
-0.805 36.776 
-0.715 26.325 
-0.757 31.999 
-0.848 46.448 
-0.838 43.321 
-0.82 40.855 
-0.694 25.045 
-0.815 40.833 
-0.806 37.253 
-0.756 31.747 
-0.788 36.017 
-0.864 52.603 
-0.762 34.704 
-0.76 32.431 
-0.828 40.927 
-0.757 31.999 
-0.796 36.369 
-0.76 32.431 
-0.709 26.167 
-0.749 31.65 
-0.864 52.603 
-0.812 40.558 
-0.837 43.178 
-0.76 32.431 
-0.738 29.403 
-0.831 41.49 
