-0.638 24.467 
-0.856 57.244 
-0.668 24.822 
-0.84 51.451 
-0.67 27.809 
-0.826 44.615 
-0.831 46.189 
-0.793 39.102 
-0.785 35.979 
-0.836 49.639 
-0.716 28.539 
-0.854 55.332 
-0.691 28.329 
-0.815 41.395 
-0.731 30.252 
-0.728 29.379 
-0.749 30.962 
-0.686 27.856 
-0.757 33.697 
-0.752 31.196 
-0.769 34.934 
-0.854 55.332 
-0.808 40.188 
-0.716 28.539 
-0.855 55.381 
-0.761 34.834 
-0.839 50.882 
-0.815 41.395 
-0.838 49.869 
-0.798 39.897 
-0.73 29.642 
-0.777 35.069 
-0.829 45.31 
-0.814 41.184 
-0.76 34.072 
-0.749 30.962 
-0.731 30.252 
-0.795 39.384 
-0.757 33.697 
-0.752 31.196 
-0.688 27.974 
-0.796 39.496 
-0.83 45.626 
-0.751 31.155 
-0.809 40.281 
-0.812 40.713 
-0.827 44.929 
-0.689 28.177 
-0.827 44.929 
-0.779 35.209 
-0.783 35.833 
-0.83 45.626 
-0.797 39.799 
-0.69 28.258 
-0.811 40.59 
-0.798 39.897 
-0.81 40.566 
-0.812 40.713 
-0.759 34.004 
-0.758 33.784 
-0.782 35.627 
-0.781 35.415 
-0.691 28.329 
-0.782 35.627 
-0.67 27.809 
-0.783 35.833 
-0.777 35.069 
-0.78 35.326 
-0.761 34.834 
-0.797 39.799 
-0.778 35.119 
-0.781 35.415 
-0.78 35.326 
-0.758 33.784 
-0.759 34.004 
-0.778 35.119 
-0.855 55.381 
-0.81 40.566 
-0.815 41.395 
-0.749 30.962 
-0.83 45.626 
-0.812 40.713 
-0.782 35.627 
-0.81 40.566 
-0.783 35.833 
-0.777 35.069 
-0.798 39.897 
-0.78 35.326 
-0.778 35.119 
-0.855 55.381 
-0.815 41.395 
-0.83 45.626 
-0.812 40.713 
-0.782 35.627 
-0.81 40.566 
-0.777 35.069 
-0.78 35.326 
-0.778 35.119 
-0.855 55.381 
-0.855 55.381 
