-0.87 77.072 
-0.661 34.825 
-0.87 77.072 
-0.661 34.825 
-0.852 66.602 
-0.689 36.469 
-0.835 64.183 
-0.736 38.071 
-0.71 37.761 
-0.857 71.088 
-0.837 65.03 
-0.757 42.783 
-0.865 75.965 
-0.829 60.217 
-0.862 72.051 
-0.813 56.065 
-0.779 48.537 
-0.753 40.446 
-0.692 36.984 
-0.814 58.847 
-0.705 37.549 
-0.802 53.661 
-0.794 51.146 
-0.802 53.661 
-0.689 36.469 
-0.826 59.317 
-0.811 55.498 
-0.794 51.146 
-0.829 60.217 
-0.816 59.297 
-0.775 46.754 
-0.768 44.676 
-0.753 40.446 
-0.749 39.635 
-0.705 37.549 
-0.763 43.402 
-0.764 43.704 
-0.827 59.32 
-0.857 71.088 
-0.78 49.29 
-0.765 44.508 
-0.861 71.533 
-0.71 37.761 
-0.775 46.754 
-0.745 39.186 
-0.749 39.635 
-0.771 45.714 
-0.803 54.444 
-0.692 36.984 
-0.862 72.051 
-0.793 50.648 
-0.79 50.637 
-0.789 50.14 
-0.807 55.052 
-0.771 45.714 
-0.745 39.186 
-0.868 76.172 
-0.772 46.209 
-0.786 50.084 
-0.774 46.269 
-0.742 38.728 
-0.807 55.052 
-0.763 43.402 
-0.865 75.965 
-0.836 64.771 
-0.742 38.728 
-0.782 49.365 
-0.768 44.676 
-0.785 49.798 
-0.869 76.548 
-0.805 54.758 
-0.736 38.071 
-0.805 54.758 
-0.74 38.549 
-0.738 38.291 
-0.861 71.533 
-0.814 58.847 
-0.815 59.281 
-0.738 38.291 
-0.74 38.549 
-0.784 49.745 
-0.869 76.548 
-0.803 54.444 
-0.782 49.365 
-0.836 64.771 
-0.784 49.745 
-0.868 76.172 
-0.765 44.508 
-0.774 46.269 
-0.772 46.209 
-0.789 50.14 
-0.786 50.084 
-0.816 59.297 
-0.815 59.281 
-0.793 50.648 
-0.79 50.637 
-0.87 77.072 
-0.661 34.825 
-0.689 36.469 
-0.794 51.146 
