-0.87 77.072 
-0.661 34.825 
-0.87 77.072 
-0.661 34.825 
-0.853 66.549 
-0.835 62.068 
-0.71 37.761 
-0.688 36.463 
-0.736 38.071 
-0.859 70.965 
-0.865 75.965 
-0.862 72.051 
-0.837 65.03 
-0.757 42.783 
-0.753 40.445 
-0.692 36.911 
-0.814 58.847 
-0.813 56.065 
-0.836 64.771 
-0.705 37.549 
-0.853 66.549 
-0.771 45.686 
-0.79 49.704 
-0.816 59.297 
-0.829 60.153 
-0.826 59.317 
-0.777 48.217 
-0.688 36.463 
-0.761 43.279 
-0.793 50.648 
-0.768 44.535 
-0.807 55.051 
-0.806 54.105 
-0.859 70.965 
-0.837 65.03 
-0.799 52.953 
-0.765 44.507 
-0.753 40.445 
-0.749 39.581 
-0.795 51.113 
-0.775 46.754 
-0.705 37.549 
-0.785 48.807 
-0.798 51.856 
-0.829 60.153 
-0.779 48.537 
-0.802 53.661 
-0.797 51.73 
-0.71 37.761 
-0.757 42.783 
-0.869 76.444 
-0.692 36.911 
-0.749 39.581 
-0.828 59.758 
-0.745 39.151 
-0.862 72.051 
-0.811 55.498 
-0.788 49.241 
-0.764 43.65 
-0.802 53.661 
-0.745 39.151 
-0.772 46.209 
-0.799 52.953 
-0.775 46.754 
-0.774 46.268 
-0.868 76.172 
-0.785 48.807 
-0.794 50.668 
-0.815 59.281 
-0.788 49.241 
-0.742 38.728 
-0.865 75.965 
-0.742 38.728 
-0.86 71.492 
-0.777 48.217 
-0.861 71.533 
-0.736 38.071 
-0.74 38.549 
-0.738 38.254 
-0.779 48.537 
-0.763 43.402 
-0.811 55.498 
-0.807 55.051 
-0.806 54.105 
-0.689 36.469 
-0.827 59.32 
-0.814 58.847 
-0.768 44.535 
-0.689 36.469 
-0.738 38.254 
-0.74 38.549 
-0.812 55.807 
-0.836 64.771 
-0.813 56.065 
-0.812 55.807 
-0.764 43.65 
-0.868 76.172 
-0.763 43.402 
-0.774 46.268 
-0.772 46.209 
