-0.826 69.884 
-0.82 61.438 
-0.845 82.537 
-0.822 69.295 
-0.705 37.549 
-0.836 75.111 
-0.791 54.013 
-0.82 61.438 
-0.807 59.415 
-0.705 37.549 
-0.82 61.438 
-0.826 69.884 
-0.804 56.208 
-0.738 39.036 
-0.807 59.415 
-0.791 54.013 
-0.798 54.289 
-0.82 61.438 
-0.791 54.013 
-0.807 59.415 
-0.753 40.446 
-0.826 69.884 
-0.826 69.884 
-0.705 37.549 
-0.804 56.208 
-0.757 43.98 
-0.782 50.102 
-0.778 49.952 
-0.654 36.647 
-0.77 48.632 
-0.807 59.415 
-0.807 59.415 
-0.685 36.834 
-0.804 56.208 
-0.82 61.438 
-0.821 65.322 
-0.776 49.388 
-0.774 49.053 
-0.767 45.84 
-0.835 71.388 
-0.844 75.817 
-0.788 52.879 
-0.753 40.446 
-0.804 56.208 
-0.713 38.214 
-0.807 59.415 
-0.822 69.295 
