-0.871 59.013 
-0.658 26.423 
-0.871 59.013 
-0.658 26.423 
-0.854 50.218 
-0.845 49.462 
-0.674 27.744 
-0.793 37.993 
-0.823 48.058 
-0.674 27.744 
-0.822 43.487 
-0.704 30.386 
-0.801 42.249 
-0.749 33.275 
-0.854 50.218 
-0.764 36.276 
-0.704 30.386 
-0.828 48.235 
-0.764 36.276 
-0.821 43.074 
-0.749 33.275 
-0.767 36.993 
-0.732 33.033 
-0.746 33.181 
-0.719 31.891 
-0.78 37.252 
-0.828 48.235 
-0.712 30.564 
-0.81 42.851 
-0.726 32.045 
-0.793 37.993 
-0.785 37.521 
-0.809 42.675 
-0.716 31.401 
-0.801 42.249 
-0.728 32.761 
-0.803 42.606 
-0.705 30.467 
-0.716 31.401 
-0.785 37.521 
-0.712 30.564 
-0.766 36.66 
-0.746 33.181 
-0.732 33.033 
-0.822 43.487 
-0.729 32.866 
-0.782 37.426 
-0.766 36.66 
-0.726 32.045 
-0.802 42.307 
-0.78 37.252 
-0.767 36.993 
-0.81 42.851 
-0.823 48.058 
-0.729 32.866 
-0.705 30.467 
-0.782 37.426 
-0.781 37.342 
-0.781 37.342 
-0.803 42.606 
-0.802 42.307 
-0.658 26.423 
-0.871 59.013 
-0.854 50.218 
-0.704 30.386 
-0.764 36.276 
-0.749 33.275 
-0.828 48.235 
-0.801 42.249 
-0.712 30.564 
-0.746 33.181 
-0.732 33.033 
-0.81 42.851 
-0.726 32.045 
-0.78 37.252 
-0.823 48.058 
-0.729 32.866 
-0.705 30.467 
-0.781 37.342 
-0.803 42.606 
-0.802 42.307 
-0.822 43.487 
-0.871 59.013 
-0.658 26.423 
-0.704 30.386 
-0.764 36.276 
-0.801 42.249 
-0.781 37.342 
-0.712 30.564 
-0.746 33.181 
-0.732 33.033 
-0.81 42.851 
-0.78 37.252 
-0.828 48.235 
-0.823 48.058 
-0.729 32.866 
-0.705 30.467 
-0.803 42.606 
-0.802 42.307 
-0.822 43.487 
