-0.829 49.486 
-0.809 42.731 
-0.732 33.033 
-0.746 36.068 
-0.829 49.486 
-0.821 43.442 
-0.802 42.53 
-0.823 48.058 
-0.78 37.252 
-0.802 42.53 
-0.854 50.218 
-0.78 37.252 
-0.732 33.033 
-0.823 48.058 
-0.809 42.731 
-0.78 37.252 
-0.81 42.851 
-0.767 36.994 
-0.829 49.486 
-0.728 32.864 
-0.823 48.058 
-0.728 32.864 
-0.746 36.068 
-0.802 42.53 
-0.821 43.442 
-0.821 43.442 
-0.823 48.058 
-0.823 48.058 
-0.821 43.442 
-0.726 32.102 
-0.838 49.939 
-0.81 42.851 
-0.78 37.252 
-0.78 37.252 
-0.737 34.058 
-0.828 48.235 
-0.81 42.851 
-0.78 37.252 
-0.871 59.013 
-0.733 33.378 
-0.705 31.795 
-0.797 42.511 
-0.658 26.423 
-0.732 33.033 
-0.803 42.606 
-0.785 38.016 
-0.746 36.068 
-0.716 31.976 
-0.823 48.058 
-0.802 42.53 
-0.702 31.516 
-0.658 26.423 
-0.802 42.53 
-0.705 31.795 
-0.78 37.252 
-0.705 31.795 
-0.746 36.068 
-0.658 26.423 
-0.823 48.058 
-0.797 42.511 
-0.725 32.058 
-0.724 32.045 
-0.726 32.102 
-0.81 42.851 
-0.803 42.606 
-0.802 42.53 
-0.78 37.252 
-0.764 36.276 
-0.803 42.606 
-0.797 42.511 
-0.78 37.252 
-0.707 31.933 
-0.822 43.487 
-0.78 37.252 
-0.821 43.442 
-0.81 42.851 
-0.732 33.033 
-0.673 27.795 
-0.802 42.53 
-0.658 26.423 
-0.809 42.731 
-0.716 31.976 
-0.821 43.442 
-0.689 30.713 
