-0.821 60.303 
-0.653 23.501 
-0.821 60.303 
-0.68 27.133 
-0.82 50.778 
-0.664 25.004 
-0.741 30.494 
-0.783 39.788 
-0.742 33.914 
-0.701 28.794 
-0.787 43.108 
-0.81 49.198 
-0.805 45.076 
-0.764 34.542 
-0.765 37.955 
-0.789 43.726 
-0.801 44.128 
-0.779 38.471 
-0.766 38.25 
-0.73 30.189 
-0.732 30.252 
-0.718 29.772 
-0.72 30.009 
-0.709 29.743 
-0.755 34.222 
-0.702 29.338 
-0.818 50.245 
-0.701 28.794 
-0.75 34.069 
-0.81 49.198 
-0.762 34.298 
-0.709 29.743 
-0.813 49.934 
-0.753 34.138 
-0.78 38.784 
-0.782 39.03 
-0.805 45.076 
-0.802 44.716 
-0.819 50.593 
-0.75 34.069 
-0.812 49.779 
-0.788 43.641 
-0.763 34.328 
-0.702 29.338 
-0.801 44.128 
-0.72 30.009 
-0.812 49.779 
-0.813 49.934 
-0.804 44.985 
-0.765 37.955 
-0.804 44.985 
-0.802 44.716 
-0.782 39.03 
-0.779 38.471 
-0.766 38.25 
-0.82 50.778 
-0.742 33.914 
-0.788 43.641 
-0.762 34.298 
-0.81 49.198 
-0.709 29.743 
-0.805 45.076 
-0.765 37.955 
-0.813 49.934 
-0.702 29.338 
-0.72 30.009 
-0.812 49.779 
-0.801 44.128 
-0.804 44.985 
-0.782 39.03 
-0.779 38.471 
-0.766 38.25 
-0.788 43.641 
-0.81 49.198 
-0.709 29.743 
-0.805 45.076 
-0.813 49.934 
-0.702 29.338 
-0.812 49.779 
-0.779 38.471 
-0.766 38.25 
-0.788 43.641 
-0.702 29.338 
-0.81 49.198 
-0.709 29.743 
-0.805 45.076 
-0.813 49.934 
-0.812 49.779 
-0.766 38.25 
-0.702 29.338 
-0.81 49.198 
-0.709 29.743 
-0.805 45.076 
-0.813 49.934 
-0.812 49.779 
-0.709 29.743 
-0.709 29.743 
-0.805 45.076 
-0.709 29.743 
-0.81 49.198 
