-0.828 56.363 
-0.653 23.492 
-0.828 56.363 
-0.821 55.494 
-0.736 29.764 
-0.709 29.737 
-0.747 33.759 
-0.82 50.732 
-0.81 49.198 
-0.805 44.997 
-0.664 24.991 
-0.679 25.825 
-0.765 37.953 
-0.764 34.384 
-0.742 30.488 
-0.787 42.627 
-0.783 39.788 
-0.789 43.719 
-0.664 24.991 
-0.691 28.708 
-0.68 27.133 
-0.701 28.78 
-0.758 33.779 
-0.8 44.004 
-0.779 38.465 
-0.77 38.409 
-0.702 29.329 
-0.687 28.358 
-0.783 39.788 
-0.81 49.198 
-0.68 27.133 
-0.687 28.358 
-0.709 29.737 
-0.805 44.997 
-0.689 28.398 
-0.813 49.934 
-0.742 30.488 
-0.741 30.35 
-0.821 55.494 
-0.788 42.85 
-0.818 50.202 
-0.679 25.825 
-0.766 38.209 
-0.787 42.627 
-0.736 29.764 
-0.747 33.759 
-0.782 39.018 
-0.762 34.17 
-0.804 44.813 
-0.77 38.409 
-0.741 30.35 
-0.812 49.774 
-0.803 44.437 
-0.82 50.732 
-0.819 50.313 
-0.702 29.329 
-0.812 49.774 
-0.76 33.938 
-0.803 44.437 
-0.801 44.125 
-0.801 44.125 
-0.8 44.004 
-0.789 43.719 
-0.818 50.202 
-0.813 49.934 
-0.765 37.953 
-0.78 38.704 
-0.76 33.938 
-0.788 42.85 
-0.766 38.209 
-0.782 39.018 
-0.781 38.82 
-0.763 34.327 
-0.759 33.787 
-0.781 38.82 
-0.78 38.704 
-0.819 50.313 
-0.701 28.78 
-0.764 34.384 
-0.763 34.327 
-0.779 38.465 
-0.759 33.787 
-0.828 56.363 
-0.664 24.991 
-0.783 39.788 
-0.81 49.198 
-0.68 27.133 
-0.687 28.358 
-0.709 29.737 
-0.805 44.997 
-0.679 25.825 
-0.787 42.627 
-0.736 29.764 
-0.77 38.409 
-0.741 30.35 
-0.702 29.329 
-0.812 49.774 
-0.801 44.125 
-0.8 44.004 
-0.789 43.719 
