-0.821 60.303 
-0.653 23.501 
-0.821 60.303 
-0.82 50.8 
-0.664 25.004 
-0.68 27.134 
-0.742 33.915 
-0.68 27.134 
-0.741 30.495 
-0.759 34.774 
-0.702 29.338 
-0.765 37.955 
-0.787 43.429 
-0.81 49.198 
-0.805 45.076 
-0.783 39.794 
-0.801 44.128 
-0.702 29.338 
-0.779 38.472 
-0.766 38.25 
-0.753 34.14 
-0.789 43.768 
-0.819 50.604 
-0.721 30.204 
-0.732 30.26 
-0.73 30.205 
-0.81 49.198 
-0.782 39.03 
-0.709 29.743 
-0.783 39.794 
-0.72 30.01 
-0.813 49.934 
-0.802 44.716 
-0.709 29.743 
-0.78 38.787 
-0.715 29.97 
-0.805 45.076 
-0.756 34.54 
-0.713 29.854 
-0.756 34.54 
-0.813 49.934 
-0.753 34.14 
-0.812 49.779 
-0.788 43.641 
-0.732 30.26 
-0.812 49.779 
-0.789 43.768 
-0.713 29.854 
-0.803 44.985 
-0.715 29.97 
-0.741 30.495 
-0.742 33.915 
-0.779 38.472 
-0.766 38.25 
-0.73 30.205 
-0.82 50.8 
-0.804 44.989 
-0.804 44.989 
-0.803 44.985 
-0.721 30.204 
-0.756 34.54 
-0.742 33.915 
-0.68 27.134 
-0.742 33.915 
-0.73 30.205 
-0.756 34.54 
-0.715 29.97 
-0.756 34.54 
-0.783 39.794 
-0.783 39.794 
-0.742 33.915 
-0.713 29.854 
-0.732 30.26 
-0.715 29.97 
-0.68 27.134 
-0.742 33.915 
-0.756 34.54 
-0.742 33.915 
-0.783 39.794 
-0.742 33.915 
-0.783 39.794 
-0.715 29.97 
-0.742 33.915 
-0.783 39.794 
-0.73 30.205 
-0.709 29.743 
-0.73 30.205 
-0.721 30.204 
-0.803 44.985 
-0.756 34.54 
-0.742 33.915 
-0.756 34.54 
-0.756 34.54 
-0.756 34.54 
-0.732 30.26 
-0.742 33.915 
-0.732 30.26 
-0.742 33.915 
-0.709 29.743 
-0.732 30.26 
