-0.872 58.284 
-0.673 27.274 
-0.673 27.274 
-0.872 58.284 
-0.742 29.216 
-0.855 47.58 
-0.698 28.372 
-0.871 53.041 
-0.83 40.811 
-0.836 46.071 
-0.761 33.917 
-0.813 35.623 
-0.856 52.437 
-0.759 30.214 
-0.821 40.203 
-0.811 35.23 
-0.745 30.178 
-0.691 27.646 
-0.791 35.1 
-0.773 34.235 
-0.787 34.416 
-0.773 34.235 
-0.845 46.577 
-0.845 46.577 
-0.698 28.372 
-0.823 40.526 
-0.821 40.203 
-0.693 27.996 
-0.742 29.216 
-0.864 52.895 
-0.863 52.756 
-0.829 40.551 
-0.84 46.377 
-0.84 46.377 
-0.837 46.24 
-0.812 35.556 
-0.863 52.756 
-0.856 52.437 
-0.759 30.214 
-0.79 34.91 
-0.787 34.416 
-0.692 27.825 
-0.789 34.754 
-0.788 34.576 
-0.692 27.825 
-0.788 34.576 
-0.79 34.91 
-0.789 34.754 
-0.864 52.895 
-0.837 46.24 
-0.791 35.1 
-0.812 35.556 
-0.829 40.551 
-0.872 58.284 
-0.673 27.274 
-0.773 34.235 
-0.845 46.577 
-0.821 40.203 
-0.742 29.216 
-0.692 27.825 
-0.837 46.24 
-0.863 52.756 
-0.864 52.895 
-0.787 34.416 
-0.788 34.576 
-0.79 34.91 
-0.791 35.1 
-0.812 35.556 
-0.829 40.551 
-0.673 27.274 
-0.773 34.235 
-0.845 46.577 
-0.692 27.825 
-0.837 46.24 
-0.864 52.895 
-0.788 34.576 
-0.79 34.91 
-0.791 35.1 
-0.773 34.235 
-0.845 46.577 
-0.692 27.825 
-0.837 46.24 
-0.788 34.576 
-0.791 35.1 
-0.864 52.895 
-0.837 46.24 
-0.791 35.1 
-0.773 34.235 
-0.837 46.24 
-0.837 46.24 
-0.837 46.24 
-0.837 46.24 
-0.837 46.24 
-0.837 46.24 
-0.837 46.24 
-0.837 46.24 
-0.791 35.1 
-0.791 35.1 
-0.773 34.235 
-0.837 46.24 
