-0.909 58.282 
-0.632 23.6 
-0.909 58.282 
-0.673 23.791 
-0.651 23.69 
-0.691 27.17 
-0.9 53.658 
-0.887 51.457 
-0.761 29.963 
-0.835 39.977 
-0.832 36.292 
-0.86 45.037 
-0.905 56.916 
-0.882 48.256 
-0.725 27.595 
-0.783 30.15 
-0.857 42.314 
-0.81 34.482 
-0.761 29.963 
-0.741 28.6 
-0.723 27.401 
-0.809 32.087 
-0.691 27.17 
-0.706 27.292 
-0.74 28.421 
-0.706 27.292 
-0.899 53.157 
-0.876 46.662 
-0.849 40.389 
-0.838 40.21 
-0.865 46.572 
-0.741 28.6 
-0.825 35.335 
-0.816 35.165 
-0.857 42.314 
-0.905 56.916 
-0.813 34.794 
-0.882 48.256 
-0.855 41.461 
-0.861 45.48 
-0.888 51.859 
-0.83 35.886 
-0.74 28.421 
-0.896 52.342 
-0.792 30.846 
-0.798 31.196 
-0.893 51.967 
-0.797 30.925 
-0.881 47.762 
-0.879 47.029 
-0.906 57.509 
-0.783 30.15 
-0.852 40.746 
-0.802 31.22 
-0.832 36.292 
-0.863 46.36 
-0.895 52.243 
-0.815 35.037 
-0.881 47.762 
-0.791 30.537 
-0.908 57.841 
-0.853 41.18 
-0.788 30.451 
-0.862 45.839 
-0.807 31.62 
-0.835 39.977 
-0.849 40.389 
-0.838 40.21 
-0.804 31.515 
-0.855 41.461 
-0.878 47.025 
-0.862 45.839 
-0.852 40.746 
-0.806 31.531 
-0.896 52.342 
-0.908 57.841 
-0.906 57.509 
-0.81 34.482 
-0.788 30.451 
-0.825 35.335 
-0.853 41.18 
-0.808 31.891 
-0.827 35.573 
-0.893 51.967 
-0.827 35.573 
-0.876 46.662 
-0.865 46.572 
-0.863 46.36 
-0.829 35.677 
-0.809 32.087 
-0.808 31.891 
-0.816 35.165 
-0.789 30.48 
-0.802 31.22 
-0.804 31.515 
-0.879 47.029 
-0.878 47.025 
-0.888 51.859 
-0.828 35.667 
-0.797 30.925 
