-0.705 30.751 
-0.835 52.352 
-0.835 52.352 
-0.705 30.751 
-0.82 52.219 
-0.762 35.834 
-0.818 46.934 
-0.81 46.104 
-0.747 32.241 
-0.787 37.212 
-0.792 41.521 
-0.804 43.028 
-0.725 31.003 
-0.707 30.925 
-0.747 32.241 
-0.772 36.824 
-0.739 31.7 
-0.785 37.02 
-0.726 31.179 
-0.739 31.7 
-0.801 42.112 
-0.763 36.285 
-0.77 36.323 
-0.799 41.83 
-0.803 42.864 
-0.804 43.028 
-0.794 41.715 
-0.816 46.449 
-0.787 37.212 
-0.792 41.521 
-0.726 31.179 
-0.785 37.02 
-0.817 46.572 
-0.816 46.449 
-0.82 52.219 
-0.771 36.537 
-0.771 36.537 
-0.793 41.682 
-0.817 46.572 
-0.706 30.827 
-0.725 31.003 
-0.707 30.925 
-0.706 30.827 
-0.763 36.285 
-0.793 41.682 
-0.705 30.751 
-0.835 52.352 
-0.747 32.241 
-0.804 43.028 
-0.787 37.212 
-0.817 46.572 
-0.816 46.449 
-0.726 31.179 
-0.707 30.925 
-0.771 36.537 
-0.725 31.003 
-0.705 30.751 
-0.747 32.241 
-0.787 37.212 
-0.817 46.572 
-0.816 46.449 
-0.707 30.925 
-0.771 36.537 
-0.725 31.003 
-0.705 30.751 
-0.747 32.241 
-0.817 46.572 
-0.707 30.925 
-0.816 46.449 
-0.771 36.537 
-0.707 30.925 
-0.707 30.925 
-0.705 30.751 
-0.705 30.751 
-0.705 30.751 
-0.816 46.449 
-0.705 30.751 
-0.816 46.449 
-0.705 30.751 
-0.707 30.925 
-0.705 30.751 
-0.705 30.751 
-0.707 30.925 
-0.816 46.449 
-0.705 30.751 
-0.771 36.537 
-0.705 30.751 
-0.705 30.751 
-0.705 30.751 
-0.817 46.572 
-0.707 30.925 
-0.705 30.751 
-0.707 30.925 
-0.707 30.925 
-0.707 30.925 
-0.705 30.751 
-0.705 30.751 
-0.705 30.751 
-0.705 30.751 
-0.705 30.751 
