P=? [ F (x=9&y=9&crashed=0) ]	R{"cost"}=? [ C<=100 ]
0.607	20.353
0.881	42.433
0.881	42.433
0.607	20.353
0.712	22.179
0.61	20.432
0.751	25.454
0.876	40.985
0.873	37.615
0.792	25.78
0.849	27.617
0.867	35.771
0.865	32.88
0.851	30.565
0.726	24.817
0.718	24.093
0.751	25.454
0.712	22.179
0.61	20.432
0.817	25.815
0.798	25.788
0.817	25.815
0.833	25.926
0.726	24.817
0.863	32.113
0.857	32.04
0.718	24.093
0.856	31.275
0.876	40.985
0.842	26.792
0.873	37.615
0.878	41.771
0.834	25.931
0.87	36.14
0.865	32.88
0.88	42.174
0.842	26.792
0.871	36.838
0.871	36.838
0.792	25.78
0.856	31.275
0.852	30.702
0.834	25.931
0.845	27.352
0.878	41.771
0.867	35.771
0.798	25.788
0.844	27.037
0.852	30.702
0.87	36.14
0.849	27.617
0.845	27.352
0.844	27.037
0.851	30.565
0.863	32.113
0.833	25.926
0.857	32.04
0.607	20.353
0.751	25.454
0.712	22.179
0.61	20.432
0.817	25.815
0.726	24.817
0.718	24.093
0.876	40.985
0.873	37.615
0.865	32.88
0.842	26.792
0.871	36.838
0.792	25.78
0.856	31.275
0.834	25.931
0.878	41.771
0.867	35.771
0.798	25.788
0.852	30.702
0.87	36.14
0.849	27.617
0.845	27.352
0.844	27.037
0.851	30.565
0.863	32.113
0.833	25.926
0.857	32.04
0.607	20.353
0.751	25.454
0.712	22.179
0.61	20.432
0.817	25.815
0.726	24.817
0.718	24.093
0.873	37.615
0.842	26.792
0.792	25.78
0.856	31.275
0.834	25.931
0.878	41.771
0.867	35.771
0.798	25.788
0.852	30.702
