P=? [ F (x=9&y=9&crashed=0) ]	R{"cost"}=? [ C<=100 ]
0.612	20.121
0.895	46.624
0.895	46.624
0.612	20.121
0.666	21.368
0.758	24.921
0.703	24.2
0.81	30.036
0.666	21.368
0.894	46.284
0.882	42.572
0.839	31.605
0.849	34.959
0.797	25.687
0.765	25.666
0.809	27.101
0.698	23.667
0.869	40.288
0.864	37.468
0.698	23.667
0.831	30.26
0.894	46.284
0.882	42.572
0.869	40.288
0.871	41.256
0.839	31.605
0.808	26.833
0.849	34.959
0.862	37.01
0.758	24.921
0.853	36.15
0.852	35.352
0.703	24.2
0.864	37.468
0.875	41.346
0.833	30.585
0.8	26.039
0.879	41.71
0.855	36.177
0.8	26.039
0.761	25.307
0.857	36.698
0.761	25.307
0.88	42.142
0.877	41.672
0.856	36.595
0.804	26.452
0.804	26.452
0.763	25.587
0.881	42.242
0.702	23.994
0.863	37.145
0.803	26.351
0.857	36.698
0.834	30.89
0.837	31.302
0.852	35.352
0.85	35.049
0.803	26.351
0.701	23.966
0.699	23.697
0.809	27.101
0.837	31.302
0.831	30.26
0.81	30.036
0.797	25.687
0.875	41.346
0.85	35.049
0.871	41.256
0.832	30.441
0.763	25.587
0.835	31.053
0.834	30.89
0.832	30.441
0.863	37.145
0.836	31.17
0.877	41.672
0.699	23.697
0.701	23.966
0.836	31.17
0.835	31.053
0.765	25.666
0.856	36.595
0.881	42.242
0.88	42.142
0.879	41.71
0.855	36.177
0.853	36.15
0.895	46.624
0.612	20.121
0.666	21.368
0.698	23.667
0.894	46.284
0.882	42.572
0.869	40.288
0.839	31.605
0.849	34.959
0.758	24.921
0.703	24.2
0.8	26.039
