-0.909 67.508 
-0.741 26.344 
-0.741 26.344 
-0.909 67.508 
-0.806 30.147 
-0.908 57.404 
-0.836 35.539 
-0.906 52.059 
-0.899 47.671 
-0.83 30.654 
-0.807 30.347 
-0.883 46.628 
-0.908 57.404 
-0.907 52.376 
-0.835 30.937 
-0.882 42.877 
-0.862 40.931 
-0.86 36.922 
-0.806 30.147 
-0.85 35.665 
-0.89 47.613 
-0.865 41.402 
-0.887 46.977 
-0.873 41.404 
-0.881 42.369 
-0.878 41.93 
-0.899 47.671 
-0.854 36.163 
-0.834 30.874 
-0.851 35.716 
-0.859 36.779 
-0.877 41.555 
-0.854 36.163 
-0.83 30.654 
-0.873 41.404 
-0.862 40.931 
-0.859 36.779 
-0.888 47.523 
-0.864 41.378 
-0.86 36.922 
-0.889 47.55 
-0.907 52.376 
-0.807 30.347 
-0.864 41.378 
-0.877 41.555 
-0.89 47.613 
-0.888 47.523 
-0.909 67.508 
-0.907 52.376 
-0.806 30.147 
-0.854 36.163 
-0.83 30.654 
-0.877 41.555 
-0.873 41.404 
-0.859 36.779 
-0.807 30.347 
-0.89 47.613 
-0.888 47.523 
-0.89 47.613 
-0.89 47.613 
-0.89 47.613 
-0.89 47.613 
-0.89 47.613 
-0.907 52.376 
-0.888 47.523 
-0.909 67.508 
-0.89 47.613 
-0.909 67.508 
-0.89 47.613 
-0.89 47.613 
-0.888 47.523 
-0.89 47.613 
-0.909 67.508 
-0.907 52.376 
-0.859 36.779 
-0.89 47.613 
-0.807 30.347 
-0.89 47.613 
-0.888 47.523 
-0.89 47.613 
-0.89 47.613 
-0.89 47.613 
-0.888 47.523 
-0.807 30.347 
-0.83 30.654 
-0.909 67.508 
-0.89 47.613 
-0.888 47.523 
-0.909 67.508 
-0.888 47.523 
-0.89 47.613 
-0.888 47.523 
-0.907 52.376 
-0.907 52.376 
-0.888 47.523 
-0.854 36.163 
-0.89 47.613 
-0.907 52.376 
-0.888 47.523 
-0.89 47.613 
