-0.889 57.588 
-0.661 23.377 
-0.881 52.943 
-0.839 46.176 
-0.888 57.456 
-0.87 52.141 
-0.863 47.79 
-0.816 40.104 
-0.677 23.761 
-0.807 37.063 
-0.838 43.234 
-0.675 23.602 
-0.768 32.137 
-0.723 28.467 
-0.71 26.075 
-0.776 34.924 
-0.788 35.673 
-0.692 24.709 
-0.723 28.467 
-0.8 35.731 
-0.85 46.254 
-0.71 26.075 
-0.736 28.899 
-0.728 28.803 
-0.662 23.394 
-0.77 33.878 
-0.786 35.431 
-0.872 52.885 
-0.807 37.063 
-0.74 29.582 
-0.816 40.104 
-0.825 40.262 
-0.87 52.141 
-0.863 47.79 
-0.747 29.638 
-0.88 52.897 
-0.858 46.732 
-0.754 31.462 
-0.85 46.254 
-0.753 30.83 
-0.757 31.564 
-0.888 57.456 
-0.766 31.906 
-0.696 24.908 
-0.692 24.709 
-0.724 28.714 
-0.832 42.01 
-0.83 41.123 
-0.701 25.007 
-0.75 30.058 
-0.704 25.238 
-0.738 29.32 
-0.748 29.801 
-0.763 31.764 
-0.699 24.959 
-0.761 31.596 
-0.786 35.431 
-0.693 24.761 
-0.709 25.926 
-0.804 36.453 
-0.774 34.591 
-0.771 33.991 
-0.835 42.61 
-0.803 36.256 
-0.706 25.599 
-0.834 42.344 
-0.826 40.394 
-0.705 25.338 
-0.802 36.033 
-0.833 42.2 
-0.775 34.633 
-0.858 46.732 
-0.828 40.767 
-0.801 35.905 
-0.805 36.708 
-0.771 33.991 
-0.871 52.536 
-0.862 47.417 
-0.871 52.536 
-0.774 34.591 
-0.832 42.01 
-0.838 43.234 
-0.837 42.899 
-0.752 30.504 
-0.806 36.743 
-0.762 31.639 
-0.83 41.123 
-0.707 25.753 
-0.86 47.167 
-0.859 46.897 
-0.751 30.323 
-0.77 33.878 
-0.739 29.323 
-0.827 40.634 
-0.662 23.394 
-0.829 40.957 
-0.752 30.504 
-0.751 30.323 
-0.836 42.79 
-0.707 25.753 
