-0.889 57.588 
-0.661 23.377 
-0.661 23.377 
-0.889 57.588 
-0.881 52.943 
-0.845 45.841 
-0.888 57.456 
-0.87 52.141 
-0.863 47.79 
-0.816 40.103 
-0.719 28.427 
-0.838 43.216 
-0.71 26.037 
-0.807 37.063 
-0.675 23.602 
-0.677 23.761 
-0.77 33.866 
-0.692 24.709 
-0.8 35.722 
-0.788 35.673 
-0.754 31.462 
-0.768 32.137 
-0.735 28.753 
-0.662 23.392 
-0.776 34.924 
-0.724 28.714 
-0.825 40.259 
-0.871 52.504 
-0.807 37.063 
-0.85 46.254 
-0.879 52.547 
-0.742 29.576 
-0.816 40.103 
-0.863 47.79 
-0.87 52.141 
-0.761 31.552 
-0.858 46.732 
-0.832 42.009 
-0.753 30.717 
-0.677 23.761 
-0.85 46.254 
-0.831 41.449 
-0.888 57.456 
-0.747 29.638 
-0.766 31.906 
-0.692 24.709 
-0.783 35.386 
-0.834 42.303 
-0.704 25.233 
-0.783 35.386 
-0.75 30.055 
-0.775 34.633 
-0.748 29.801 
-0.739 29.323 
-0.837 42.899 
-0.86 47.167 
-0.773 34.309 
-0.693 24.759 
-0.83 41.123 
-0.752 30.504 
-0.707 25.751 
-0.786 35.431 
-0.806 36.743 
-0.709 25.926 
-0.859 46.855 
-0.827 40.632 
-0.803 36.256 
-0.862 47.417 
-0.706 25.599 
-0.738 29.32 
-0.88 52.721 
-0.826 40.391 
-0.705 25.338 
-0.835 42.604 
-0.804 36.453 
-0.722 28.462 
-0.858 46.732 
-0.828 40.824 
-0.774 34.352 
-0.801 35.846 
-0.696 24.908 
-0.829 40.957 
-0.836 42.662 
-0.763 31.764 
-0.723 28.467 
-0.701 25.007 
-0.699 24.911 
-0.737 28.926 
-0.787 35.557 
-0.768 32.137 
-0.701 25.007 
-0.762 31.642 
-0.736 28.895 
-0.771 33.991 
-0.696 24.908 
-0.751 30.227 
-0.771 33.991 
-0.802 36.033 
-0.662 23.392 
-0.861 47.372 
