-0.735 25.716 
-0.88 62.652 
-0.735 25.716 
-0.747 29.016 
-0.872 62.429 
-0.871 57.243 
-0.87 57.03 
-0.863 52.297 
-0.761 29.867 
-0.851 50.737 
-0.846 46.489 
-0.756 29.568 
-0.834 44.73 
-0.829 41.497 
-0.816 40.011 
-0.805 37.318 
-0.805 37.318 
-0.816 40.011 
-0.862 51.777 
-0.822 40.924 
-0.863 52.297 
-0.773 32.005 
-0.768 31.787 
-0.782 33.609 
-0.79 35.499 
-0.784 33.949 
-0.775 32.272 
-0.767 31.287 
-0.87 57.03 
-0.827 41.213 
-0.855 51.661 
-0.784 33.949 
-0.782 33.609 
-0.775 32.272 
-0.79 35.499 
-0.844 46.016 
-0.801 36.667 
-0.854 51.52 
-0.767 31.287 
-0.846 46.489 
-0.839 45.88 
-0.834 44.73 
-0.829 41.497 
-0.819 40.064 
-0.851 50.737 
-0.797 36.284 
-0.852 50.743 
-0.845 46.139 
-0.803 36.973 
-0.804 37.123 
-0.802 36.764 
-0.838 45.576 
-0.837 45.067 
-0.821 40.42 
-0.797 36.284 
-0.792 35.762 
-0.836 44.992 
-0.838 45.576 
-0.792 35.762 
-0.836 44.992 
-0.852 50.743 
-0.82 40.318 
-0.872 62.429 
-0.871 57.243 
-0.828 41.388 
-0.796 36.125 
-0.795 35.963 
-0.796 36.125 
-0.839 45.88 
-0.855 51.661 
-0.828 41.388 
-0.821 40.42 
-0.82 40.318 
-0.793 35.841 
-0.837 45.067 
-0.794 35.913 
-0.793 35.841 
-0.795 35.963 
-0.794 35.913 
-0.735 25.716 
-0.805 37.318 
-0.816 40.011 
-0.767 31.287 
-0.79 35.499 
-0.846 46.489 
-0.834 44.73 
-0.829 41.497 
-0.851 50.737 
-0.797 36.284 
-0.792 35.762 
-0.836 44.992 
-0.852 50.743 
-0.871 57.243 
-0.855 51.661 
-0.839 45.88 
-0.828 41.388 
-0.821 40.42 
-0.82 40.318 
-0.837 45.067 
-0.795 35.963 
