-0.88 62.652 
-0.735 25.715 
-0.88 62.652 
-0.735 25.715 
-0.863 51.743 
-0.853 50.243 
-0.869 56.745 
-0.879 62.146 
-0.871 57.243 
-0.846 46.345 
-0.775 32.048 
-0.834 44.73 
-0.829 41.407 
-0.747 29.016 
-0.747 29.016 
-0.806 37.283 
-0.817 39.719 
-0.817 39.719 
-0.806 37.283 
-0.879 62.146 
-0.787 34.472 
-0.858 50.574 
-0.871 57.243 
-0.782 33.608 
-0.772 31.92 
-0.846 46.345 
-0.782 33.608 
-0.749 29.094 
-0.764 30.468 
-0.842 45.512 
-0.754 29.303 
-0.834 44.73 
-0.791 35.397 
-0.829 41.407 
-0.837 45.038 
-0.797 36.157 
-0.766 31.215 
-0.791 35.397 
-0.761 29.842 
-0.784 33.939 
-0.801 36.559 
-0.827 40.918 
-0.768 31.276 
-0.819 40.059 
-0.843 45.777 
-0.861 51.331 
-0.86 50.891 
-0.761 29.842 
-0.765 30.566 
-0.768 31.276 
-0.824 40.461 
-0.792 35.762 
-0.821 40.409 
-0.818 39.811 
-0.825 40.578 
-0.803 36.84 
-0.786 34.224 
-0.799 36.402 
-0.796 35.921 
-0.804 36.995 
-0.842 45.512 
-0.837 45.038 
-0.754 29.303 
-0.861 51.331 
-0.799 36.402 
-0.759 29.696 
-0.828 41.301 
-0.757 29.659 
-0.756 29.558 
-0.773 32.005 
-0.794 35.836 
-0.794 35.836 
-0.86 50.891 
-0.836 44.98 
-0.759 29.696 
-0.87 57.03 
-0.786 34.224 
-0.82 40.318 
-0.756 29.558 
-0.836 44.98 
-0.783 33.855 
-0.844 46.007 
-0.805 37.069 
-0.87 57.03 
-0.826 40.789 
-0.845 46.139 
-0.802 36.715 
-0.845 46.139 
-0.844 46.007 
-0.826 40.789 
-0.802 36.715 
-0.828 41.301 
-0.765 30.566 
-0.82 40.318 
-0.796 35.921 
-0.783 33.855 
-0.805 37.069 
-0.792 35.762 
-0.767 31.275 
-0.824 40.461 
