-0.878 51.387 
-0.722 24.518 
-0.838 36.983 
-0.801 31.629 
-0.85 40.573 
-0.852 40.864 
-0.862 45.697 
-0.795 31.212 
-0.869 46.867 
-0.812 34.806 
-0.731 27.14 
-0.818 35.403 
-0.729 27.029 
-0.781 30.305 
-0.812 34.806 
-0.743 28.73 
-0.756 29.218 
-0.862 45.697 
-0.852 40.864 
-0.741 28.529 
-0.773 29.909 
-0.741 28.529 
-0.869 46.867 
-0.824 35.595 
-0.763 29.553 
-0.78 29.985 
-0.83 36.619 
-0.771 29.8 
-0.729 27.029 
-0.763 29.553 
-0.863 46.051 
-0.757 29.379 
-0.781 30.305 
-0.868 46.7 
-0.743 28.73 
-0.868 46.7 
-0.863 46.051 
-0.756 29.218 
-0.826 36.022 
-0.828 36.24 
-0.771 29.8 
-0.83 36.619 
-0.825 35.762 
-0.829 36.493 
-0.828 36.24 
-0.826 36.022 
-0.757 29.379 
-0.825 35.762 
-0.829 36.493 
-0.78 29.985 
-0.869 46.867 
-0.729 27.029 
-0.741 28.529 
-0.852 40.864 
-0.781 30.305 
-0.868 46.7 
-0.863 46.051 
-0.756 29.218 
-0.771 29.8 
-0.83 36.619 
-0.828 36.24 
-0.826 36.022 
-0.757 29.379 
-0.825 35.762 
-0.829 36.493 
-0.78 29.985 
-0.869 46.867 
-0.863 46.051 
-0.729 27.029 
-0.741 28.529 
-0.852 40.864 
-0.781 30.305 
-0.868 46.7 
-0.756 29.218 
-0.83 36.619 
-0.771 29.8 
-0.826 36.022 
-0.757 29.379 
-0.825 35.762 
-0.829 36.493 
-0.78 29.985 
-0.863 46.051 
-0.729 27.029 
-0.741 28.529 
-0.852 40.864 
-0.781 30.305 
-0.83 36.619 
-0.826 36.022 
-0.757 29.379 
-0.757 29.379 
-0.826 36.022 
-0.83 36.619 
-0.862 45.697 
-0.812 34.806 
-0.83 36.619 
-0.825 35.762 
-0.863 46.051 
-0.741 28.529 
-0.83 36.619 
-0.781 30.305 
