-0.732 25.463 
-0.928 49.483 
-0.732 25.463 
-0.758 27.113 
-0.924 48.352 
-0.904 42.483 
-0.758 27.113 
-0.893 37.959 
-0.911 43.845 
-0.876 36.304 
-0.871 32.577 
-0.835 30.812 
-0.858 30.822 
-0.911 43.845 
-0.904 42.483 
-0.888 37.074 
-0.893 37.959 
-0.882 36.917 
-0.829 30.014 
-0.867 32.029 
-0.908 42.818 
-0.91 43.677 
-0.909 42.983 
-0.926 48.807 
-0.891 37.419 
-0.871 32.577 
-0.865 31.805 
-0.926 48.807 
-0.877 36.419 
-0.87 32.436 
-0.87 32.436 
-0.862 31.338 
-0.891 37.419 
-0.862 31.338 
-0.829 30.014 
-0.88 36.691 
-0.879 36.533 
-0.858 30.822 
-0.88 36.691 
-0.879 36.533 
-0.732 25.463 
-0.758 27.113 
-0.911 43.845 
-0.904 42.483 
-0.871 32.577 
-0.891 37.419 
-0.862 31.338 
-0.88 36.691 
-0.879 36.533 
-0.904 42.483 
-0.871 32.577 
-0.904 42.483 
-0.891 37.419 
-0.862 31.338 
-0.862 31.338 
-0.867 32.029 
-0.882 36.917 
-0.88 36.691 
-0.879 36.533 
-0.892 37.815 
-0.904 42.483 
-0.858 30.822 
-0.864 31.65 
-0.906 42.567 
-0.891 37.419 
-0.871 32.577 
-0.879 36.533 
-0.904 42.483 
-0.835 30.812 
-0.758 27.113 
-0.891 37.419 
-0.861 31.095 
-0.832 30.351 
-0.891 37.419 
-0.829 30.014 
-0.732 25.463 
-0.732 25.463 
-0.835 30.812 
-0.891 37.419 
-0.893 37.959 
-0.893 37.959 
-0.911 43.845 
-0.858 30.822 
-0.877 36.419 
-0.756 25.889 
-0.822 29.827 
-0.87 32.436 
-0.88 36.691 
-0.904 42.483 
-0.867 32.029 
-0.879 36.533 
-0.871 32.577 
-0.732 25.463 
-0.87 32.436 
-0.862 31.338 
-0.871 32.577 
-0.891 37.419 
-0.909 42.983 
