-0.577 28.227 
-0.81 76.394 
-0.7 37.203 
-0.757 49.813 
-0.795 69.555 
-0.771 55.592 
-0.598 30.485 
-0.652 32.714 
-0.776 59.979 
-0.796 75.127 
-0.595 29.0 
-0.682 35.713 
-0.743 45.952 
-0.774 59.841 
-0.623 31.655 
-0.721 41.321 
-0.749 49.617 
-0.781 64.205 
-0.789 65.685 
-0.727 44.733 
-0.661 34.905 
-0.758 54.442 
-0.643 31.877 
-0.626 31.837 
-0.797 75.738 
-0.708 40.537 
-0.792 69.17 
-0.665 35.376 
-0.712 40.787 
-0.647 31.983 
-0.72 40.854 
-0.736 45.251 
-0.765 55.562 
-0.597 29.64 
-0.735 44.821 
-0.762 55.345 
-0.708 40.537 
-0.623 31.655 
-0.689 35.952 
-0.728 44.804 
-0.75 49.784 
-0.781 64.205 
-0.598 30.485 
-0.694 36.684 
-0.664 35.154 
-0.741 45.794 
-0.792 69.17 
-0.785 64.744 
-0.741 45.794 
-0.759 54.737 
-0.796 75.127 
-0.759 54.737 
-0.787 65.254 
-0.785 64.744 
-0.693 36.612 
-0.694 36.684 
-0.692 36.354 
-0.787 65.254 
-0.795 69.555 
-0.786 64.904 
-0.665 35.376 
-0.691 36.302 
-0.69 36.252 
-0.758 54.442 
-0.689 35.952 
-0.786 64.904 
-0.69 36.252 
-0.75 49.784 
-0.665 35.376 
-0.598 30.485 
-0.665 35.376 
-0.796 75.127 
-0.785 64.744 
-0.785 64.744 
-0.785 64.744 
-0.785 64.744 
-0.785 64.744 
-0.665 35.376 
-0.665 35.376 
-0.665 35.376 
-0.785 64.744 
-0.781 64.205 
-0.759 54.737 
-0.785 64.744 
-0.785 64.744 
-0.785 64.744 
-0.785 64.744 
-0.787 65.254 
-0.759 54.737 
-0.787 65.254 
-0.598 30.485 
-0.741 45.794 
-0.795 69.555 
-0.785 64.744 
-0.785 64.744 
-0.785 64.744 
-0.795 69.555 
-0.787 65.254 
-0.787 65.254 
-0.787 65.254 
