P=? [ F (x=9&y=9&crashed=0) ]	R{"cost"}=? [ C<=100 ]
0.856	60.321
0.628	19.822
0.856	60.321
0.628	19.822
0.68	23.17
0.629	19.834
0.854	55.504
0.847	50.351
0.755	33.151
0.855	55.593
0.691	26.392
0.717	27.179
0.68	23.17
0.795	38.376
0.629	19.834
0.824	44.058
0.842	49.116
0.838	45.999
0.792	35.279
0.77	33.172
0.688	23.791
0.822	41.366
0.754	30.743
0.69	26.132
0.723	27.929
0.774	33.915
0.785	34.16
0.736	29.307
0.814	39.686
0.746	29.76
0.731	28.703
0.847	50.351
0.807	39.623
0.854	55.504
0.834	44.917
0.829	44.412
0.751	30.29
0.837	45.735
0.787	34.322
0.747	29.883
0.838	45.999
0.717	27.179
0.691	26.392
0.731	28.703
0.797	38.648
0.82	40.868
0.846	50.082
0.687	23.656
0.817	40.189
0.736	29.307
0.732	28.812
0.804	39.206
0.843	49.202
0.773	33.69
0.79	34.886
0.842	49.116
0.75	30.035
0.832	44.698
0.799	38.966
0.822	41.366
0.788	34.622
0.792	35.279
0.734	28.975
0.801	39.119
0.771	33.356
0.832	44.698
0.746	29.76
0.796	38.377
0.683	23.416
0.789	34.668
0.69	26.132
0.816	39.941
0.683	23.416
0.785	34.16
0.718	27.309
0.836	45.348
0.819	40.489
0.753	30.547
0.72	27.598
0.844	49.565
0.821	41.02
0.835	45.26
0.734	28.975
0.685	23.505
0.806	39.478
0.845	49.853
0.844	49.565
0.798	38.922
0.806	39.478
0.685	23.505
0.722	27.863
0.72	27.598
0.804	39.206
0.801	39.119
0.826	44.343
0.753	30.547
0.816	39.941
0.774	33.915
0.722	27.863
0.845	49.853
