-0.863 52.712 
-0.862 47.774 
-0.709 26.021 
-0.862 47.774 
-0.757 30.495 
-0.717 26.324 
-0.863 52.712 
-0.833 40.51 
-0.846 45.901 
-0.717 26.324 
-0.817 35.99 
-0.709 26.021 
-0.821 36.638 
-0.822 36.744 
-0.845 42.058 
-0.822 36.744 
-0.822 36.744 
-0.846 45.901 
-0.821 36.638 
-0.821 36.638 
-0.8 35.41 
-0.822 36.744 
-0.862 47.774 
-0.709 26.021 
-0.75 27.197 
-0.846 45.901 
-0.746 26.494 
-0.821 36.638 
-0.8 35.41 
-0.837 41.202 
-0.862 47.774 
-0.846 45.901 
-0.822 36.744 
-0.822 36.744 
-0.838 41.289 
-0.846 45.901 
-0.82 36.534 
-0.821 36.638 
-0.746 26.494 
-0.821 36.638 
-0.783 30.527 
-0.711 26.269 
-0.815 35.898 
-0.82 36.534 
-0.822 36.744 
-0.862 47.774 
-0.845 42.058 
-0.844 41.861 
-0.709 26.021 
-0.755 27.642 
-0.861 46.617 
-0.801 35.493 
-0.86 46.528 
-0.757 30.495 
-0.72 26.334 
-0.717 26.324 
-0.862 47.774 
-0.821 36.638 
-0.801 35.493 
-0.717 26.324 
-0.717 26.324 
-0.784 30.654 
-0.862 47.774 
-0.756 30.376 
-0.821 36.638 
-0.863 52.712 
-0.799 35.256 
-0.82 36.534 
-0.815 35.898 
-0.861 46.617 
-0.862 47.774 
-0.783 30.527 
-0.746 26.494 
-0.788 31.232 
-0.822 36.744 
-0.822 36.744 
-0.82 36.534 
-0.86 46.528 
-0.862 47.774 
-0.785 30.81 
-0.8 35.41 
-0.822 36.744 
