-0.837 75.255 
-0.837 75.255 
-0.635 34.867 
-0.835 62.101 
-0.731 38.562 
-0.695 38.542 
-0.819 60.332 
-0.813 55.989 
-0.797 54.235 
-0.74 42.563 
-0.775 48.773 
-0.659 37.908 
-0.747 43.329 
-0.767 43.758 
-0.772 44.578 
-0.656 37.768 
-0.679 38.039 
-0.79 49.408 
-0.656 37.768 
-0.795 51.163 
-0.68 38.042 
-0.819 60.332 
-0.813 55.989 
-0.779 49.277 
-0.74 42.563 
-0.797 54.235 
-0.747 43.329 
-0.771 44.256 
-0.794 50.834 
-0.767 43.758 
-0.794 50.834 
-0.775 48.773 
-0.79 49.408 
-0.779 49.277 
-0.772 44.578 
-0.795 51.163 
-0.68 38.042 
-0.679 38.039 
-0.656 37.768 
-0.747 43.329 
-0.819 60.332 
-0.813 55.989 
-0.772 44.578 
-0.767 43.758 
-0.775 48.773 
-0.794 50.834 
-0.79 49.408 
-0.779 49.277 
-0.795 51.163 
-0.68 38.042 
-0.656 37.768 
-0.68 38.042 
-0.819 60.332 
-0.772 44.578 
-0.767 43.758 
-0.775 48.773 
-0.779 49.277 
-0.656 37.768 
-0.68 38.042 
-0.819 60.332 
-0.772 44.578 
-0.767 43.758 
-0.775 48.773 
-0.779 49.277 
-0.656 37.768 
-0.775 48.773 
-0.775 48.773 
-0.656 37.768 
-0.775 48.773 
-0.767 43.758 
-0.775 48.773 
-0.656 37.768 
-0.775 48.773 
-0.775 48.773 
-0.772 44.578 
-0.775 48.773 
-0.656 37.768 
-0.775 48.773 
-0.767 43.758 
-0.656 37.768 
-0.767 43.758 
-0.775 48.773 
-0.775 48.773 
-0.772 44.578 
-0.775 48.773 
-0.656 37.768 
-0.656 37.768 
-0.68 38.042 
-0.775 48.773 
-0.767 43.758 
-0.775 48.773 
-0.775 48.773 
-0.779 49.277 
-0.775 48.773 
-0.775 48.773 
-0.68 38.042 
-0.656 37.768 
-0.775 48.773 
-0.656 37.768 
-0.775 48.773 
