-0.837 75.255 
-0.635 34.867 
-0.837 75.255 
-0.836 62.305 
-0.667 37.698 
-0.748 39.63 
-0.731 38.562 
-0.695 38.542 
-0.797 54.235 
-0.816 60.001 
-0.813 55.776 
-0.745 39.327 
-0.775 48.773 
-0.772 44.578 
-0.767 43.758 
-0.767 43.758 
-0.795 50.965 
-0.695 38.542 
-0.68 38.042 
-0.81 55.177 
-0.731 38.562 
-0.832 61.764 
-0.82 60.531 
-0.679 38.039 
-0.789 49.249 
-0.778 49.088 
-0.791 50.649 
-0.832 61.764 
-0.79 49.408 
-0.82 60.531 
-0.797 54.235 
-0.811 55.457 
-0.81 55.177 
-0.816 60.001 
-0.772 44.578 
-0.813 55.776 
-0.768 44.041 
-0.775 48.773 
-0.835 62.101 
-0.819 60.332 
-0.794 50.834 
-0.68 38.042 
-0.776 49.055 
-0.77 44.069 
-0.778 49.088 
-0.679 38.039 
-0.835 62.101 
-0.819 60.332 
-0.795 50.965 
-0.771 44.256 
-0.771 44.256 
-0.794 50.834 
-0.791 50.649 
-0.789 49.249 
-0.79 49.408 
-0.776 49.055 
-0.77 44.069 
-0.837 75.255 
-0.695 38.542 
-0.731 38.562 
-0.82 60.531 
-0.797 54.235 
-0.81 55.177 
-0.767 43.758 
-0.816 60.001 
-0.772 44.578 
-0.775 48.773 
-0.68 38.042 
-0.778 49.088 
-0.679 38.039 
-0.835 62.101 
-0.819 60.332 
-0.771 44.256 
-0.794 50.834 
-0.79 49.408 
-0.776 49.055 
-0.837 75.255 
-0.695 38.542 
-0.82 60.531 
-0.797 54.235 
-0.767 43.758 
-0.772 44.578 
-0.775 48.773 
-0.68 38.042 
-0.771 44.256 
-0.819 60.332 
-0.794 50.834 
-0.679 38.039 
-0.79 49.408 
-0.778 49.088 
-0.776 49.055 
-0.837 75.255 
-0.819 60.332 
-0.797 54.235 
-0.767 43.758 
-0.772 44.578 
-0.775 48.773 
-0.68 38.042 
-0.771 44.256 
-0.794 50.834 
