-0.83 50.812 
-0.83 50.812 
-0.642 23.268 
-0.674 25.213 
-0.814 45.742 
-0.795 39.574 
-0.765 33.907 
-0.813 41.446 
-0.829 50.659 
-0.828 46.871 
-0.764 30.273 
-0.794 35.797 
-0.695 26.833 
-0.726 28.366 
-0.695 26.833 
-0.655 24.005 
-0.662 25.003 
-0.745 29.177 
-0.757 29.255 
-0.738 28.582 
-0.707 27.532 
-0.655 24.005 
-0.805 40.208 
-0.717 28.129 
-0.823 46.282 
-0.772 34.008 
-0.662 25.003 
-0.777 34.785 
-0.713 27.671 
-0.762 29.976 
-0.785 35.115 
-0.779 35.04 
-0.708 27.662 
-0.707 27.532 
-0.805 40.208 
-0.795 39.574 
-0.758 29.48 
-0.714 27.973 
-0.825 46.607 
-0.823 46.282 
-0.717 28.129 
-0.774 34.234 
-0.807 40.665 
-0.788 35.126 
-0.811 41.184 
-0.775 34.367 
-0.778 35.035 
-0.759 29.733 
-0.761 29.741 
-0.785 35.115 
-0.739 28.781 
-0.809 40.732 
-0.744 29.022 
-0.764 30.273 
-0.792 35.632 
-0.806 40.369 
-0.81 40.889 
-0.792 35.632 
-0.79 35.345 
-0.775 34.367 
-0.742 29.001 
-0.741 28.87 
-0.824 46.342 
-0.828 46.871 
-0.825 46.607 
-0.813 41.446 
-0.811 41.184 
-0.773 34.015 
-0.79 35.345 
-0.738 28.582 
-0.806 40.369 
-0.81 40.889 
-0.714 27.973 
-0.793 35.782 
-0.789 35.275 
-0.741 28.87 
-0.739 28.781 
-0.757 29.255 
-0.779 35.04 
-0.789 35.275 
-0.809 40.732 
-0.807 40.665 
-0.824 46.342 
-0.744 29.022 
-0.742 29.001 
-0.794 35.797 
-0.793 35.782 
-0.788 35.126 
-0.713 27.671 
-0.708 27.662 
-0.761 29.741 
-0.759 29.733 
-0.773 34.015 
-0.83 50.812 
-0.655 24.005 
-0.695 26.833 
-0.823 46.282 
-0.707 27.532 
-0.795 39.574 
-0.714 27.973 
