-0.83 50.812 
-0.642 23.268 
-0.642 23.268 
-0.83 50.812 
-0.814 45.583 
-0.795 39.574 
-0.765 33.907 
-0.813 41.445 
-0.829 50.659 
-0.828 46.811 
-0.764 30.273 
-0.794 35.797 
-0.674 25.184 
-0.695 26.833 
-0.674 25.184 
-0.655 24.005 
-0.662 25.002 
-0.739 28.581 
-0.805 40.206 
-0.757 29.253 
-0.726 28.366 
-0.695 26.833 
-0.745 29.177 
-0.655 24.005 
-0.779 35.039 
-0.726 28.366 
-0.717 28.129 
-0.823 46.282 
-0.699 27.26 
-0.707 27.532 
-0.787 35.052 
-0.662 25.002 
-0.713 27.671 
-0.772 34.008 
-0.708 27.662 
-0.811 41.18 
-0.823 46.282 
-0.795 39.574 
-0.777 34.506 
-0.714 27.973 
-0.825 46.607 
-0.717 28.129 
-0.761 29.739 
-0.809 40.723 
-0.807 40.665 
-0.697 27.125 
-0.699 27.26 
-0.759 29.733 
-0.762 29.967 
-0.778 34.695 
-0.764 30.273 
-0.762 29.967 
-0.744 29.022 
-0.792 35.632 
-0.806 40.369 
-0.81 40.886 
-0.741 28.87 
-0.792 35.632 
-0.79 35.345 
-0.697 27.125 
-0.775 34.367 
-0.742 29.0 
-0.741 28.87 
-0.707 27.532 
-0.824 46.342 
-0.812 41.443 
-0.758 29.48 
-0.758 29.48 
-0.79 35.345 
-0.774 34.234 
-0.773 34.015 
-0.828 46.811 
-0.825 46.607 
-0.778 34.695 
-0.81 40.886 
-0.806 40.369 
-0.714 27.973 
-0.793 35.782 
-0.789 35.268 
-0.788 35.126 
-0.775 34.367 
-0.774 34.234 
-0.772 34.008 
-0.765 33.907 
-0.789 35.268 
-0.745 29.177 
-0.788 35.126 
-0.824 46.342 
-0.807 40.665 
-0.744 29.022 
-0.742 29.0 
-0.794 35.797 
-0.793 35.782 
-0.787 35.052 
-0.713 27.671 
-0.708 27.662 
-0.773 34.015 
-0.759 29.733 
-0.812 41.443 
-0.83 50.812 
