-0.83 50.812 
-0.83 50.812 
-0.658 22.541 
-0.814 45.311 
-0.765 33.907 
-0.662 25.002 
-0.828 46.811 
-0.805 40.206 
-0.796 36.264 
-0.813 41.445 
-0.829 50.659 
-0.764 30.273 
-0.695 26.833 
-0.674 25.184 
-0.674 25.184 
-0.739 28.581 
-0.726 28.366 
-0.745 29.177 
-0.756 29.195 
-0.695 26.833 
-0.779 35.038 
-0.726 28.366 
-0.805 40.206 
-0.7 27.485 
-0.787 35.052 
-0.823 46.282 
-0.796 36.264 
-0.717 28.129 
-0.707 27.532 
-0.772 33.988 
-0.823 46.282 
-0.814 45.311 
-0.712 27.588 
-0.707 27.532 
-0.662 25.002 
-0.795 36.222 
-0.825 46.607 
-0.759 29.533 
-0.739 28.581 
-0.742 28.86 
-0.763 30.251 
-0.714 27.972 
-0.697 27.125 
-0.742 28.86 
-0.812 41.439 
-0.794 35.796 
-0.807 40.628 
-0.773 34.013 
-0.699 27.26 
-0.789 35.245 
-0.761 29.739 
-0.777 34.484 
-0.778 34.692 
-0.809 40.723 
-0.744 29.022 
-0.713 27.671 
-0.697 27.125 
-0.775 34.366 
-0.762 29.955 
-0.811 41.179 
-0.81 40.886 
-0.792 35.632 
-0.79 35.345 
-0.824 46.342 
-0.79 35.345 
-0.811 41.179 
-0.806 40.369 
-0.792 35.632 
-0.717 28.129 
-0.758 29.48 
-0.757 29.253 
-0.774 34.233 
-0.762 29.955 
-0.778 34.692 
-0.761 29.739 
-0.828 46.811 
-0.825 46.607 
-0.716 28.11 
-0.81 40.886 
-0.806 40.369 
-0.744 29.022 
-0.829 50.659 
-0.716 28.11 
-0.714 27.972 
-0.699 27.26 
-0.774 34.233 
-0.788 35.126 
-0.777 34.484 
-0.775 34.366 
-0.809 40.723 
-0.807 40.628 
-0.793 35.723 
-0.713 27.671 
-0.772 33.988 
-0.765 33.907 
-0.788 35.126 
-0.794 35.796 
-0.793 35.723 
-0.824 46.342 
-0.757 29.253 
