-0.806 40.372 
-0.812 44.86 
-0.741 28.876 
-0.809 44.688 
-0.778 35.255 
-0.775 34.541 
-0.813 45.794 
-0.638 24.237 
-0.809 44.688 
-0.762 33.936 
-0.739 28.782 
-0.809 44.688 
-0.709 28.325 
-0.778 35.255 
-0.824 46.347 
-0.778 35.255 
-0.778 35.255 
-0.739 28.782 
-0.807 40.671 
-0.806 40.372 
-0.778 35.255 
-0.774 34.324 
-0.638 24.237 
-0.76 29.811 
-0.824 46.347 
-0.794 39.454 
-0.707 27.537 
-0.778 35.255 
-0.795 39.831 
-0.83 51.008 
-0.812 44.86 
-0.777 34.996 
-0.789 35.462 
-0.744 29.033 
-0.739 28.782 
-0.725 28.366 
