P=? [ F (x=9&y=9&crashed=0) ]	R{"cost"}=? [ C<=100 ]
0.647	20.689
0.89	47.998
0.89	47.998
0.647	20.689
0.672	21.429
0.819	34.795
0.753	25.575
0.672	21.429
0.77	29.181
0.857	40.516
0.883	46.606
0.881	43.256
0.701	24.011
0.856	37.196
0.701	24.011
0.808	32.177
0.728	25.128
0.704	24.402
0.753	25.575
0.723	24.708
0.836	34.92
0.77	29.181
0.746	25.206
0.773	29.497
0.789	29.754
0.821	34.915
0.808	32.177
0.789	29.754
0.796	29.831
0.726	24.723
0.872	42.136
0.864	41.805
0.84	35.533
0.876	42.303
0.798	30.034
0.846	35.768
0.723	24.708
0.862	41.439
0.86	40.931
0.85	36.213
0.888	47.493
0.886	46.987
0.874	42.168
0.802	31.232
0.801	30.745
0.8	30.514
0.748	25.225
0.748	25.225
0.854	36.893
0.862	41.439
0.807	32.167
0.872	42.136
0.847	35.772
0.803	31.521
0.853	36.616
0.881	43.256
0.8	30.514
0.849	35.983
0.863	41.781
0.884	46.761
0.885	46.832
0.888	47.493
0.864	41.805
0.878	42.527
0.806	31.842
0.703	24.196
0.798	30.034
0.86	40.931
0.859	40.736
0.704	24.402
0.838	35.133
0.802	31.232
0.889	47.719
0.851	36.378
0.805	31.68
0.88	43.018
0.879	42.745
0.886	46.987
0.883	46.606
0.773	29.497
0.853	36.616
0.851	36.378
0.88	43.018
0.846	35.768
0.84	35.533
0.856	37.196
0.855	36.963
0.772	29.377
0.801	30.745
0.889	47.719
0.878	42.527
0.859	40.736
0.857	40.516
0.879	42.745
0.839	35.317
0.838	35.133
0.849	35.983
0.772	29.377
0.746	25.206
0.728	25.128
