-0.672 26.658 
-0.872 59.762 
-0.672 26.658 
-0.712 30.342 
-0.871 54.589 
-0.844 53.873 
-0.673 27.512 
-0.838 47.871 
-0.801 42.107 
-0.757 35.561 
-0.76 36.041 
-0.816 42.421 
-0.834 46.809 
-0.798 38.655 
-0.727 32.754 
-0.851 54.215 
-0.743 32.948 
-0.788 38.068 
-0.715 31.642 
-0.673 27.512 
-0.83 45.181 
-0.777 37.935 
-0.822 43.566 
-0.747 33.633 
-0.826 44.705 
-0.796 38.29 
-0.727 32.754 
-0.773 37.207 
-0.82 43.169 
-0.838 47.871 
-0.747 33.633 
-0.715 31.642 
-0.851 54.215 
-0.744 33.45 
-0.773 37.207 
-0.774 37.209 
-0.798 38.655 
-0.801 42.107 
-0.777 37.935 
-0.828 44.926 
-0.828 44.926 
-0.774 37.209 
-0.747 33.633 
-0.747 33.633 
-0.747 33.633 
-0.747 33.633 
-0.747 33.633 
-0.747 33.633 
-0.747 33.633 
-0.747 33.633 
-0.747 33.633 
-0.747 33.633 
-0.747 33.633 
-0.838 47.871 
-0.747 33.633 
-0.747 33.633 
-0.747 33.633 
-0.838 47.871 
-0.747 33.633 
-0.747 33.633 
-0.838 47.871 
-0.747 33.633 
-0.673 27.512 
-0.747 33.633 
-0.747 33.633 
-0.747 33.633 
-0.747 33.633 
-0.747 33.633 
-0.747 33.633 
-0.747 33.633 
-0.673 27.512 
-0.851 54.215 
-0.838 47.871 
-0.747 33.633 
-0.851 54.215 
-0.838 47.871 
-0.747 33.633 
-0.747 33.633 
-0.747 33.633 
-0.747 33.633 
-0.747 33.633 
-0.801 42.107 
-0.747 33.633 
-0.747 33.633 
-0.747 33.633 
-0.747 33.633 
-0.747 33.633 
-0.747 33.633 
-0.747 33.633 
-0.838 47.871 
-0.747 33.633 
-0.747 33.633 
-0.747 33.633 
-0.747 33.633 
-0.838 47.871 
-0.747 33.633 
-0.747 33.633 
-0.747 33.633 
-0.747 33.633 
-0.777 37.935 
