-0.839 58.577 
-0.752 37.44 
-0.846 59.761 
-0.767 37.945 
-0.829 53.366 
-0.765 37.899 
-0.768 39.234 
-0.71 31.59 
-0.796 47.555 
-0.765 37.899 
-0.793 44.14 
-0.784 42.534 
-0.767 37.945 
-0.767 37.945 
-0.768 39.234 
-0.789 43.149 
-0.783 42.325 
-0.822 48.52 
-0.741 36.284 
-0.831 54.044 
-0.846 59.761 
-0.791 43.842 
-0.765 37.899 
-0.789 43.149 
-0.835 54.283 
-0.767 37.945 
-0.758 37.541 
-0.732 33.371 
-0.691 30.553 
-0.776 40.048 
-0.796 47.555 
-0.772 39.61 
-0.765 37.899 
-0.766 37.912 
-0.819 47.647 
-0.695 31.098 
-0.768 39.234 
-0.752 37.44 
-0.783 42.325 
-0.765 37.899 
-0.767 37.945 
-0.793 44.14 
-0.765 37.899 
-0.846 59.761 
