-0.71 31.59 
-0.822 48.52 
-0.732 33.371 
-0.691 30.553 
-0.776 40.048 
-0.695 31.098 
-0.776 40.048 
-0.762 37.515 
-0.732 33.371 
-0.852 54.878 
-0.691 30.553 
-0.732 33.371 
-0.854 59.856 
-0.775 38.191 
-0.776 40.048 
-0.747 33.633 
-0.691 30.553 
-0.776 40.048 
-0.844 53.873 
-0.846 54.72 
-0.732 33.371 
-0.871 64.377 
-0.757 35.563 
-0.77 37.603 
-0.794 42.675 
-0.732 33.371 
-0.732 33.371 
-0.732 33.371 
-0.775 38.191 
-0.79 42.367 
-0.783 42.278 
-0.695 31.098 
-0.82 43.232 
-0.747 33.633 
-0.71 31.59 
-0.831 49.296 
