-0.71 31.59 
-0.732 33.371 
-0.691 30.553 
-0.695 31.098 
-0.732 33.371 
-0.852 54.878 
-0.691 30.553 
-0.732 33.371 
-0.775 38.191 
-0.747 33.633 
-0.691 30.553 
-0.844 53.873 
-0.846 54.72 
-0.732 33.371 
-0.871 64.377 
-0.757 35.563 
-0.732 33.371 
-0.732 33.371 
-0.732 33.371 
-0.775 38.191 
-0.695 31.098 
-0.82 43.232 
-0.747 33.633 
-0.71 31.59 
-0.864 59.19 
-0.695 31.098 
-0.732 33.371 
-0.732 33.371 
-0.71 31.59 
-0.757 35.563 
-0.747 33.633 
-0.846 54.72 
-0.691 30.553 
-0.732 33.371 
-0.801 42.19 
-0.824 48.389 
-0.67 26.768 
-0.834 48.754 
-0.732 33.371 
-0.732 33.371 
-0.732 33.371 
-0.777 38.219 
-0.774 37.436 
-0.757 35.563 
-0.811 42.526 
-0.837 51.924 
-0.711 32.296 
-0.775 38.191 
