-0.747 33.633 
-0.844 53.873 
-0.747 33.633 
-0.747 33.633 
-0.747 33.633 
-0.87 59.164 
-0.747 33.633 
-0.747 33.633 
-0.838 47.871 
-0.759 36.233 
-0.747 33.633 
-0.747 33.633 
-0.747 33.633 
-0.851 54.215 
-0.747 33.633 
-0.853 54.695 
-0.747 33.633 
-0.712 30.342 
-0.673 27.512 
-0.87 59.164 
-0.747 33.633 
-0.838 47.871 
-0.747 33.633 
-0.747 33.633 
-0.747 33.633 
-0.838 47.871 
-0.828 44.926 
-0.747 33.633 
-0.778 38.549 
-0.747 33.633 
-0.838 47.871 
-0.747 33.633 
-0.673 27.512 
-0.672 26.658 
-0.747 33.633 
-0.801 42.107 
-0.87 59.164 
-0.747 33.633 
-0.773 37.207 
-0.747 33.633 
-0.854 55.048 
-0.747 33.633 
-0.747 33.633 
-0.747 33.633 
-0.747 33.633 
-0.673 27.512 
-0.851 54.215 
-0.759 36.233 
-0.743 32.948 
-0.838 47.871 
-0.798 38.655 
-0.747 33.633 
-0.834 46.809 
-0.851 54.215 
-0.838 47.871 
-0.747 33.633 
-0.747 33.633 
-0.747 33.633 
-0.747 33.633 
-0.747 33.633 
-0.83 45.181 
-0.801 42.107 
-0.747 33.633 
-0.747 33.633 
-0.87 59.164 
-0.759 36.233 
-0.811 42.469 
-0.759 36.233 
-0.747 33.633 
-0.727 32.754 
-0.798 38.655 
-0.747 33.633 
-0.759 36.233 
-0.872 59.762 
-0.82 43.169 
-0.87 59.164 
-0.757 35.561 
-0.777 37.935 
-0.747 33.633 
-0.759 36.233 
-0.774 37.209 
-0.826 44.705 
-0.672 26.658 
-0.853 54.695 
-0.87 59.164 
-0.747 33.633 
-0.747 33.633 
-0.759 36.233 
-0.838 47.871 
-0.822 43.566 
-0.715 31.642 
-0.747 33.633 
-0.747 33.633 
-0.747 33.633 
