P=? [ F (x=9&y=9&crashed=0) ]	R{"cost"}=? [ C<=100 ]
0.615	19.396
0.882	85.672
0.615	19.396
0.882	85.672
0.881	71.624
0.862	61.419
0.855	51.002
0.616	19.424
0.652	22.721
0.879	71.208
0.871	66.289
0.695	25.208
0.674	23.713
0.826	39.463
0.652	22.721
0.864	61.786
0.873	66.713
0.853	50.638
0.846	46.167
0.845	45.717
0.838	41.609
0.788	34.376
0.817	34.845
0.784	31.02
0.759	29.507
0.802	34.564
0.822	36.07
0.616	19.424
0.745	29.45
0.759	29.507
0.773	29.836
0.712	25.486
0.701	25.47
0.742	29.361
0.732	26.622
0.695	25.208
0.732	26.622
0.742	29.361
0.792	34.499
0.801	34.527
0.835	40.928
0.662	23.102
0.846	46.167
0.845	45.717
0.67	23.45
0.838	41.609
0.864	61.786
0.855	51.002
0.853	50.638
0.862	61.419
0.659	22.736
0.723	25.828
0.873	66.713
0.674	23.713
0.83	40.763
0.779	30.252
0.818	35.303
0.701	25.47
0.718	25.808
0.729	26.186
0.784	31.02
0.673	23.613
0.822	36.07
0.788	34.376
0.67	23.45
0.773	29.836
0.725	25.903
0.792	34.499
0.821	35.944
0.776	29.853
0.863	61.547
0.854	50.768
0.837	41.263
0.827	40.038
0.82	35.62
0.828	40.098
0.729	26.186
0.725	25.903
0.782	30.728
0.781	30.54
0.716	25.637
0.829	40.348
0.731	26.596
0.716	25.637
0.714	25.494
0.66	22.844
0.777	29.976
0.662	23.102
0.837	41.263
0.82	35.62
0.745	29.45
0.782	30.728
0.872	66.422
0.781	30.54
0.817	34.845
0.802	34.564
0.777	29.976
0.731	26.596
0.743	29.383
0.718	25.808
