-0.647 23.887 
-0.872 61.18 
-0.647 23.887 
-0.691 24.764 
-0.864 60.637 
-0.863 55.672 
-0.791 38.573 
-0.855 54.888 
-0.763 32.862 
-0.696 27.387 
-0.854 50.902 
-0.672 24.74 
-0.79 35.062 
-0.842 49.669 
-0.838 46.087 
-0.825 44.04 
-0.716 28.234 
-0.822 41.352 
-0.74 28.684 
-0.659 23.963 
-0.752 30.429 
-0.727 28.616 
-0.7 27.659 
-0.659 23.963 
-0.712 27.677 
-0.672 24.74 
-0.752 30.429 
-0.727 28.616 
-0.77 33.494 
-0.8 38.597 
-0.75 30.191 
-0.772 33.737 
-0.778 33.805 
-0.862 55.627 
-0.804 39.32 
-0.746 30.146 
-0.765 33.103 
-0.838 46.087 
-0.85 50.308 
-0.809 39.361 
-0.846 50.205 
-0.829 44.565 
-0.833 45.151 
-0.833 45.151 
-0.829 44.565 
-0.862 55.627 
-0.855 54.888 
-0.869 60.906 
-0.842 49.669 
-0.788 34.547 
-0.845 49.935 
-0.871 60.949 
-0.825 44.04 
-0.744 29.3 
-0.822 41.352 
-0.837 45.733 
-0.778 33.805 
-0.765 33.103 
-0.742 28.917 
-0.782 34.019 
-0.7 27.659 
-0.79 35.062 
-0.714 27.902 
-0.853 50.826 
-0.869 60.906 
-0.835 45.413 
-0.819 40.681 
-0.827 44.3 
-0.827 44.3 
-0.813 39.991 
-0.745 29.725 
-0.788 34.547 
-0.786 34.288 
-0.802 38.849 
-0.745 29.725 
-0.811 39.614 
-0.786 34.288 
-0.784 34.041 
-0.742 28.917 
-0.714 27.902 
-0.744 29.3 
-0.782 34.019 
-0.852 50.629 
-0.843 49.861 
-0.852 50.629 
-0.816 40.349 
-0.815 40.215 
-0.864 60.637 
-0.85 50.308 
-0.836 45.681 
-0.835 45.413 
-0.812 39.731 
-0.818 40.607 
-0.816 40.349 
-0.803 39.063 
-0.821 41.108 
-0.818 40.607 
-0.821 41.108 
-0.82 40.873 
-0.772 33.737 
