-0.719 31.651 
-0.9 54.821 
-0.719 31.651 
-0.861 47.123 
-0.875 48.439 
-0.879 53.535 
-0.85 43.215 
-0.773 36.246 
-0.825 38.619 
-0.829 41.891 
-0.771 33.659 
-0.786 37.071 
-0.749 31.902 
-0.806 37.072 
-0.767 32.84 
-0.731 31.734 
-0.751 32.172 
-0.846 42.301 
-0.821 37.824 
-0.832 42.163 
-0.731 31.734 
-0.85 43.215 
-0.809 37.71 
-0.783 36.467 
-0.872 47.775 
-0.891 54.577 
-0.864 47.693 
-0.875 48.439 
-0.889 54.171 
-0.825 38.619 
-0.863 47.609 
-0.767 32.84 
-0.751 32.172 
-0.847 42.562 
-0.769 33.462 
-0.883 53.994 
-0.848 42.95 
-0.879 53.535 
-0.829 41.891 
-0.873 47.864 
-0.808 37.707 
-0.807 37.156 
-0.823 38.082 
-0.785 36.744 
-0.89 54.486 
-0.773 36.246 
-0.88 53.745 
-0.83 42.099 
-0.769 33.462 
-0.832 42.163 
-0.891 54.577 
-0.783 36.467 
-0.882 53.903 
-0.873 47.864 
-0.823 38.082 
-0.784 36.665 
-0.889 54.171 
-0.883 53.994 
-0.822 37.997 
-0.849 43.042 
-0.882 53.903 
-0.88 53.745 
-0.846 42.301 
-0.809 37.71 
-0.849 43.042 
-0.822 37.997 
-0.807 37.156 
-0.864 47.693 
-0.784 36.665 
-0.83 42.099 
-0.808 37.707 
-0.875 48.439 
-0.825 38.619 
-0.767 32.84 
-0.879 53.535 
-0.829 41.891 
-0.85 43.215 
-0.773 36.246 
-0.769 33.462 
-0.832 42.163 
-0.891 54.577 
-0.783 36.467 
-0.873 47.864 
-0.823 38.082 
-0.883 53.994 
-0.88 53.745 
-0.846 42.301 
-0.809 37.71 
-0.849 43.042 
-0.822 37.997 
-0.864 47.693 
-0.784 36.665 
-0.808 37.707 
-0.875 48.439 
-0.825 38.619 
-0.767 32.84 
-0.769 33.462 
-0.879 53.535 
-0.829 41.891 
-0.85 43.215 
