-0.719 31.651 
-0.9 54.821 
-0.9 54.821 
-0.719 31.651 
-0.853 46.752 
-0.879 53.535 
-0.875 48.391 
-0.85 43.215 
-0.825 38.619 
-0.829 41.891 
-0.749 31.901 
-0.869 47.104 
-0.806 37.069 
-0.785 36.744 
-0.771 33.659 
-0.773 36.052 
-0.731 31.734 
-0.751 32.172 
-0.767 32.839 
-0.845 42.157 
-0.83 42.099 
-0.819 37.62 
-0.731 31.734 
-0.807 37.156 
-0.774 36.326 
-0.783 36.465 
-0.891 54.577 
-0.899 54.585 
-0.888 53.818 
-0.88 53.625 
-0.825 38.619 
-0.767 32.839 
-0.89 54.333 
-0.751 32.172 
-0.771 33.659 
-0.769 33.037 
-0.874 48.371 
-0.889 53.91 
-0.853 46.752 
-0.829 41.891 
-0.819 37.62 
-0.823 38.066 
-0.873 47.864 
-0.879 53.535 
-0.807 37.156 
-0.85 43.215 
-0.822 37.981 
-0.875 48.391 
-0.773 36.052 
-0.848 42.815 
-0.847 42.475 
-0.872 47.774 
-0.871 47.443 
-0.769 33.037 
-0.806 37.069 
-0.785 36.744 
-0.821 37.789 
-0.87 47.41 
-0.847 42.475 
-0.846 42.245 
-0.849 43.042 
-0.848 42.815 
-0.823 38.066 
-0.784 36.663 
-0.888 53.818 
-0.88 53.625 
-0.849 43.042 
-0.821 37.789 
-0.783 36.465 
-0.774 36.326 
-0.873 47.864 
-0.872 47.774 
-0.846 42.245 
-0.784 36.663 
-0.83 42.099 
-0.871 47.443 
-0.87 47.41 
-0.899 54.585 
-0.891 54.577 
-0.9 54.821 
-0.719 31.651 
-0.731 31.734 
-0.825 38.619 
-0.767 32.839 
-0.751 32.172 
-0.771 33.659 
-0.829 41.891 
-0.879 53.535 
-0.807 37.156 
-0.85 43.215 
-0.773 36.052 
-0.769 33.037 
-0.806 37.069 
-0.785 36.744 
-0.848 42.815 
-0.873 47.864 
-0.888 53.818 
-0.88 53.625 
-0.849 43.042 
-0.821 37.789 
