-0.899 65.0 
-0.718 32.354 
-0.766 34.079 
-0.865 54.08 
-0.898 64.737 
-0.899 65.0 
-0.766 34.079 
-0.848 47.853 
-0.766 34.079 
-0.837 44.123 
-0.766 34.079 
-0.897 64.378 
-0.848 47.853 
-0.766 34.079 
-0.899 65.0 
-0.769 36.211 
-0.766 34.079 
-0.769 36.211 
-0.899 65.0 
-0.741 33.493 
-0.832 43.368 
-0.861 48.56 
-0.864 49.094 
-0.766 34.079 
-0.865 54.08 
-0.766 34.079 
-0.766 34.079 
-0.805 37.637 
-0.899 65.0 
-0.848 47.853 
-0.766 34.079 
-0.856 47.87 
-0.766 34.079 
-0.832 43.368 
-0.766 34.079 
-0.766 34.079 
-0.882 54.304 
-0.841 47.638 
-0.766 34.079 
-0.766 34.079 
-0.766 34.079 
-0.766 34.079 
-0.766 34.079 
-0.881 54.097 
-0.823 38.604 
-0.805 37.637 
-0.899 65.0 
-0.769 36.211 
-0.766 34.079 
-0.825 38.709 
-0.793 37.617 
-0.899 65.0 
-0.766 34.079 
-0.819 38.218 
-0.766 34.079 
-0.77 36.29 
-0.821 38.543 
-0.899 65.0 
-0.805 37.637 
-0.766 34.079 
-0.718 32.354 
-0.862 48.649 
-0.766 34.079 
-0.766 34.079 
