-0.787 27.417 
-0.943 50.696 
-0.787 27.417 
-0.926 45.318 
-0.847 35.875 
-0.892 39.231 
-0.807 30.902 
-0.8 30.892 
-0.928 49.132 
-0.829 31.235 
-0.898 43.092 
-0.839 32.273 
-0.883 38.101 
-0.874 37.936 
-0.8 30.892 
-0.916 44.398 
-0.862 36.67 
-0.935 50.187 
-0.839 32.273 
-0.863 36.913 
-0.856 36.295 
-0.871 37.778 
-0.887 38.515 
-0.871 37.778 
-0.849 36.108 
-0.908 44.152 
-0.915 44.219 
-0.929 49.188 
-0.856 36.295 
-0.916 44.398 
-0.898 43.092 
-0.863 36.913 
-0.838 31.913 
-0.836 31.709 
-0.834 31.512 
-0.933 49.6 
-0.889 39.081 
-0.9 43.238 
-0.935 50.187 
-0.904 43.725 
-0.933 49.6 
-0.934 49.79 
-0.832 31.481 
-0.888 38.702 
-0.849 36.108 
-0.832 31.481 
-0.899 43.236 
-0.906 43.789 
-0.902 43.492 
-0.902 43.492 
-0.907 43.93 
-0.934 49.79 
-0.888 38.702 
-0.89 39.112 
-0.907 43.93 
-0.903 43.625 
-0.89 39.112 
-0.903 43.625 
-0.915 44.219 
-0.908 44.152 
-0.906 43.789 
-0.8 30.892 
-0.871 37.778 
-0.916 44.398 
-0.832 31.481 
-0.89 39.112 
-0.933 49.6 
-0.888 38.702 
-0.934 49.79 
-0.903 43.625 
-0.907 43.93 
-0.915 44.219 
-0.908 44.152 
-0.832 31.481 
-0.832 31.481 
-0.933 49.6 
-0.933 49.6 
-0.888 38.702 
-0.907 43.93 
-0.907 43.93 
-0.832 31.481 
-0.916 44.398 
-0.934 49.79 
-0.933 49.6 
-0.832 31.481 
-0.933 49.6 
-0.907 43.93 
-0.888 38.702 
-0.888 38.702 
-0.832 31.481 
-0.934 49.79 
-0.888 38.702 
-0.871 37.778 
-0.933 49.6 
-0.933 49.6 
-0.832 31.481 
-0.933 49.6 
-0.933 49.6 
-0.934 49.79 
-0.907 43.93 
