-0.778 26.743 
-0.945 50.804 
-0.945 50.804 
-0.778 26.743 
-0.787 27.415 
-0.827 30.802 
-0.861 33.564 
-0.896 43.018 
-0.894 38.484 
-0.863 36.881 
-0.927 48.915 
-0.926 45.279 
-0.787 27.415 
-0.862 33.605 
-0.827 30.802 
-0.839 32.115 
-0.839 32.115 
-0.943 50.386 
-0.785 27.208 
-0.939 50.019 
-0.87 37.45 
-0.933 49.426 
-0.909 43.533 
-0.903 43.233 
-0.892 38.374 
-0.886 38.27 
-0.87 37.45 
-0.88 37.782 
-0.785 27.208 
-0.863 36.881 
-0.944 50.752 
-0.834 31.507 
-0.837 31.704 
-0.938 49.926 
-0.924 45.043 
-0.92 44.552 
-0.876 37.695 
-0.92 44.552 
-0.924 45.043 
-0.93 49.169 
-0.925 45.048 
-0.918 44.488 
-0.912 43.87 
-0.833 31.295 
-0.901 43.12 
-0.83 31.191 
-0.828 30.847 
-0.917 44.313 
-0.898 43.044 
-0.884 38.082 
-0.909 43.533 
-0.903 43.233 
-0.875 37.641 
-0.874 37.575 
-0.93 49.169 
-0.893 38.429 
-0.936 49.813 
-0.926 45.279 
-0.884 38.082 
-0.882 37.856 
-0.917 44.313 
-0.915 44.088 
-0.911 43.645 
-0.881 37.829 
-0.915 44.088 
-0.914 44.018 
-0.919 44.544 
-0.838 31.91 
-0.838 31.91 
-0.894 38.484 
-0.837 31.704 
-0.834 31.507 
-0.828 30.847 
-0.882 37.856 
-0.897 43.019 
-0.885 38.243 
-0.935 49.717 
-0.934 49.567 
-0.914 44.018 
-0.912 43.87 
-0.872 37.523 
-0.831 31.192 
-0.83 31.191 
-0.896 43.018 
-0.934 49.567 
-0.929 49.028 
-0.936 49.813 
-0.892 38.374 
-0.886 38.27 
-0.833 31.295 
-0.831 31.192 
-0.935 49.717 
-0.876 37.695 
-0.901 43.12 
-0.898 43.044 
-0.91 43.608 
-0.872 37.523 
-0.929 49.028 
-0.928 48.971 
-0.902 43.176 
