-0.889 57.586 
-0.674 23.359 
-0.697 25.195 
-0.717 26.438 
-0.863 47.713 
-0.88 52.718 
-0.724 28.873 
-0.868 51.639 
-0.816 39.865 
-0.807 36.974 
-0.843 45.52 
-0.838 43.158 
-0.736 28.991 
-0.706 25.295 
-0.782 35.146 
-0.77 33.782 
-0.709 26.137 
-0.807 36.974 
-0.76 31.829 
-0.816 39.865 
-0.88 52.718 
-0.792 35.599 
-0.769 32.354 
-0.857 46.483 
-0.793 35.601 
-0.851 46.376 
-0.708 26.108 
-0.764 31.841 
-0.747 29.759 
-0.74 29.32 
-0.8 35.728 
-0.724 28.873 
-0.831 41.395 
-0.749 29.935 
-0.823 40.048 
-0.877 52.302 
-0.832 42.003 
-0.871 52.027 
-0.78 34.675 
-0.838 43.158 
-0.759 30.979 
-0.737 29.165 
-0.843 45.52 
-0.74 29.32 
-0.868 51.639 
-0.767 32.013 
-0.753 29.993 
-0.804 36.359 
-0.755 30.207 
-0.83 41.119 
-0.782 35.146 
-0.747 29.759 
-0.775 34.047 
-0.858 46.693 
-0.825 40.169 
-0.847 46.119 
-0.835 42.48 
-0.805 36.712 
-0.772 34.039 
-0.86 47.023 
-0.802 36.047 
-0.768 32.067 
-0.827 40.571 
-0.859 46.898 
-0.828 40.8 
-0.829 40.901 
-0.834 42.361 
-0.758 30.81 
-0.756 30.338 
-0.849 46.131 
-0.803 36.206 
-0.779 34.605 
-0.792 35.599 
-0.869 51.74 
-0.87 51.927 
-0.806 36.745 
-0.771 33.999 
-0.878 52.473 
-0.845 45.706 
-0.777 34.167 
-0.844 45.653 
-0.758 30.81 
-0.826 40.466 
-0.756 30.338 
-0.769 32.354 
-0.824 40.06 
-0.776 34.139 
-0.836 42.757 
-0.877 52.302 
-0.871 52.027 
-0.706 25.295 
-0.778 34.365 
-0.862 47.495 
-0.861 47.257 
-0.861 47.257 
-0.846 45.886 
-0.862 47.495 
-0.753 29.993 
-0.837 42.943 
-0.778 34.365 
