P=? [ F (x=9&y=9&crashed=0) ]	R{"cost"}=? [ C<=100 ]
0.713	22.085
0.929	99.296
0.929	99.296
0.713	22.085
0.928	49.331
0.731	25.73
0.776	25.809
0.817	25.937
0.776	25.809
0.84	26.213
0.817	25.937
0.851	30.677
0.919	43.83
0.888	36.963
0.902	42.406
0.875	32.929
0.868	31.798
0.888	36.963
0.875	32.929
0.9	38.433
0.851	30.677
0.84	26.213
0.858	31.34
0.725	22.531
0.723	22.43
0.908	42.843
0.916	43.411
0.919	43.83
0.872	32.862
0.725	22.531
0.892	37.848
0.731	25.73
0.898	38.357
0.856	30.977
0.906	42.419
0.89	37.769
0.87	32.069
0.916	43.411
0.908	42.843
0.898	38.357
0.892	37.848
0.858	31.34
0.723	22.43
0.856	30.977
0.87	32.069
0.89	37.769
0.9	38.433
0.918	43.803
0.918	43.803
0.906	42.419
0.902	42.406
0.929	99.296
0.713	22.085
0.776	25.809
0.817	25.937
0.875	32.929
0.888	36.963
0.851	30.677
0.84	26.213
0.919	43.83
0.725	22.531
0.731	25.73
0.87	32.069
0.916	43.411
0.908	42.843
0.898	38.357
0.892	37.848
0.858	31.34
0.723	22.43
0.856	30.977
0.89	37.769
0.9	38.433
0.918	43.803
0.906	42.419
0.902	42.406
0.929	99.296
0.713	22.085
0.776	25.809
0.817	25.937
0.875	32.929
0.888	36.963
0.851	30.677
0.84	26.213
0.725	22.531
0.731	25.73
0.87	32.069
0.916	43.411
0.908	42.843
0.898	38.357
0.892	37.848
0.858	31.34
0.723	22.43
0.856	30.977
0.89	37.769
0.9	38.433
0.918	43.803
0.906	42.419
0.902	42.406
0.929	99.296
0.713	22.085
