-0.945 58.81 
-0.779 25.727 
-0.779 25.727 
-0.945 58.81 
-0.935 53.087 
-0.927 52.844 
-0.846 32.146 
-0.919 47.709 
-0.823 30.283 
-0.796 30.244 
-0.782 26.004 
-0.795 30.223 
-0.86 36.695 
-0.906 46.205 
-0.9 42.293 
-0.877 36.807 
-0.888 41.141 
-0.883 37.971 
-0.85 34.743 
-0.782 26.004 
-0.795 30.223 
-0.919 47.709 
-0.836 31.492 
-0.858 35.96 
-0.927 52.844 
-0.906 46.205 
-0.916 46.883 
-0.897 41.48 
-0.89 41.454 
-0.85 34.743 
-0.909 46.781 
-0.9 42.293 
-0.888 41.141 
-0.883 37.971 
-0.898 41.752 
-0.907 46.767 
-0.855 35.744 
-0.829 30.595 
-0.825 30.35 
-0.836 31.492 
-0.853 35.391 
-0.834 31.019 
-0.854 35.452 
-0.917 47.161 
-0.881 37.653 
-0.917 47.161 
-0.832 30.946 
-0.853 35.391 
-0.825 30.35 
-0.879 37.521 
-0.878 37.128 
-0.835 31.387 
-0.899 42.097 
-0.878 37.128 
-0.86 36.695 
-0.909 46.781 
-0.83 30.682 
-0.882 37.936 
-0.832 30.946 
-0.83 30.682 
-0.829 30.595 
-0.823 30.283 
-0.855 35.744 
-0.899 42.097 
-0.889 41.259 
-0.889 41.259 
-0.877 36.807 
-0.835 31.387 
-0.916 46.883 
-0.88 37.619 
-0.879 37.521 
-0.834 31.019 
-0.796 30.244 
-0.882 37.936 
-0.88 37.619 
-0.897 41.48 
-0.89 41.454 
-0.907 46.767 
-0.779 25.727 
-0.945 58.81 
-0.782 26.004 
-0.795 30.223 
-0.927 52.844 
-0.919 47.709 
-0.9 42.293 
-0.888 41.141 
-0.883 37.971 
-0.853 35.391 
-0.855 35.744 
-0.917 47.161 
-0.825 30.35 
-0.878 37.128 
-0.86 36.695 
-0.909 46.781 
-0.88 37.619 
-0.832 30.946 
-0.83 30.682 
-0.829 30.595 
-0.823 30.283 
-0.882 37.936 
