-0.945 58.81 
-0.779 25.727 
-0.945 58.81 
-0.779 25.727 
-0.796 30.17 
-0.935 53.087 
-0.927 52.844 
-0.919 47.709 
-0.823 30.283 
-0.782 26.004 
-0.906 46.205 
-0.9 42.293 
-0.848 32.627 
-0.888 41.141 
-0.883 37.971 
-0.867 36.72 
-0.782 26.004 
-0.864 36.248 
-0.85 34.743 
-0.877 36.807 
-0.935 53.087 
-0.83 30.579 
-0.919 47.709 
-0.858 35.96 
-0.927 52.844 
-0.834 30.749 
-0.906 46.205 
-0.897 41.48 
-0.89 41.454 
-0.915 46.785 
-0.846 32.146 
-0.839 31.94 
-0.9 42.293 
-0.851 35.381 
-0.909 46.781 
-0.888 41.141 
-0.825 30.35 
-0.85 34.743 
-0.883 37.971 
-0.841 31.945 
-0.907 46.767 
-0.835 31.387 
-0.88 37.256 
-0.917 47.161 
-0.878 37.128 
-0.836 31.492 
-0.917 47.161 
-0.836 31.492 
-0.825 30.35 
-0.846 32.146 
-0.841 31.945 
-0.881 37.653 
-0.856 35.915 
-0.899 42.097 
-0.898 41.752 
-0.823 30.283 
-0.855 35.744 
-0.854 35.452 
-0.882 37.936 
-0.881 37.653 
-0.916 46.883 
-0.898 41.752 
-0.853 35.391 
-0.909 46.781 
-0.899 42.097 
-0.889 41.259 
-0.855 35.744 
-0.88 37.256 
-0.878 37.128 
-0.889 41.259 
-0.835 31.387 
-0.916 46.883 
-0.877 36.807 
-0.854 35.452 
-0.856 35.915 
-0.882 37.936 
-0.897 41.48 
-0.89 41.454 
-0.907 46.767 
-0.853 35.391 
-0.779 25.727 
-0.945 58.81 
-0.782 26.004 
-0.919 47.709 
-0.927 52.844 
-0.906 46.205 
-0.85 34.743 
-0.9 42.293 
-0.888 41.141 
-0.883 37.971 
-0.846 32.146 
-0.877 36.807 
-0.917 47.161 
-0.853 35.391 
-0.836 31.492 
-0.825 30.35 
-0.823 30.283 
-0.909 46.781 
-0.899 42.097 
-0.855 35.744 
