P=? [ F (x=9&y=9&crashed=0) ]	R{"cost"}=? [ C<=100 ]
0.695	21.623
0.927	58.212
0.927	58.212
0.695	21.623
0.717	25.23
0.784	25.363
0.919	53.177
0.885	42.869
0.708	21.911
0.891	46.59
0.909	52.1
0.803	26.455
0.714	24.967
0.903	48.802
0.804	29.693
0.869	40.459
0.868	37.681
0.903	48.802
0.795	25.576
0.843	34.673
0.842	32.788
0.915	52.686
0.784	25.363
0.858	37.229
0.902	47.266
0.807	29.895
0.817	29.979
0.883	41.698
0.875	41.659
0.909	52.1
0.818	30.076
0.827	30.527
0.898	46.681
0.866	37.321
0.708	21.911
0.884	41.796
0.714	24.967
0.891	46.59
0.795	25.576
0.8	26.013
0.839	32.092
0.871	40.939
0.848	35.446
0.855	36.316
0.831	31.064
0.857	36.906
0.874	41.562
0.839	32.092
0.855	36.316
0.853	35.753
0.834	31.085
0.901	47.162
0.899	47.042
0.841	32.582
0.829	30.691
0.856	36.787
0.827	30.527
0.818	30.076
0.844	34.794
0.872	41.036
0.8	26.013
0.837	31.663
0.851	35.516
0.803	26.455
0.801	26.043
0.852	35.616
0.87	40.555
0.841	32.582
0.837	31.663
0.873	41.228
0.828	30.613
0.853	35.753
0.916	52.955
0.917	53.056
0.805	29.789
0.83	30.934
0.835	31.328
0.807	29.895
0.846	35.199
0.845	34.962
0.842	32.788
0.836	31.458
0.868	37.681
0.873	41.228
0.867	37.489
0.801	26.043
0.845	34.962
0.867	37.489
0.847	35.352
0.846	35.199
0.836	31.458
0.83	30.934
0.835	31.328
0.917	53.056
0.843	34.673
0.899	47.042
0.856	36.787
0.805	29.789
0.902	47.266
0.916	52.955
