-0.675 24.901 
-0.847 65.848 
-0.839 50.149 
-0.728 28.539 
-0.701 25.874 
-0.822 45.497 
-0.829 48.693 
-0.679 25.319 
-0.699 25.475 
-0.79 38.504 
-0.739 29.277 
-0.754 29.29 
-0.771 33.46 
-0.76 29.931 
-0.789 35.103 
-0.771 33.46 
-0.76 29.931 
-0.831 49.766 
-0.838 50.015 
-0.813 43.354 
-0.807 41.298 
-0.812 43.272 
-0.806 41.044 
-0.82 43.591 
-0.821 43.985 
-0.805 39.616 
-0.803 39.021 
-0.797 38.896 
-0.807 41.298 
-0.795 38.611 
-0.676 25.097 
-0.786 34.818 
-0.731 28.836 
-0.782 34.812 
-0.812 43.272 
-0.735 28.838 
-0.772 33.616 
-0.804 39.171 
-0.775 34.28 
-0.774 33.841 
-0.679 25.319 
-0.83 49.265 
-0.83 49.265 
-0.759 29.844 
-0.805 39.616 
-0.757 29.555 
-0.821 43.985 
-0.73 28.75 
-0.737 29.048 
-0.777 34.346 
-0.735 28.838 
-0.82 43.591 
-0.774 33.841 
-0.73 28.75 
-0.7 25.685 
-0.737 29.048 
-0.796 38.814 
-0.7 25.685 
-0.738 29.092 
-0.699 25.475 
-0.758 29.707 
-0.755 29.436 
-0.758 29.707 
-0.803 39.021 
-0.797 38.896 
-0.78 34.611 
-0.779 34.488 
-0.781 34.732 
-0.78 34.611 
-0.779 34.488 
-0.778 34.369 
-0.795 38.611 
-0.79 38.504 
-0.788 35.022 
-0.787 34.917 
-0.787 34.917 
-0.756 29.519 
-0.755 29.436 
-0.796 38.814 
-0.789 35.103 
-0.788 35.022 
-0.781 34.732 
-0.777 34.346 
-0.775 34.28 
-0.738 29.092 
-0.756 29.519 
-0.778 34.369 
-0.76 29.931 
-0.807 41.298 
-0.812 43.272 
-0.679 25.319 
-0.805 39.616 
-0.82 43.591 
-0.73 28.75 
-0.737 29.048 
-0.699 25.475 
-0.758 29.707 
-0.79 38.504 
-0.789 35.103 
-0.788 35.022 
