P=? [ F (x=9&y=9&crashed=0) ]	R{"cost"}=? [ C<=100 ]
-0.0	0.0
0.919	97.459
-0.0	0.0
0.919	97.459
0.62	19.713
0.62	19.713
0.918	97.363
0.91	81.46
0.891	61.991
0.889	51.233
0.909	71.809
0.91	81.46
0.625	19.921
0.689	23.366
0.888	51.142
0.9	66.189
0.689	23.366
0.909	71.809
0.88	45.612
0.9	66.189
0.879	45.521
0.872	40.828
0.891	61.991
0.77	26.542
0.625	19.921
0.87	40.431
0.855	36.678
0.804	29.868
0.836	35.044
0.804	29.868
0.77	26.542
0.829	31.97
0.714	23.472
0.737	25.5
0.756	25.516
0.87	40.431
0.855	36.678
0.823	30.87
0.734	24.76
0.813	30.323
0.836	35.044
0.918	97.363
0.764	26.078
0.88	45.612
0.724	23.711
0.843	35.349
0.733	24.421
0.829	31.97
0.764	26.078
0.879	45.521
0.872	40.828
0.757	25.559
0.768	26.191
0.717	23.64
0.823	30.87
0.813	30.323
0.852	35.974
0.85	35.957
0.757	25.559
0.809	29.875
0.824	31.358
0.733	24.421
0.728	23.935
0.728	23.935
0.844	35.485
0.716	23.628
0.621	19.753
0.848	35.66
0.871	40.74
0.843	35.349
0.853	36.272
0.849	35.667
0.724	23.711
0.854	36.399
0.727	23.904
0.737	25.5
0.768	26.191
0.714	23.472
0.727	23.904
0.848	35.66
0.844	35.485
0.827	31.795
0.826	31.627
0.621	19.753
0.825	31.509
0.811	30.111
0.824	31.358
0.81	29.96
0.854	36.399
0.853	36.272
0.828	31.848
0.811	30.111
0.812	30.233
0.826	31.627
0.825	31.509
0.812	30.233
0.871	40.74
0.81	29.96
0.717	23.64
0.828	31.848
