-0.58 24.272 
-0.81 60.495 
-0.58 24.272 
-0.801 50.66 
-0.614 28.18 
-0.776 44.47 
-0.803 55.583 
-0.747 39.596 
-0.696 30.974 
-0.592 24.326 
-0.802 55.501 
-0.801 50.66 
-0.787 46.047 
-0.741 35.478 
-0.765 40.591 
-0.656 30.016 
-0.634 28.241 
-0.676 30.382 
-0.614 28.18 
-0.592 24.326 
-0.676 30.382 
-0.724 35.073 
-0.7 33.929 
-0.703 34.394 
-0.74 35.403 
-0.718 34.515 
-0.787 46.047 
-0.636 28.65 
-0.644 28.988 
-0.656 30.016 
-0.644 28.988 
-0.779 44.97 
-0.765 40.591 
-0.76 39.752 
-0.784 45.361 
-0.696 30.974 
-0.747 39.596 
-0.741 35.478 
-0.7 33.929 
-0.722 34.907 
-0.763 40.19 
-0.702 34.158 
-0.719 34.712 
-0.74 35.403 
-0.785 45.646 
-0.763 40.19 
-0.762 40.072 
-0.761 39.831 
-0.702 34.158 
-0.786 45.828 
-0.721 34.88 
-0.786 45.828 
-0.785 45.646 
-0.721 34.88 
-0.719 34.712 
-0.76 39.752 
-0.718 34.515 
-0.762 40.072 
-0.802 55.501 
-0.761 39.831 
-0.802 55.501 
-0.614 28.18 
-0.592 24.326 
-0.676 30.382 
-0.787 46.047 
-0.644 28.988 
-0.696 30.974 
-0.741 35.478 
-0.7 33.929 
-0.721 34.88 
-0.786 45.828 
-0.785 45.646 
-0.74 35.403 
-0.76 39.752 
-0.718 34.515 
-0.761 39.831 
-0.802 55.501 
-0.614 28.18 
-0.592 24.326 
-0.76 39.752 
-0.787 46.047 
-0.696 30.974 
-0.721 34.88 
-0.761 39.831 
-0.786 45.828 
-0.74 35.403 
-0.785 45.646 
-0.802 55.501 
-0.787 46.047 
-0.721 34.88 
-0.761 39.831 
-0.786 45.828 
-0.74 35.403 
-0.785 45.646 
-0.802 55.501 
-0.787 46.047 
-0.761 39.831 
-0.786 45.828 
-0.802 55.501 
-0.761 39.831 
