-0.58 24.272 
-0.58 24.272 
-0.81 60.492 
-0.621 27.472 
-0.801 50.66 
-0.803 55.583 
-0.592 24.326 
-0.802 55.5 
-0.801 50.66 
-0.787 46.047 
-0.592 24.326 
-0.776 44.389 
-0.765 40.589 
-0.742 39.091 
-0.741 35.478 
-0.658 29.745 
-0.7 33.929 
-0.676 30.382 
-0.697 31.142 
-0.679 30.59 
-0.696 30.974 
-0.724 35.073 
-0.658 29.745 
-0.703 34.394 
-0.74 35.401 
-0.718 34.515 
-0.636 28.649 
-0.787 46.047 
-0.645 28.983 
-0.645 28.983 
-0.776 44.389 
-0.765 40.589 
-0.632 27.984 
-0.747 39.596 
-0.634 28.239 
-0.743 39.398 
-0.76 39.743 
-0.803 55.583 
-0.754 39.69 
-0.676 30.382 
-0.784 45.361 
-0.777 44.805 
-0.754 39.69 
-0.779 44.97 
-0.722 34.877 
-0.679 30.59 
-0.632 27.984 
-0.747 39.596 
-0.764 40.276 
-0.779 44.97 
-0.7 33.929 
-0.724 35.073 
-0.697 31.142 
-0.72 34.818 
-0.702 34.132 
-0.784 45.361 
-0.696 30.974 
-0.74 35.401 
-0.742 39.091 
-0.785 45.646 
-0.786 45.828 
-0.702 34.132 
-0.763 40.19 
-0.762 39.992 
-0.719 34.712 
-0.786 45.828 
-0.785 45.646 
-0.762 39.992 
-0.761 39.831 
-0.718 34.515 
-0.703 34.394 
-0.719 34.712 
-0.761 39.831 
-0.763 40.19 
-0.802 55.5 
-0.741 35.478 
-0.58 24.272 
-0.592 24.326 
-0.801 50.66 
-0.658 29.745 
-0.787 46.047 
-0.645 28.983 
-0.776 44.389 
-0.803 55.583 
-0.676 30.382 
-0.747 39.596 
-0.779 44.97 
-0.7 33.929 
-0.724 35.073 
-0.697 31.142 
-0.784 45.361 
-0.696 30.974 
-0.74 35.401 
-0.742 39.091 
-0.786 45.828 
-0.785 45.646 
-0.763 40.19 
-0.718 34.515 
-0.719 34.712 
-0.802 55.5 
