-0.726 29.804 
-0.918 65.229 
-0.726 29.804 
-0.918 65.229 
-0.761 30.048 
-0.727 29.847 
-0.9 54.728 
-0.885 53.402 
-0.904 59.132 
-0.769 34.05 
-0.912 64.471 
-0.909 59.76 
-0.84 42.109 
-0.882 49.04 
-0.766 30.618 
-0.807 36.963 
-0.786 35.981 
-0.866 47.582 
-0.839 38.831 
-0.865 44.495 
-0.807 36.963 
-0.815 37.022 
-0.828 37.381 
-0.893 53.673 
-0.815 37.022 
-0.877 48.527 
-0.886 53.467 
-0.908 59.533 
-0.777 34.398 
-0.871 48.292 
-0.847 42.123 
-0.786 35.981 
-0.864 44.265 
-0.904 59.132 
-0.859 43.85 
-0.781 34.713 
-0.761 30.048 
-0.766 30.618 
-0.848 42.261 
-0.881 48.898 
-0.837 38.361 
-0.854 43.345 
-0.917 64.998 
-0.831 37.738 
-0.769 34.05 
-0.835 38.003 
-0.898 54.18 
-0.878 48.771 
-0.853 42.743 
-0.909 59.76 
-0.913 64.493 
-0.783 35.287 
-0.869 47.916 
-0.836 38.139 
-0.882 49.04 
-0.851 42.467 
-0.917 64.998 
-0.913 64.493 
-0.781 34.713 
-0.783 35.287 
-0.785 35.979 
-0.784 35.544 
-0.871 48.292 
-0.867 47.813 
-0.864 44.265 
-0.859 43.85 
-0.895 54.01 
-0.858 43.635 
-0.912 64.471 
-0.838 38.742 
-0.778 34.407 
-0.856 43.454 
-0.828 37.381 
-0.777 34.398 
-0.899 54.487 
-0.778 34.407 
-0.894 53.979 
-0.856 43.454 
-0.869 47.916 
-0.835 38.003 
-0.831 37.738 
-0.784 35.544 
-0.899 54.487 
-0.865 44.495 
-0.83 37.516 
-0.851 42.467 
-0.727 29.847 
-0.858 43.635 
-0.898 54.18 
-0.895 54.01 
-0.853 42.743 
-0.852 42.604 
-0.852 42.604 
-0.83 37.516 
-0.829 37.383 
-0.878 48.771 
-0.854 43.345 
-0.867 47.813 
-0.839 38.831 
-0.838 38.742 
