P=? [ F (x=9&y=9&crashed=0) ]	R{"cost"}=? [ C<=100 ]
0.979	86.737
0.744	22.756
0.979	86.737
0.744	22.756
0.977	40.67
0.978	76.472
0.978	76.472
0.792	26.566
0.829	26.589
0.772	26.529
0.792	26.566
0.89	27.012
0.876	26.994
0.747	22.765
0.761	23.237
0.956	35.106
0.771	26.496
0.764	23.246
0.92	29.16
0.964	38.273
0.853	26.834
0.926	32.116
0.838	26.787
0.864	26.841
0.974	39.599
0.848	26.803
0.956	35.106
0.964	38.273
0.938	33.602
0.947	34.201
0.953	34.403
0.771	26.496
0.764	23.246
0.92	29.16
0.926	32.116
0.944	33.746
0.934	32.896
0.917	28.622
0.895	27.02
0.91	28.195
0.864	26.841
0.869	26.849
0.93	32.879
0.913	28.482
0.971	39.084
0.967	38.817
0.848	26.803
0.852	26.825
0.905	27.604
0.761	23.237
0.918	29.079
0.954	34.732
0.908	27.665
0.876	26.994
0.832	26.601
0.746	22.76
0.873	26.862
0.909	27.703
0.912	28.263
0.936	33.257
0.947	34.201
0.747	22.765
0.972	39.129
0.945	33.778
0.873	26.862
0.954	34.732
0.903	27.385
0.902	27.31
0.905	27.604
0.835	26.674
0.972	39.129
0.937	33.288
0.897	27.092
0.945	33.778
0.9	27.237
0.833	26.605
0.895	27.02
0.869	26.849
0.837	26.779
0.83	26.596
0.871	26.855
0.871	26.855
0.763	23.241
0.928	32.466
0.927	32.189
0.971	39.084
0.967	38.817
0.965	38.537
0.966	38.79
0.965	38.537
0.929	32.639
0.903	27.385
0.953	34.403
0.935	33.086
0.929	32.639
0.928	32.466
0.935	33.086
0.944	33.746
0.917	28.622
0.913	28.482
