-0.644 23.802 
-0.803 64.636 
-0.803 64.636 
-0.788 53.988 
-0.795 64.143 
-0.774 49.462 
-0.78 53.396 
-0.658 24.426 
-0.672 25.333 
-0.653 24.383 
-0.705 32.137 
-0.7 29.093 
-0.764 47.154 
-0.758 44.528 
-0.689 27.935 
-0.676 27.433 
-0.68 27.928 
-0.788 53.988 
-0.726 36.934 
-0.722 34.932 
-0.78 53.396 
-0.766 48.204 
-0.645 23.847 
-0.796 64.427 
-0.795 64.143 
-0.747 42.008 
-0.743 40.327 
-0.672 25.333 
-0.764 47.154 
-0.758 44.528 
-0.739 39.577 
-0.722 34.932 
-0.707 32.506 
-0.736 38.31 
-0.7 29.093 
-0.712 32.729 
-0.743 40.327 
-0.705 32.137 
-0.728 37.301 
-0.754 43.879 
-0.77 48.308 
-0.676 27.433 
-0.693 28.54 
-0.732 37.708 
-0.718 33.532 
-0.714 32.977 
-0.751 43.071 
-0.678 27.691 
-0.747 42.008 
-0.736 38.31 
-0.697 28.698 
-0.726 36.934 
-0.751 43.071 
-0.739 39.577 
-0.765 47.462 
-0.757 44.261 
-0.721 34.206 
-0.754 43.879 
-0.732 37.708 
-0.692 28.346 
-0.748 42.085 
-0.727 37.002 
-0.718 33.532 
-0.714 32.977 
-0.645 23.847 
-0.698 28.769 
-0.713 32.835 
-0.691 28.153 
-0.679 27.796 
-0.756 44.053 
-0.741 39.81 
-0.728 37.301 
-0.773 49.076 
-0.75 42.691 
-0.721 34.206 
-0.72 33.834 
-0.734 37.877 
-0.742 39.986 
-0.735 37.982 
-0.765 47.462 
-0.75 42.691 
-0.749 42.383 
-0.749 42.383 
-0.706 32.21 
-0.773 49.076 
-0.772 48.792 
-0.771 48.586 
-0.741 39.81 
-0.712 32.729 
-0.707 32.506 
-0.796 64.427 
-0.772 48.792 
-0.771 48.586 
-0.699 28.947 
-0.742 39.986 
-0.756 44.053 
-0.69 28.106 
-0.734 37.877 
-0.697 28.698 
-0.693 28.54 
