-0.695 25.283 
-0.862 56.898 
-0.695 25.283 
-0.847 51.349 
-0.813 40.154 
-0.789 31.639 
-0.846 46.287 
-0.738 29.163 
-0.861 56.724 
-0.854 52.153 
-0.812 36.173 
-0.809 35.652 
-0.844 45.909 
-0.83 41.845 
-0.747 30.259 
-0.79 34.946 
-0.717 26.959 
-0.705 26.463 
-0.793 35.477 
-0.757 30.605 
-0.772 30.829 
-0.83 41.845 
-0.724 27.403 
-0.844 45.909 
-0.822 40.24 
-0.724 27.403 
-0.777 31.522 
-0.705 26.463 
-0.739 29.397 
-0.854 52.153 
-0.755 30.421 
-0.853 51.762 
-0.861 56.724 
-0.827 41.109 
-0.792 35.267 
-0.773 31.005 
-0.827 41.109 
-0.739 29.397 
-0.822 40.24 
-0.72 27.113 
-0.72 27.113 
-0.829 41.54 
-0.812 36.173 
-0.757 30.605 
-0.853 51.762 
-0.847 51.349 
-0.828 41.475 
-0.755 30.421 
-0.775 31.343 
-0.79 34.946 
-0.846 46.287 
-0.845 45.977 
-0.772 30.829 
-0.775 31.343 
-0.793 35.477 
-0.776 31.353 
-0.789 31.639 
-0.777 31.522 
-0.813 40.154 
-0.845 45.977 
-0.828 41.475 
-0.776 31.353 
-0.695 25.283 
-0.861 56.724 
-0.739 29.397 
-0.724 27.403 
-0.705 26.463 
-0.854 52.153 
-0.755 30.421 
-0.822 40.24 
-0.827 41.109 
-0.72 27.113 
-0.793 35.477 
-0.79 34.946 
-0.757 30.605 
-0.853 51.762 
-0.847 51.349 
-0.846 46.287 
-0.775 31.343 
-0.789 31.639 
-0.812 36.173 
-0.813 40.154 
-0.845 45.977 
-0.828 41.475 
-0.776 31.353 
-0.695 25.283 
-0.739 29.397 
-0.705 26.463 
-0.854 52.153 
-0.72 27.113 
-0.755 30.421 
-0.827 41.109 
-0.757 30.605 
-0.793 35.477 
-0.79 34.946 
-0.853 51.762 
-0.847 51.349 
-0.846 46.287 
-0.775 31.343 
-0.813 40.154 
