-0.695 25.282 
-0.862 56.758 
-0.695 25.282 
-0.854 52.019 
-0.847 51.349 
-0.846 46.287 
-0.861 56.576 
-0.721 26.936 
-0.824 39.857 
-0.812 36.173 
-0.842 45.389 
-0.789 31.639 
-0.83 41.845 
-0.76 30.515 
-0.79 34.946 
-0.793 35.454 
-0.808 35.529 
-0.698 25.559 
-0.725 27.397 
-0.824 39.857 
-0.842 45.389 
-0.707 26.475 
-0.705 26.451 
-0.83 41.845 
-0.738 29.163 
-0.725 27.397 
-0.812 36.173 
-0.755 30.413 
-0.772 30.829 
-0.774 31.017 
-0.785 31.123 
-0.738 29.163 
-0.739 29.275 
-0.827 40.395 
-0.747 30.259 
-0.861 56.576 
-0.747 30.259 
-0.828 41.413 
-0.739 29.275 
-0.749 30.287 
-0.81 35.926 
-0.852 51.582 
-0.707 26.475 
-0.792 35.14 
-0.827 40.395 
-0.844 45.909 
-0.789 31.639 
-0.786 31.136 
-0.786 31.136 
-0.853 51.656 
-0.749 30.287 
-0.772 30.829 
-0.846 46.287 
-0.845 45.977 
-0.829 41.54 
-0.809 35.652 
-0.844 45.909 
-0.852 51.582 
-0.847 51.349 
-0.773 30.859 
-0.829 41.54 
-0.828 41.413 
-0.809 35.652 
-0.791 35.02 
-0.785 31.123 
-0.774 31.017 
-0.791 35.02 
-0.79 34.946 
-0.853 51.656 
-0.845 45.977 
-0.773 30.859 
-0.824 39.857 
-0.842 45.389 
-0.83 41.845 
-0.725 27.397 
-0.812 36.173 
-0.738 29.163 
-0.861 56.576 
-0.747 30.259 
-0.739 29.275 
-0.707 26.475 
-0.827 40.395 
-0.789 31.639 
-0.846 46.287 
-0.844 45.909 
-0.847 51.349 
-0.829 41.54 
-0.774 31.017 
-0.772 30.829 
-0.791 35.02 
-0.809 35.652 
-0.845 45.977 
-0.773 30.859 
-0.824 39.857 
-0.842 45.389 
-0.725 27.397 
-0.83 41.845 
-0.738 29.163 
-0.747 30.259 
-0.861 56.576 
