-0.83 61.788 
-0.83 61.788 
-0.672 24.567 
-0.829 51.448 
-0.828 51.23 
-0.813 46.242 
-0.812 42.106 
-0.822 46.853 
-0.72 26.606 
-0.782 35.374 
-0.766 35.154 
-0.799 41.297 
-0.792 39.527 
-0.79 36.681 
-0.71 26.572 
-0.744 30.212 
-0.809 41.574 
-0.735 30.143 
-0.679 25.143 
-0.698 25.28 
-0.759 34.803 
-0.758 32.429 
-0.688 25.242 
-0.724 28.754 
-0.702 25.852 
-0.688 25.242 
-0.71 26.572 
-0.822 46.853 
-0.765 35.105 
-0.819 46.363 
-0.76 34.95 
-0.677 24.867 
-0.733 29.599 
-0.753 31.517 
-0.75 30.62 
-0.724 28.754 
-0.795 40.214 
-0.72 26.606 
-0.747 30.278 
-0.702 25.852 
-0.727 28.953 
-0.755 31.681 
-0.811 41.824 
-0.725 28.847 
-0.796 40.482 
-0.797 40.642 
-0.701 25.487 
-0.788 36.22 
-0.75 30.62 
-0.73 29.496 
-0.785 35.669 
-0.678 24.933 
-0.79 36.681 
-0.753 31.517 
-0.81 41.661 
-0.792 39.527 
-0.734 29.73 
-0.754 31.533 
-0.797 40.642 
-0.784 35.585 
-0.729 29.419 
-0.728 29.09 
-0.749 30.54 
-0.756 31.984 
-0.747 30.278 
-0.677 24.867 
-0.794 39.942 
-0.789 36.414 
-0.699 25.311 
-0.749 30.54 
-0.758 32.429 
-0.757 32.172 
-0.794 39.942 
-0.793 39.721 
-0.829 51.448 
-0.821 46.639 
-0.783 35.573 
-0.786 35.867 
-0.789 36.414 
-0.793 39.721 
-0.821 46.639 
-0.82 46.449 
-0.787 36.055 
-0.786 35.867 
-0.757 32.172 
-0.756 31.984 
-0.701 25.487 
-0.699 25.311 
-0.787 36.055 
-0.76 34.95 
-0.759 34.803 
-0.728 29.09 
-0.734 29.73 
-0.819 46.363 
-0.813 46.242 
-0.73 29.496 
-0.82 46.449 
-0.729 29.419 
-0.783 35.573 
-0.71 26.572 
