-0.83 61.788 
-0.671 24.507 
-0.83 61.788 
-0.829 51.448 
-0.813 46.242 
-0.812 42.097 
-0.72 26.606 
-0.827 51.047 
-0.822 46.853 
-0.766 35.154 
-0.782 35.334 
-0.792 39.527 
-0.79 36.681 
-0.71 26.572 
-0.679 25.091 
-0.698 25.28 
-0.759 34.803 
-0.758 32.429 
-0.688 25.242 
-0.799 41.297 
-0.724 28.754 
-0.735 29.914 
-0.702 25.852 
-0.744 30.212 
-0.688 25.242 
-0.807 41.363 
-0.71 26.572 
-0.819 46.363 
-0.765 35.032 
-0.822 46.853 
-0.827 51.047 
-0.76 34.95 
-0.673 24.777 
-0.733 29.599 
-0.753 31.517 
-0.75 30.62 
-0.798 41.025 
-0.724 28.754 
-0.809 41.574 
-0.744 30.212 
-0.678 24.93 
-0.747 30.266 
-0.72 26.606 
-0.702 25.852 
-0.727 28.953 
-0.796 40.357 
-0.755 31.681 
-0.73 29.496 
-0.793 39.695 
-0.795 40.177 
-0.729 29.286 
-0.828 51.229 
-0.701 25.487 
-0.676 24.814 
-0.734 29.73 
-0.75 30.62 
-0.785 35.657 
-0.82 46.448 
-0.784 35.585 
-0.79 36.681 
-0.783 35.389 
-0.81 41.661 
-0.753 31.517 
-0.792 39.527 
-0.754 31.527 
-0.797 40.642 
-0.725 28.847 
-0.749 30.54 
-0.756 31.984 
-0.807 41.363 
-0.735 29.914 
-0.747 30.266 
-0.797 40.642 
-0.749 30.54 
-0.811 41.824 
-0.676 24.814 
-0.758 32.429 
-0.757 32.158 
-0.789 36.414 
-0.699 25.311 
-0.794 39.942 
-0.794 39.942 
-0.788 36.22 
-0.787 35.992 
-0.829 51.448 
-0.821 46.639 
-0.672 24.567 
-0.786 35.865 
-0.728 29.09 
-0.789 36.414 
-0.788 36.22 
-0.821 46.639 
-0.782 35.334 
-0.766 35.154 
-0.701 25.487 
-0.699 25.311 
-0.757 32.158 
-0.756 31.984 
-0.811 41.824 
-0.759 34.803 
