-0.66 23.888 
-0.9 61.495 
-0.66 23.888 
-0.9 61.495 
-0.888 45.743 
-0.729 26.239 
-0.889 55.71 
-0.753 29.515 
-0.816 30.593 
-0.675 24.18 
-0.899 61.225 
-0.891 55.978 
-0.87 40.897 
-0.83 34.994 
-0.878 45.318 
-0.675 24.18 
-0.852 39.476 
-0.829 31.97 
-0.851 36.655 
-0.736 27.882 
-0.842 35.042 
-0.879 45.701 
-0.73 26.279 
-0.861 39.855 
-0.741 27.899 
-0.878 45.318 
-0.899 61.225 
-0.891 55.978 
-0.749 28.369 
-0.87 40.897 
-0.816 30.593 
-0.753 29.515 
-0.752 29.404 
-0.819 30.671 
-0.746 28.057 
-0.865 40.787 
-0.73 26.279 
-0.736 27.882 
-0.843 35.17 
-0.749 28.369 
-0.847 35.922 
-0.844 35.545 
-0.822 30.973 
-0.746 28.057 
-0.848 36.234 
-0.752 29.404 
-0.861 39.855 
-0.852 39.476 
-0.862 40.189 
-0.829 31.97 
-0.828 31.661 
-0.822 30.973 
-0.85 36.53 
-0.848 36.234 
-0.864 40.505 
-0.85 36.53 
-0.89 55.711 
-0.863 40.415 
-0.862 40.189 
-0.846 35.788 
-0.845 35.569 
-0.823 31.191 
-0.827 31.539 
-0.826 31.325 
-0.817 30.615 
-0.846 35.788 
-0.851 36.655 
-0.828 31.661 
-0.827 31.539 
-0.865 40.787 
-0.826 31.325 
-0.825 31.219 
-0.864 40.505 
-0.863 40.415 
-0.817 30.615 
-0.842 35.042 
-0.83 34.994 
-0.888 45.743 
-0.879 45.701 
-0.845 35.569 
-0.825 31.219 
-0.824 31.196 
-0.824 31.196 
-0.823 31.191 
-0.89 55.711 
-0.889 55.71 
-0.9 61.495 
-0.66 23.888 
-0.675 24.18 
-0.878 45.318 
-0.891 55.978 
-0.87 40.897 
-0.816 30.593 
-0.753 29.515 
-0.736 27.882 
-0.73 26.279 
-0.749 28.369 
-0.746 28.057 
-0.752 29.404 
-0.861 39.855 
