-0.976 40.243 
-0.824 26.946 
-0.824 26.946 
-0.976 40.243 
-0.904 27.73 
-0.855 27.419 
-0.922 32.122 
-0.911 28.5 
-0.955 38.219 
-0.949 35.181 
-0.938 33.593 
-0.847 27.03 
-0.825 26.962 
-0.946 34.846 
-0.911 28.5 
-0.966 38.774 
-0.928 32.186 
-0.932 32.673 
-0.946 34.846 
-0.922 32.122 
-0.949 35.181 
-0.906 28.011 
-0.961 38.498 
-0.971 39.433 
-0.909 28.107 
-0.969 39.053 
-0.974 39.76 
-0.955 38.219 
-0.936 33.335 
-0.847 27.03 
-0.855 27.419 
-0.852 27.412 
-0.973 39.702 
-0.96 38.224 
-0.934 32.724 
-0.972 39.467 
-0.852 27.412 
-0.935 32.998 
-0.926 32.127 
-0.961 38.498 
-0.935 32.998 
-0.967 39.045 
-0.936 33.335 
-0.909 28.107 
-0.958 38.22 
-0.974 39.76 
-0.926 32.127 
-0.853 27.415 
-0.958 38.22 
-0.934 32.724 
-0.968 39.052 
-0.967 39.045 
-0.853 27.415 
-0.96 38.224 
-0.968 39.052 
-0.976 40.243 
-0.911 28.5 
-0.922 32.122 
-0.955 38.219 
-0.847 27.03 
-0.852 27.412 
-0.853 27.415 
-0.961 38.498 
-0.935 32.998 
-0.936 33.335 
-0.909 28.107 
-0.926 32.127 
-0.958 38.22 
-0.968 39.052 
-0.967 39.045 
-0.96 38.224 
-0.976 40.243 
-0.911 28.5 
-0.852 27.412 
-0.955 38.219 
-0.847 27.03 
-0.909 28.107 
-0.968 39.052 
-0.936 33.335 
-0.935 32.998 
-0.958 38.22 
-0.96 38.224 
-0.976 40.243 
-0.911 28.5 
-0.852 27.412 
-0.955 38.219 
-0.847 27.03 
-0.909 28.107 
-0.936 33.335 
-0.935 32.998 
-0.958 38.22 
-0.852 27.412 
-0.976 40.243 
-0.936 33.335 
-0.936 33.335 
-0.852 27.412 
-0.911 28.5 
-0.852 27.412 
-0.976 40.243 
-0.976 40.243 
