-0.707 25.44 
-0.891 47.573 
-0.707 25.44 
-0.797 27.346 
-0.887 46.739 
-0.882 42.255 
-0.861 35.938 
-0.763 26.119 
-0.857 32.292 
-0.877 40.971 
-0.873 37.641 
-0.802 29.868 
-0.763 26.119 
-0.845 30.752 
-0.799 29.612 
-0.725 25.646 
-0.822 30.08 
-0.745 25.828 
-0.841 30.303 
-0.724 25.487 
-0.825 30.108 
-0.749 26.003 
-0.854 31.481 
-0.868 36.04 
-0.882 42.255 
-0.854 31.481 
-0.877 40.971 
-0.89 46.953 
-0.873 37.641 
-0.857 32.292 
-0.87 36.614 
-0.856 32.045 
-0.887 46.739 
-0.841 30.303 
-0.748 25.835 
-0.872 37.39 
-0.871 36.864 
-0.881 41.755 
-0.861 35.938 
-0.822 30.08 
-0.825 30.108 
-0.745 25.828 
-0.799 29.612 
-0.87 36.614 
-0.856 32.045 
-0.879 41.334 
-0.881 41.755 
-0.88 41.468 
-0.889 46.817 
-0.879 41.334 
-0.872 37.39 
-0.871 36.864 
-0.868 36.04 
-0.725 25.646 
-0.89 46.953 
-0.88 41.468 
-0.749 26.003 
-0.889 46.817 
-0.707 25.44 
-0.725 25.646 
-0.763 26.119 
-0.882 42.255 
-0.854 31.481 
-0.877 40.971 
-0.873 37.641 
-0.857 32.292 
-0.887 46.739 
-0.841 30.303 
-0.861 35.938 
-0.825 30.108 
-0.87 36.614 
-0.856 32.045 
-0.822 30.08 
-0.872 37.39 
-0.871 36.864 
-0.868 36.04 
-0.89 46.953 
-0.88 41.468 
-0.799 29.612 
-0.749 26.003 
-0.889 46.817 
-0.707 25.44 
-0.725 25.646 
-0.763 26.119 
-0.882 42.255 
-0.854 31.481 
-0.877 40.971 
-0.873 37.641 
-0.857 32.292 
-0.887 46.739 
-0.841 30.303 
-0.861 35.938 
-0.749 26.003 
-0.87 36.614 
-0.856 32.045 
-0.822 30.08 
-0.872 37.39 
-0.871 36.864 
-0.868 36.04 
-0.89 46.953 
