P=? [ F (x=9&y=9&crashed=0) ]	R{"cost"}=? [ C<=100 ]
-0.0	0.0
0.873	101.347
0.873	101.347
-0.0	0.0
0.652	20.511
0.872	72.355
0.652	20.511
0.718	23.955
0.755	25.432
0.864	67.238
0.871	67.369
0.863	61.709
0.872	72.355
0.837	46.006
0.861	60.988
0.855	56.423
0.838	50.353
0.853	56.052
0.847	51.997
0.767	29.275
0.718	23.955
0.79	30.956
0.791	34.623
0.834	45.562
0.83	41.934
0.819	39.609
0.814	36.267
0.733	25.395
0.723	25.141
0.81	35.095
0.767	29.275
0.797	34.974
0.847	51.997
0.769	29.539
0.755	25.432
0.78	29.986
0.733	25.395
0.819	39.609
0.83	41.934
0.846	51.141
0.814	36.267
0.853	56.052
0.792	34.895
0.829	41.323
0.723	25.141
0.812	35.287
0.861	60.988
0.855	56.423
0.845	50.88
0.825	40.959
0.788	30.534
0.813	35.882
0.863	61.709
0.862	61.118
0.797	34.974
0.78	29.986
0.769	29.539
0.822	40.42
0.785	30.323
0.82	40.129
0.836	45.653
0.839	50.48
0.785	30.323
0.825	40.959
0.782	30.026
0.834	45.562
0.789	30.931
0.813	35.882
0.843	50.536
0.827	41.161
0.844	50.566
0.822	40.42
0.827	41.161
0.782	30.026
0.791	34.623
0.846	51.141
0.821	40.374
0.82	40.129
0.854	56.294
0.81	35.095
0.788	30.534
0.812	35.287
0.829	41.323
0.871	67.369
0.864	67.238
0.862	61.118
0.854	56.294
0.838	50.353
0.792	34.895
0.843	50.536
0.839	50.48
0.835	45.614
0.821	40.374
0.835	45.614
0.844	50.566
0.789	30.931
-0.0	0.0
0.873	101.347
0.652	20.511
0.718	23.955
