-0.812 56.267 
-0.593 24.894 
-0.812 56.267 
-0.593 24.894 
-0.785 45.737 
-0.651 29.043 
-0.802 55.921 
-0.748 39.153 
-0.797 51.133 
-0.794 50.481 
-0.713 34.458 
-0.62 27.323 
-0.759 43.518 
-0.757 39.995 
-0.741 35.773 
-0.698 31.351 
-0.639 28.69 
-0.62 27.323 
-0.671 30.336 
-0.68 30.621 
-0.698 31.351 
-0.671 30.336 
-0.688 30.72 
-0.736 35.058 
-0.713 34.458 
-0.772 45.308 
-0.727 34.749 
-0.696 30.909 
-0.636 27.837 
-0.783 45.336 
-0.725 34.523 
-0.803 55.983 
-0.628 27.753 
-0.794 50.481 
-0.771 44.944 
-0.811 56.142 
-0.741 35.773 
-0.626 27.436 
-0.764 44.849 
-0.797 51.133 
-0.761 44.516 
-0.76 43.927 
-0.759 43.518 
-0.784 45.54 
-0.739 35.323 
-0.752 39.33 
-0.796 51.051 
-0.795 50.602 
-0.76 43.927 
-0.754 39.525 
-0.762 44.746 
-0.636 27.837 
-0.753 39.35 
-0.756 39.88 
-0.755 39.588 
-0.739 35.323 
-0.757 39.995 
-0.626 27.436 
-0.74 35.569 
-0.764 44.849 
-0.761 44.516 
-0.628 27.753 
-0.725 34.523 
-0.74 35.569 
-0.752 39.33 
-0.811 56.142 
-0.795 50.602 
-0.756 39.88 
-0.762 44.746 
-0.771 44.944 
-0.796 51.051 
-0.755 39.588 
-0.593 24.894 
-0.812 56.267 
-0.62 27.323 
-0.698 31.351 
-0.671 30.336 
-0.713 34.458 
-0.794 50.481 
-0.741 35.773 
-0.797 51.133 
-0.759 43.518 
-0.76 43.927 
-0.626 27.436 
-0.764 44.849 
-0.761 44.516 
-0.628 27.753 
-0.74 35.569 
-0.811 56.142 
-0.752 39.33 
-0.756 39.88 
-0.762 44.746 
-0.796 51.051 
-0.755 39.588 
-0.812 56.267 
-0.698 31.351 
-0.671 30.336 
-0.713 34.458 
-0.794 50.481 
-0.741 35.773 
