-0.812 56.267 
-0.587 24.363 
-0.587 24.363 
-0.812 56.267 
-0.785 45.737 
-0.802 55.777 
-0.752 39.137 
-0.741 35.48 
-0.712 34.379 
-0.794 50.481 
-0.797 51.133 
-0.593 24.894 
-0.759 43.509 
-0.757 39.994 
-0.62 27.323 
-0.62 27.323 
-0.593 24.894 
-0.651 29.043 
-0.698 31.35 
-0.671 30.336 
-0.651 29.043 
-0.671 30.336 
-0.639 28.69 
-0.698 31.35 
-0.636 27.837 
-0.725 34.523 
-0.772 45.19 
-0.713 34.458 
-0.783 45.336 
-0.803 55.9 
-0.735 34.798 
-0.68 30.621 
-0.628 27.702 
-0.794 50.481 
-0.68 30.621 
-0.727 34.749 
-0.696 30.903 
-0.688 30.72 
-0.811 56.142 
-0.764 44.849 
-0.771 44.944 
-0.688 30.72 
-0.626 27.436 
-0.739 35.175 
-0.762 44.594 
-0.797 51.133 
-0.639 28.69 
-0.761 44.483 
-0.76 43.927 
-0.736 35.055 
-0.753 39.332 
-0.796 51.051 
-0.795 50.602 
-0.636 27.837 
-0.76 43.927 
-0.756 39.705 
-0.628 27.702 
-0.626 27.436 
-0.811 56.142 
-0.764 44.849 
-0.74 35.403 
-0.697 31.124 
-0.697 31.124 
-0.725 34.523 
-0.784 45.54 
-0.784 45.54 
-0.754 39.525 
-0.727 34.749 
-0.696 30.903 
-0.783 45.336 
-0.772 45.19 
-0.795 50.602 
-0.736 35.055 
-0.756 39.705 
-0.755 39.588 
-0.761 44.483 
-0.771 44.944 
-0.796 51.051 
-0.74 35.403 
-0.713 34.458 
-0.755 39.588 
-0.754 39.525 
-0.812 56.267 
-0.62 27.323 
-0.593 24.894 
-0.651 29.043 
-0.671 30.336 
-0.698 31.35 
-0.713 34.458 
-0.794 50.481 
-0.68 30.621 
-0.797 51.133 
-0.639 28.69 
-0.636 27.837 
-0.76 43.927 
-0.628 27.702 
-0.626 27.436 
-0.764 44.849 
-0.74 35.403 
-0.725 34.523 
