-0.873 56.791 
-0.695 25.768 
-0.873 56.791 
-0.695 25.768 
-0.748 29.49 
-0.872 47.3 
-0.795 30.185 
-0.728 25.86 
-0.739 27.229 
-0.825 31.024 
-0.864 46.66 
-0.863 42.033 
-0.805 30.5 
-0.827 35.315 
-0.849 40.582 
-0.848 37.143 
-0.821 30.572 
-0.734 26.3 
-0.795 30.185 
-0.83 35.608 
-0.842 36.132 
-0.838 35.717 
-0.855 40.983 
-0.87 46.987 
-0.85 40.896 
-0.822 30.858 
-0.728 25.86 
-0.861 41.583 
-0.844 36.671 
-0.838 35.717 
-0.858 41.153 
-0.827 35.315 
-0.863 42.033 
-0.847 36.969 
-0.844 36.671 
-0.867 46.742 
-0.872 47.3 
-0.846 36.868 
-0.868 46.756 
-0.846 36.868 
-0.868 46.756 
-0.848 37.143 
-0.86 41.456 
-0.859 41.284 
-0.858 41.153 
-0.859 41.284 
-0.86 41.456 
-0.85 40.896 
-0.867 46.742 
-0.864 46.66 
-0.873 56.791 
-0.864 46.66 
-0.844 36.671 
-0.844 36.671 
-0.859 41.284 
-0.868 46.756 
-0.868 46.756 
-0.859 41.284 
-0.864 46.66 
-0.859 41.284 
-0.795 30.185 
-0.838 35.717 
-0.844 36.671 
-0.728 25.86 
-0.864 46.66 
-0.859 41.284 
-0.872 47.3 
-0.868 46.756 
-0.872 47.3 
-0.859 41.284 
-0.859 41.284 
-0.864 46.66 
-0.859 41.284 
-0.838 35.717 
-0.859 41.284 
-0.864 46.66 
-0.868 46.756 
-0.827 35.315 
-0.858 41.153 
-0.844 36.671 
-0.864 46.66 
-0.859 41.284 
-0.872 47.3 
-0.844 36.671 
-0.844 36.671 
-0.844 36.671 
-0.863 42.033 
-0.864 46.66 
-0.864 46.66 
-0.844 36.671 
-0.846 36.868 
-0.859 41.284 
-0.844 36.671 
-0.864 46.66 
-0.848 37.143 
-0.844 36.671 
-0.844 36.671 
-0.844 36.671 
-0.827 35.315 
-0.859 41.284 
