-0.892 59.621 
-0.865 49.374 
-0.882 54.581 
-0.806 38.062 
-0.901 64.083 
-0.858 43.833 
-0.858 43.833 
-0.858 43.833 
-0.762 33.0 
-0.829 38.981 
-0.901 64.083 
-0.892 59.621 
-0.845 42.983 
-0.917 70.544 
-0.716 31.365 
-0.892 59.621 
-0.762 33.0 
-0.882 54.581 
-0.892 59.621 
-0.882 54.581 
-0.862 48.643 
-0.882 54.581 
-0.892 59.621 
-0.858 43.833 
-0.762 33.0 
-0.882 54.581 
-0.882 54.581 
-0.806 38.062 
-0.891 58.838 
-0.915 64.252 
-0.916 65.453 
-0.865 49.374 
-0.882 54.581 
-0.917 70.544 
-0.817 38.086 
-0.817 38.086 
-0.762 33.0 
-0.878 49.572 
-0.822 38.834 
-0.858 43.833 
-0.806 38.062 
-0.832 39.299 
-0.769 33.507 
-0.882 54.581 
-0.892 59.621 
-0.892 59.621 
-0.781 34.354 
-0.821 38.811 
