-0.696 25.207 
-0.862 51.532 
-0.696 25.207 
-0.758 30.507 
-0.798 34.883 
-0.785 31.425 
-0.723 26.969 
-0.731 29.134 
-0.703 26.766 
-0.815 39.412 
-0.835 42.483 
-0.782 30.967 
-0.859 50.634 
-0.852 46.923 
-0.813 36.394 
-0.841 45.379 
-0.743 29.735 
-0.799 35.125 
-0.74 29.142 
-0.859 50.634 
-0.852 46.923 
-0.723 26.969 
-0.807 35.389 
-0.702 25.641 
-0.861 51.217 
-0.823 39.831 
-0.831 41.562 
-0.828 40.53 
-0.842 45.53 
-0.841 45.379 
-0.743 29.735 
-0.741 29.469 
-0.826 40.364 
-0.847 45.57 
-0.831 41.562 
-0.851 46.429 
-0.782 30.967 
-0.815 39.412 
-0.833 42.412 
-0.809 35.876 
-0.824 39.87 
-0.832 42.044 
-0.851 46.429 
-0.849 45.954 
-0.828 40.53 
-0.823 39.831 
-0.7 25.608 
-0.698 25.351 
-0.811 36.173 
-0.813 36.394 
-0.832 42.044 
-0.784 31.223 
-0.849 45.954 
-0.698 25.351 
-0.808 35.577 
-0.807 35.389 
-0.784 31.223 
-0.81 35.941 
-0.811 36.173 
-0.848 45.781 
-0.703 26.766 
-0.824 39.87 
-0.7 25.608 
-0.808 35.577 
-0.848 45.781 
-0.827 40.401 
-0.833 42.412 
-0.81 35.941 
-0.847 45.57 
-0.827 40.401 
-0.702 25.641 
-0.696 25.207 
-0.859 50.634 
-0.852 46.923 
-0.723 26.969 
-0.743 29.735 
-0.831 41.562 
-0.815 39.412 
-0.851 46.429 
-0.828 40.53 
-0.823 39.831 
-0.813 36.394 
-0.832 42.044 
-0.824 39.87 
-0.698 25.351 
-0.807 35.389 
-0.833 42.412 
-0.811 36.173 
-0.848 45.781 
-0.847 45.57 
-0.702 25.641 
-0.696 25.207 
-0.859 50.634 
-0.743 29.735 
-0.831 41.562 
-0.851 46.429 
-0.824 39.87 
-0.823 39.831 
-0.833 42.412 
-0.811 36.173 
