-0.862 51.398 
-0.668 25.091 
-0.668 25.091 
-0.862 51.398 
-0.696 25.206 
-0.859 50.477 
-0.854 47.154 
-0.841 45.358 
-0.837 42.347 
-0.798 34.858 
-0.795 32.249 
-0.78 30.706 
-0.723 26.968 
-0.823 39.808 
-0.822 37.473 
-0.763 30.594 
-0.76 30.457 
-0.739 28.918 
-0.743 29.732 
-0.723 26.968 
-0.739 28.918 
-0.715 26.32 
-0.702 25.57 
-0.837 42.347 
-0.833 40.514 
-0.836 41.392 
-0.859 50.477 
-0.854 47.154 
-0.76 30.457 
-0.79 31.485 
-0.715 26.32 
-0.836 41.392 
-0.842 45.527 
-0.827 40.401 
-0.832 40.491 
-0.815 36.032 
-0.847 45.55 
-0.702 25.57 
-0.853 46.698 
-0.743 29.732 
-0.786 31.321 
-0.801 35.224 
-0.719 26.815 
-0.799 34.977 
-0.861 51.081 
-0.81 35.925 
-0.841 45.358 
-0.793 32.007 
-0.826 40.364 
-0.824 39.846 
-0.742 29.657 
-0.807 35.387 
-0.784 31.22 
-0.82 37.139 
-0.821 37.175 
-0.805 35.337 
-0.861 51.081 
-0.79 31.485 
-0.851 46.37 
-0.849 45.954 
-0.782 30.879 
-0.793 32.007 
-0.795 32.249 
-0.798 34.858 
-0.717 26.574 
-0.763 30.594 
-0.816 36.279 
-0.717 26.574 
-0.818 36.612 
-0.818 36.612 
-0.816 36.279 
-0.849 45.954 
-0.851 46.37 
-0.809 35.864 
-0.808 35.556 
-0.819 36.838 
-0.822 37.473 
-0.741 29.364 
-0.701 25.549 
-0.719 26.815 
-0.698 25.351 
-0.697 25.335 
-0.783 30.971 
-0.805 35.337 
-0.801 35.224 
-0.785 31.308 
-0.848 45.781 
-0.819 36.838 
-0.74 29.142 
-0.741 29.364 
-0.74 29.142 
-0.701 25.549 
-0.698 25.351 
-0.824 39.846 
-0.852 46.543 
-0.848 45.781 
-0.826 40.364 
-0.808 35.556 
-0.781 30.712 
-0.852 46.543 
