-0.896 51.941 
-0.712 26.254 
-0.712 26.254 
-0.809 27.167 
-0.89 47.282 
-0.771 26.375 
-0.827 30.3 
-0.872 40.775 
-0.871 36.693 
-0.886 46.076 
-0.882 42.255 
-0.771 26.375 
-0.856 32.046 
-0.858 35.558 
-0.809 27.167 
-0.735 26.271 
-0.749 26.37 
-0.827 30.3 
-0.841 30.311 
-0.851 31.158 
-0.846 30.668 
-0.886 46.076 
-0.741 26.35 
-0.887 46.92 
-0.749 26.37 
-0.854 31.775 
-0.877 41.11 
-0.741 26.35 
-0.735 26.271 
-0.881 42.12 
-0.88 41.468 
-0.845 30.524 
-0.882 42.255 
-0.853 31.403 
-0.859 35.748 
-0.877 41.11 
-0.889 46.974 
-0.841 30.311 
-0.868 36.339 
-0.856 32.046 
-0.861 35.777 
-0.872 40.775 
-0.858 35.558 
-0.863 36.2 
-0.87 36.614 
-0.879 41.333 
-0.853 31.403 
-0.862 36.013 
-0.879 41.333 
-0.87 36.614 
-0.845 30.524 
-0.868 36.339 
-0.862 36.013 
-0.866 36.275 
-0.865 36.235 
-0.88 41.468 
-0.881 42.12 
-0.866 36.275 
-0.889 46.974 
-0.887 46.92 
-0.865 36.235 
-0.863 36.2 
-0.861 35.777 
-0.771 26.375 
-0.809 27.167 
-0.827 30.3 
-0.886 46.076 
-0.749 26.37 
-0.735 26.271 
-0.882 42.255 
-0.877 41.11 
-0.841 30.311 
-0.856 32.046 
-0.872 40.775 
-0.858 35.558 
-0.879 41.333 
-0.87 36.614 
-0.845 30.524 
-0.868 36.339 
-0.853 31.403 
-0.862 36.013 
-0.88 41.468 
-0.881 42.12 
-0.866 36.275 
-0.889 46.974 
-0.887 46.92 
-0.865 36.235 
-0.863 36.2 
-0.861 35.777 
-0.735 26.271 
-0.771 26.375 
-0.809 27.167 
-0.827 30.3 
-0.749 26.37 
-0.886 46.076 
-0.856 32.046 
-0.882 42.255 
-0.853 31.403 
-0.877 41.11 
-0.872 40.775 
