P=? [ F (x=9&y=9&crashed=0) ]	R{"cost"}=? [ C<=100 ]
0.777	25.985
0.927	48.621
0.777	25.985
0.927	48.621
0.842	27.388
0.784	26.695
0.85	31.168
0.926	48.457
0.918	43.701
0.893	37.132
0.89	33.174
0.909	42.929
0.908	38.904
0.849	28.16
0.871	31.364
0.842	27.388
0.926	48.457
0.918	43.701
0.915	43.333
0.887	32.759
0.883	32.395
0.849	28.16
0.89	33.174
0.784	26.695
0.912	43.313
0.887	32.759
0.778	26.034
0.783	26.667
0.778	26.034
0.88	31.982
0.783	26.667
0.875	31.776
0.893	37.132
0.896	37.446
0.911	42.936
0.883	32.395
0.902	38.301
0.896	37.446
0.881	32.011
0.908	38.904
0.906	38.548
0.901	38.109
0.874	31.753
0.873	31.415
0.917	43.662
0.901	38.109
0.899	37.785
0.905	38.543
0.898	37.751
0.905	38.543
0.902	38.301
0.88	31.982
0.875	31.776
0.871	31.364
0.85	31.168
0.917	43.662
0.899	37.785
0.898	37.751
0.881	32.011
0.906	38.548
0.872	31.391
0.873	31.415
0.872	31.391
0.874	31.753
0.912	43.313
0.911	42.936
0.909	42.929
0.927	48.621
0.777	25.985
0.842	27.388
0.918	43.701
0.926	48.457
0.849	28.16
0.89	33.174
0.784	26.695
0.887	32.759
0.883	32.395
0.778	26.034
0.783	26.667
0.893	37.132
0.88	31.982
0.896	37.446
0.912	43.313
0.908	38.904
0.901	38.109
0.905	38.543
0.902	38.301
0.875	31.776
0.871	31.364
0.85	31.168
0.898	37.751
0.906	38.548
0.873	31.415
0.872	31.391
0.874	31.753
0.911	42.936
0.909	42.929
0.927	48.621
0.777	25.985
0.842	27.388
