P=? [ F (x=9&y=9&crashed=0) ]	R{"cost"}=? [ C<=100 ]
0.651	25.302
0.899	53.99
0.683	26.996
0.655	26.004
0.895	53.229
0.882	49.495
0.806	36.293
0.831	41.137
0.825	38.014
0.773	31.56
0.857	44.004
0.747	31.419
0.798	33.274
0.861	47.093
0.689	27.786
0.71	27.801
0.745	31.161
0.726	28.849
0.726	28.849
0.745	31.161
0.836	41.629
0.882	49.495
0.78	31.934
0.895	53.229
0.869	47.626
0.655	26.004
0.825	38.014
0.798	33.274
0.806	36.293
0.831	41.137
0.837	42.139
0.813	36.565
0.897	53.583
0.684	27.445
0.857	44.004
0.773	31.56
0.863	47.424
0.724	28.532
0.719	28.404
0.796	33.0
0.791	32.517
0.789	32.245
0.875	48.233
0.784	31.948
0.852	43.033
0.82	37.401
0.796	33.0
0.791	32.517
0.716	28.107
0.71	27.801
0.82	37.401
0.842	42.356
0.85	42.848
0.717	28.127
0.855	43.489
0.689	27.786
0.784	31.948
0.896	53.285
0.861	47.093
0.862	47.193
0.846	42.702
0.789	32.245
0.813	36.565
0.877	48.569
0.854	43.439
0.843	42.449
0.871	47.977
0.88	49.052
0.879	48.704
0.684	27.445
0.816	36.933
0.716	28.107
0.844	42.609
0.85	42.848
0.846	42.702
0.876	48.308
0.881	49.312
0.88	49.052
0.747	31.419
0.872	47.978
0.819	37.277
0.815	36.81
0.817	37.032
0.724	28.532
0.719	28.404
0.819	37.277
0.815	36.81
0.872	47.978
0.842	42.356
0.837	42.139
0.817	37.032
0.853	43.232
0.863	47.424
0.853	43.232
0.881	49.312
0.855	43.489
0.879	48.704
0.878	48.571
0.871	47.977
0.844	42.609
