-0.882 52.143 
-0.657 23.765 
-0.882 52.143 
-0.732 28.809 
-0.881 52.007 
-0.865 47.274 
-0.679 24.115 
-0.715 24.993 
-0.719 25.409 
-0.854 46.271 
-0.848 42.742 
-0.788 33.806 
-0.785 30.794 
-0.755 29.165 
-0.679 24.115 
-0.661 24.052 
-0.865 47.274 
-0.825 39.462 
-0.824 37.391 
-0.782 30.34 
-0.771 29.697 
-0.719 25.409 
-0.8 34.523 
-0.79 34.244 
-0.759 29.678 
-0.826 39.909 
-0.863 46.573 
-0.855 46.489 
-0.774 30.098 
-0.801 34.993 
-0.814 35.919 
-0.758 29.569 
-0.715 24.993 
-0.848 42.742 
-0.854 46.271 
-0.847 42.514 
-0.806 35.154 
-0.833 40.281 
-0.843 42.078 
-0.785 30.794 
-0.822 36.733 
-0.773 29.98 
-0.817 36.024 
-0.755 29.165 
-0.819 36.309 
-0.819 36.309 
-0.836 40.381 
-0.81 35.581 
-0.833 40.281 
-0.844 42.297 
-0.864 46.806 
-0.825 39.462 
-0.661 24.052 
-0.838 41.113 
-0.837 40.672 
-0.823 37.168 
-0.822 36.733 
-0.806 35.154 
-0.716 25.005 
-0.809 35.446 
-0.789 33.871 
-0.826 39.909 
-0.816 35.923 
-0.841 41.796 
-0.835 40.283 
-0.81 35.581 
-0.809 35.446 
-0.837 40.672 
-0.841 41.796 
-0.8 34.523 
-0.79 34.244 
-0.716 25.005 
-0.774 30.098 
-0.864 46.806 
-0.84 41.567 
-0.839 41.341 
-0.838 41.113 
-0.84 41.567 
-0.839 41.341 
-0.824 37.391 
-0.823 37.168 
-0.844 42.297 
-0.801 34.993 
-0.863 46.573 
-0.855 46.489 
-0.789 33.871 
-0.759 29.678 
-0.679 24.115 
-0.865 47.274 
-0.719 25.409 
-0.715 24.993 
-0.848 42.742 
-0.755 29.165 
-0.844 42.297 
-0.841 41.796 
-0.825 39.462 
-0.661 24.052 
-0.806 35.154 
-0.837 40.672 
-0.826 39.909 
