-0.854 66.993 
-0.659 37.374 
-0.659 37.374 
-0.854 66.993 
-0.838 65.098 
-0.744 43.374 
-0.689 37.687 
-0.773 44.899 
-0.821 59.355 
-0.739 39.574 
-0.781 49.185 
-0.837 61.149 
-0.849 66.298 
-0.82 56.265 
-0.798 53.815 
-0.797 51.517 
-0.699 37.942 
-0.757 43.545 
-0.712 38.329 
-0.699 37.942 
-0.713 38.349 
-0.725 38.445 
-0.831 60.206 
-0.786 50.394 
-0.781 49.185 
-0.785 49.502 
-0.757 43.545 
-0.765 43.651 
-0.791 50.535 
-0.8 54.458 
-0.77 44.83 
-0.769 44.089 
-0.792 50.785 
-0.805 54.979 
-0.853 66.724 
-0.734 38.742 
-0.729 38.741 
-0.766 43.779 
-0.804 54.58 
-0.831 60.206 
-0.815 55.735 
-0.814 55.486 
-0.819 56.066 
-0.834 60.672 
-0.836 60.887 
-0.818 55.81 
-0.808 55.136 
-0.85 66.522 
-0.81 55.421 
-0.737 39.039 
-0.795 51.106 
-0.799 54.066 
-0.712 38.329 
-0.832 60.426 
-0.738 39.219 
-0.795 51.106 
-0.785 49.502 
-0.726 38.452 
-0.769 44.089 
-0.734 38.742 
-0.729 38.741 
-0.737 39.039 
-0.726 38.452 
-0.837 61.149 
-0.809 55.391 
-0.797 51.517 
-0.799 54.066 
-0.796 51.266 
-0.798 53.815 
-0.832 60.426 
-0.85 66.522 
-0.82 56.265 
-0.738 39.219 
-0.835 60.72 
-0.796 51.266 
-0.808 55.136 
-0.786 50.394 
-0.804 54.58 
-0.765 43.651 
-0.725 38.445 
-0.713 38.349 
-0.818 55.81 
-0.77 44.83 
-0.814 55.486 
-0.81 55.421 
-0.835 60.72 
-0.809 55.391 
-0.854 66.993 
-0.837 61.149 
-0.85 66.522 
-0.781 49.185 
-0.699 37.942 
-0.757 43.545 
-0.831 60.206 
-0.765 43.651 
-0.712 38.329 
-0.795 51.106 
-0.785 49.502 
-0.734 38.742 
-0.737 39.039 
