-0.723 33.114 
-0.909 86.954 
-0.723 33.114 
-0.907 70.922 
-0.899 56.754 
-0.902 70.159 
-0.886 51.189 
-0.857 44.694 
-0.878 46.651 
-0.822 39.724 
-0.89 55.724 
-0.776 37.222 
-0.754 37.067 
-0.786 38.353 
-0.807 38.936 
-0.741 34.725 
-0.839 44.433 
-0.867 45.245 
-0.745 37.035 
-0.825 43.474 
-0.742 35.453 
-0.781 37.667 
-0.815 39.118 
-0.807 38.936 
-0.876 46.11 
-0.754 37.067 
-0.839 44.433 
-0.832 44.399 
-0.815 39.118 
-0.89 55.724 
-0.871 45.807 
-0.741 34.725 
-0.899 56.754 
-0.776 37.222 
-0.871 45.807 
-0.905 70.482 
-0.784 38.033 
-0.786 38.353 
-0.825 43.474 
-0.828 44.084 
-0.827 43.662 
-0.784 38.033 
-0.905 70.482 
-0.83 44.145 
-0.83 44.145 
-0.832 44.399 
-0.827 43.662 
-0.828 44.084 
-0.723 33.114 
-0.741 34.725 
-0.899 56.754 
-0.754 37.067 
-0.839 44.433 
-0.89 55.724 
-0.905 70.482 
-0.786 38.353 
-0.83 44.145 
-0.832 44.399 
-0.776 37.222 
-0.89 55.724 
-0.741 34.725 
-0.89 55.724 
-0.832 44.399 
-0.741 34.725 
-0.776 37.222 
-0.776 37.222 
-0.741 34.725 
-0.741 34.725 
-0.723 33.114 
-0.741 34.725 
-0.741 34.725 
-0.776 37.222 
-0.741 34.725 
-0.776 37.222 
-0.786 38.353 
-0.741 34.725 
-0.899 56.754 
-0.899 56.754 
-0.741 34.725 
-0.832 44.399 
-0.832 44.399 
-0.832 44.399 
-0.741 34.725 
-0.776 37.222 
-0.776 37.222 
-0.741 34.725 
-0.776 37.222 
-0.905 70.482 
-0.776 37.222 
-0.741 34.725 
-0.776 37.222 
-0.741 34.725 
-0.786 38.353 
-0.905 70.482 
-0.754 37.067 
-0.83 44.145 
-0.832 44.399 
-0.776 37.222 
-0.832 44.399 
-0.741 34.725 
