-0.742 32.968 
-0.915 66.588 
-0.915 66.588 
-0.742 32.968 
-0.906 60.764 
-0.909 65.873 
-0.763 33.287 
-0.906 60.764 
-0.904 56.888 
-0.88 50.273 
-0.83 43.535 
-0.897 52.564 
-0.769 37.004 
-0.898 56.109 
-0.828 40.399 
-0.799 37.639 
-0.782 37.418 
-0.879 47.02 
-0.768 33.933 
-0.825 39.4 
-0.832 43.753 
-0.842 44.004 
-0.78 37.216 
-0.852 44.1 
-0.842 44.004 
-0.885 50.327 
-0.861 44.309 
-0.878 46.392 
-0.773 37.105 
-0.805 38.003 
-0.828 40.399 
-0.799 37.639 
-0.864 44.457 
-0.815 39.019 
-0.819 39.337 
-0.887 50.561 
-0.895 51.827 
-0.81 38.778 
-0.857 44.207 
-0.852 44.1 
-0.808 38.255 
-0.805 38.003 
-0.897 52.564 
-0.888 50.882 
-0.773 37.105 
-0.857 44.207 
-0.902 56.588 
-0.893 51.53 
-0.868 45.061 
-0.866 44.632 
-0.879 47.02 
-0.913 66.361 
-0.871 45.351 
-0.899 56.275 
-0.91 66.034 
-0.909 65.873 
-0.89 51.219 
-0.913 66.361 
-0.902 56.588 
-0.893 51.53 
-0.904 56.888 
-0.895 51.827 
-0.815 39.019 
-0.872 45.59 
-0.874 45.761 
-0.782 37.418 
-0.809 38.646 
-0.867 44.726 
-0.91 66.034 
-0.899 56.275 
-0.89 51.219 
-0.764 33.399 
-0.876 46.11 
-0.876 46.11 
-0.768 33.933 
-0.767 33.652 
-0.817 39.235 
-0.808 38.255 
-0.81 38.778 
-0.875 45.999 
-0.766 33.616 
-0.766 33.616 
-0.764 33.399 
-0.817 39.235 
-0.889 51.066 
-0.874 45.761 
-0.872 45.59 
-0.898 56.109 
-0.889 51.066 
-0.869 45.196 
-0.87 45.216 
-0.809 38.646 
-0.875 45.999 
-0.769 37.004 
-0.867 44.726 
-0.818 39.316 
-0.819 39.337 
-0.88 50.273 
-0.767 33.652 
-0.818 39.316 
