-0.855 63.764 
-0.643 27.03 
-0.855 63.764 
-0.853 63.286 
-0.852 53.358 
-0.702 30.32 
-0.696 27.689 
-0.676 27.468 
-0.824 47.159 
-0.745 31.888 
-0.792 37.169 
-0.793 40.89 
-0.818 42.964 
-0.725 30.66 
-0.842 52.759 
-0.836 48.914 
-0.676 27.468 
-0.748 35.062 
-0.733 31.7 
-0.763 35.866 
-0.751 35.604 
-0.809 41.786 
-0.835 48.71 
-0.834 47.437 
-0.786 37.029 
-0.832 47.183 
-0.702 30.32 
-0.804 41.755 
-0.844 53.016 
-0.851 53.229 
-0.727 30.902 
-0.799 41.016 
-0.769 36.302 
-0.696 27.689 
-0.815 42.556 
-0.836 48.914 
-0.777 36.542 
-0.818 42.964 
-0.729 31.278 
-0.842 52.759 
-0.785 36.625 
-0.815 42.556 
-0.809 41.786 
-0.824 47.159 
-0.775 36.345 
-0.763 35.866 
-0.8 41.266 
-0.817 42.764 
-0.782 36.566 
-0.748 35.062 
-0.854 63.414 
-0.731 31.389 
-0.767 35.98 
-0.804 41.755 
-0.745 31.888 
-0.725 30.66 
-0.8 41.266 
-0.749 35.437 
-0.782 36.566 
-0.751 35.604 
-0.768 36.065 
-0.834 47.437 
-0.833 47.2 
-0.851 53.229 
-0.844 53.016 
-0.835 48.71 
-0.776 36.366 
-0.732 31.562 
-0.786 37.029 
-0.732 31.562 
-0.852 53.358 
-0.843 52.887 
-0.843 52.887 
-0.853 63.286 
-0.799 41.016 
-0.793 40.89 
-0.767 35.98 
-0.75 35.491 
-0.768 36.065 
-0.75 35.491 
-0.749 35.437 
-0.775 36.345 
-0.769 36.302 
-0.832 47.183 
-0.776 36.366 
-0.833 47.2 
-0.855 63.764 
-0.676 27.468 
-0.836 48.914 
-0.818 42.964 
-0.842 52.759 
-0.815 42.556 
-0.809 41.786 
-0.824 47.159 
-0.763 35.866 
-0.804 41.755 
-0.745 31.888 
-0.725 30.66 
-0.8 41.266 
-0.782 36.566 
