-0.789 62.758 
-0.742 41.583 
-0.742 41.583 
-0.789 62.758 
-0.624 23.08 
-0.742 41.583 
-0.713 32.984 
-0.774 57.353 
-0.735 39.292 
-0.719 34.572 
-0.711 32.89 
-0.743 42.345 
-0.772 53.343 
-0.624 23.08 
-0.624 23.08 
-0.625 23.145 
-0.734 38.346 
-0.686 28.687 
-0.713 32.984 
-0.757 44.122 
-0.789 62.758 
-0.666 26.995 
-0.672 27.339 
-0.72 36.644 
-0.711 32.89 
-0.679 27.91 
-0.742 41.583 
-0.728 37.166 
-0.781 57.62 
-0.658 24.981 
-0.667 27.128 
-0.624 23.08 
-0.719 34.572 
-0.706 32.466 
-0.719 34.572 
-0.764 47.853 
-0.771 48.662 
-0.652 24.253 
-0.781 57.62 
-0.752 43.643 
-0.657 24.698 
-0.698 29.081 
-0.673 27.543 
