-0.647 22.629 
-0.846 60.914 
-0.846 60.914 
-0.647 22.629 
-0.814 53.902 
-0.727 32.647 
-0.805 49.016 
-0.694 25.246 
-0.83 56.386 
-0.681 25.167 
-0.83 56.386 
-0.813 50.405 
-0.723 29.251 
-0.829 55.394 
-0.797 46.055 
-0.778 42.768 
-0.774 39.826 
-0.698 27.764 
-0.719 28.617 
-0.822 54.381 
-0.707 28.586 
-0.655 23.6 
-0.666 24.052 
-0.748 34.866 
-0.756 37.019 
-0.741 32.862 
-0.822 54.381 
-0.752 35.473 
-0.797 46.055 
-0.806 49.454 
-0.734 32.708 
-0.781 43.323 
-0.674 24.595 
-0.786 43.605 
-0.745 33.604 
-0.734 32.708 
-0.793 45.375 
-0.79 44.174 
-0.667 24.236 
-0.673 24.464 
-0.756 37.019 
-0.778 42.768 
-0.702 28.447 
-0.762 38.491 
-0.759 37.56 
-0.77 39.282 
-0.809 49.825 
-0.771 39.3 
-0.751 35.357 
-0.707 28.586 
-0.809 49.825 
-0.723 29.251 
-0.794 45.497 
-0.766 39.146 
-0.752 35.473 
-0.698 27.764 
-0.763 38.609 
-0.786 43.605 
-0.694 25.246 
-0.655 23.6 
-0.653 23.345 
-0.774 39.826 
-0.699 27.88 
-0.764 38.982 
-0.745 33.604 
-0.795 45.884 
-0.674 24.595 
-0.65 23.04 
-0.7 28.19 
-0.812 50.349 
-0.789 44.113 
-0.793 45.375 
-0.762 38.491 
-0.653 23.345 
-0.758 37.507 
-0.743 33.339 
-0.773 39.777 
-0.779 43.23 
-0.744 33.384 
-0.666 24.052 
-0.79 44.174 
-0.789 44.113 
-0.812 50.349 
-0.759 37.56 
-0.649 22.855 
-0.749 34.981 
-0.722 29.09 
-0.72 28.728 
-0.765 39.029 
-0.722 29.09 
-0.749 34.981 
-0.65 23.04 
-0.72 28.728 
-0.742 33.092 
-0.758 37.507 
-0.773 39.777 
-0.701 28.216 
-0.742 33.092 
-0.673 24.464 
-0.667 24.236 
