-0.811 72.363 
-0.617 30.613 
-0.811 72.363 
-0.804 71.402 
-0.7 37.276 
-0.789 65.187 
-0.773 55.353 
-0.781 59.942 
-0.676 35.592 
-0.796 66.174 
-0.779 59.711 
-0.762 53.816 
-0.759 50.34 
-0.715 40.032 
-0.744 46.343 
-0.63 31.424 
-0.645 31.852 
-0.745 49.021 
-0.728 44.041 
-0.629 31.337 
-0.715 40.032 
-0.722 41.343 
-0.804 71.402 
-0.688 35.68 
-0.789 65.187 
-0.665 35.124 
-0.664 35.046 
-0.656 32.895 
-0.619 30.801 
-0.781 59.942 
-0.796 66.174 
-0.653 32.473 
-0.664 35.046 
-0.656 32.895 
-0.766 54.986 
-0.773 55.353 
-0.646 31.874 
-0.779 59.711 
-0.795 65.981 
-0.722 41.343 
-0.728 44.041 
-0.734 44.691 
-0.692 36.203 
-0.762 53.816 
-0.75 49.169 
-0.756 49.754 
-0.696 36.762 
-0.69 35.86 
-0.717 40.428 
-0.653 32.473 
-0.795 65.981 
-0.743 46.12 
-0.72 40.897 
-0.756 49.754 
-0.619 30.801 
-0.695 36.331 
-0.738 45.032 
-0.764 54.396 
-0.646 31.874 
-0.732 44.638 
-0.764 54.396 
-0.74 45.553 
-0.694 36.228 
-0.753 49.216 
-0.736 45.008 
-0.759 50.34 
-0.758 50.261 
-0.747 49.106 
-0.752 49.186 
-0.665 35.124 
-0.753 49.216 
-0.719 40.674 
-0.645 31.852 
-0.63 31.424 
-0.765 54.794 
-0.73 44.084 
-0.689 35.751 
-0.731 44.264 
-0.766 54.986 
-0.699 36.918 
-0.655 32.827 
-0.698 36.792 
-0.742 45.784 
-0.721 41.226 
-0.746 49.051 
-0.758 50.261 
-0.739 45.261 
-0.655 32.827 
-0.719 40.674 
-0.736 45.008 
-0.739 45.261 
-0.716 40.254 
-0.765 54.794 
-0.731 44.264 
-0.716 40.254 
-0.742 45.784 
-0.741 45.612 
-0.699 36.918 
-0.721 41.226 
-0.688 35.68 
