-0.74 32.845 
-0.886 64.094 
-0.74 32.845 
-0.877 59.326 
-0.772 37.004 
-0.765 33.573 
-0.869 59.142 
-0.865 53.792 
-0.868 54.232 
-0.808 41.787 
-0.854 50.236 
-0.832 46.307 
-0.836 47.209 
-0.767 33.839 
-0.797 38.654 
-0.785 37.221 
-0.839 48.314 
-0.854 50.236 
-0.808 41.787 
-0.797 38.654 
-0.815 41.91 
-0.792 37.555 
-0.824 43.918 
-0.821 43.639 
-0.875 59.205 
-0.794 38.299 
-0.82 42.828 
-0.785 37.221 
-0.829 45.047 
-0.845 48.385 
-0.826 44.594 
-0.853 49.575 
-0.815 41.91 
-0.82 42.828 
-0.85 49.303 
-0.767 33.839 
-0.827 44.669 
-0.829 45.047 
-0.792 37.555 
-0.849 48.825 
-0.868 54.232 
-0.867 53.844 
-0.848 48.803 
-0.846 48.473 
-0.846 48.473 
-0.796 38.581 
-0.796 38.581 
-0.853 49.575 
-0.85 49.303 
-0.848 48.803 
-0.766 33.801 
-0.869 59.142 
-0.866 53.84 
-0.766 33.801 
-0.849 48.825 
-0.867 53.844 
-0.866 53.84 
-0.74 32.845 
-0.854 50.236 
-0.808 41.787 
-0.797 38.654 
-0.766 33.801 
-0.767 33.839 
-0.829 45.047 
-0.792 37.555 
-0.868 54.232 
-0.796 38.581 
-0.85 49.303 
-0.848 48.803 
-0.849 48.825 
-0.866 53.84 
-0.74 32.845 
-0.767 33.839 
-0.808 41.787 
-0.797 38.654 
-0.792 37.555 
-0.796 38.581 
-0.829 45.047 
-0.868 54.232 
-0.85 49.303 
-0.866 53.84 
-0.848 48.803 
-0.849 48.825 
-0.74 32.845 
-0.797 38.654 
-0.792 37.555 
-0.796 38.581 
-0.829 45.047 
-0.868 54.232 
-0.866 53.84 
-0.866 53.84 
-0.792 37.555 
-0.796 38.581 
-0.829 45.047 
-0.868 54.232 
-0.829 45.047 
-0.796 38.581 
-0.792 37.555 
-0.868 54.232 
-0.868 54.232 
