-0.646 24.118 
-0.883 50.674 
-0.883 50.674 
-0.646 24.118 
-0.711 25.477 
-0.801 29.867 
-0.88 45.639 
-0.75 28.75 
-0.871 40.548 
-0.882 46.163 
-0.854 40.009 
-0.853 36.174 
-0.836 34.66 
-0.83 32.046 
-0.737 26.263 
-0.746 28.327 
-0.87 40.458 
-0.725 25.729 
-0.803 30.13 
-0.816 30.162 
-0.856 40.311 
-0.724 25.711 
-0.75 28.75 
-0.746 28.327 
-0.735 26.243 
-0.871 40.548 
-0.849 35.743 
-0.737 26.263 
-0.845 35.565 
-0.819 30.422 
-0.83 32.046 
-0.844 34.997 
-0.735 26.243 
-0.747 28.519 
-0.829 31.924 
-0.827 31.394 
-0.882 46.163 
-0.837 34.73 
-0.852 36.047 
-0.846 35.653 
-0.822 30.899 
-0.821 30.595 
-0.852 36.047 
-0.82 30.543 
-0.816 30.162 
-0.829 31.924 
-0.724 25.711 
-0.827 31.394 
-0.84 34.831 
-0.826 31.276 
-0.825 31.051 
-0.842 34.945 
-0.749 28.64 
-0.855 40.223 
-0.854 40.009 
-0.856 40.311 
-0.803 30.13 
-0.853 36.174 
-0.749 28.64 
-0.826 31.276 
-0.841 34.834 
-0.84 34.831 
-0.825 31.051 
-0.824 30.951 
-0.846 35.653 
-0.855 40.223 
-0.844 34.997 
-0.821 30.595 
-0.842 34.945 
-0.823 30.948 
-0.822 30.899 
-0.841 34.834 
-0.824 30.951 
-0.823 30.948 
-0.646 24.118 
-0.883 50.674 
-0.724 25.711 
-0.75 28.75 
-0.746 28.327 
-0.871 40.548 
-0.737 26.263 
-0.83 32.046 
-0.735 26.243 
-0.882 46.163 
-0.852 36.047 
-0.829 31.924 
-0.827 31.394 
-0.854 40.009 
-0.749 28.64 
-0.826 31.276 
-0.84 34.831 
-0.825 31.051 
-0.846 35.653 
-0.855 40.223 
-0.844 34.997 
-0.821 30.595 
-0.842 34.945 
-0.822 30.899 
-0.816 30.162 
-0.841 34.834 
