-0.854 67.067 
-0.706 33.872 
-0.854 67.067 
-0.796 50.016 
-0.727 37.928 
-0.85 66.596 
-0.712 34.366 
-0.837 62.52 
-0.814 57.276 
-0.712 34.366 
-0.727 37.928 
-0.804 52.866 
-0.837 62.52 
-0.85 66.596 
-0.826 59.711 
-0.826 59.711 
-0.75 42.073 
-0.749 39.547 
-0.814 57.276 
-0.779 47.419 
-0.775 45.216 
-0.804 52.866 
-0.832 61.48 
-0.812 54.408 
-0.813 55.752 
-0.813 55.752 
-0.83 60.168 
-0.745 39.069 
-0.74 38.68 
-0.733 38.16 
-0.853 66.896 
-0.779 47.419 
-0.809 53.791 
-0.775 45.216 
-0.736 38.239 
-0.765 43.393 
-0.745 39.069 
-0.74 38.68 
-0.761 43.106 
-0.753 42.377 
-0.77 44.061 
-0.757 42.679 
-0.708 33.916 
-0.794 49.641 
-0.733 38.16 
-0.811 54.246 
-0.708 33.916 
-0.791 48.807 
-0.835 61.811 
-0.754 42.558 
-0.829 60.002 
-0.807 53.15 
-0.76 42.951 
-0.757 42.679 
-0.737 38.349 
-0.832 61.48 
-0.748 39.479 
-0.836 62.015 
-0.808 53.312 
-0.772 44.859 
-0.771 44.383 
-0.793 49.18 
-0.788 48.506 
-0.782 47.809 
-0.748 39.479 
-0.768 43.721 
-0.83 60.168 
-0.767 43.704 
-0.794 49.641 
-0.751 42.212 
-0.785 48.268 
-0.784 47.93 
-0.835 61.811 
-0.737 38.349 
-0.771 44.383 
-0.787 48.494 
-0.791 48.807 
-0.788 48.506 
-0.81 53.953 
-0.829 60.002 
-0.765 43.393 
-0.761 43.106 
-0.807 53.15 
-0.76 42.951 
-0.78 47.643 
-0.792 49.013 
-0.836 62.015 
-0.774 45.027 
-0.769 43.874 
-0.766 43.569 
-0.793 49.18 
-0.792 49.013 
-0.751 42.212 
-0.81 53.953 
-0.808 53.312 
-0.786 48.424 
-0.785 48.268 
-0.769 43.874 
-0.774 45.027 
-0.773 44.885 
