-0.731 42.441 
-0.731 42.441 
-0.838 79.856 
-0.757 43.295 
-0.805 56.266 
-0.817 63.921 
-0.817 63.921 
-0.787 53.256 
-0.767 47.606 
-0.731 42.441 
-0.837 79.768 
-0.73 42.2 
-0.781 47.697 
-0.815 63.691 
-0.789 53.508 
-0.731 42.441 
-0.829 68.488 
-0.731 42.441 
-0.817 63.921 
-0.8 54.127 
-0.7 42.183 
-0.644 34.795 
-0.838 79.856 
-0.785 52.776 
-0.817 63.921 
-0.787 53.256 
-0.817 63.921 
-0.817 63.921 
-0.644 34.795 
-0.731 42.441 
-0.73 42.2 
-0.781 47.697 
-0.817 63.921 
-0.7 42.183 
-0.686 38.313 
-0.733 42.595 
-0.787 53.256 
-0.754 42.632 
-0.731 42.441 
-0.7 42.183 
-0.757 43.295 
-0.817 63.921 
-0.817 63.921 
-0.757 43.295 
-0.821 64.171 
-0.787 53.256 
-0.785 52.776 
-0.8 54.127 
-0.7 42.183 
-0.829 68.488 
-0.764 45.563 
-0.786 53.097 
-0.7 42.183 
