-0.701 25.857 
-0.88 52.239 
-0.701 25.857 
-0.88 52.239 
-0.729 27.027 
-0.729 27.027 
-0.765 29.764 
-0.842 40.708 
-0.856 41.894 
-0.878 51.633 
-0.873 47.755 
-0.837 37.001 
-0.859 45.476 
-0.795 30.65 
-0.809 34.778 
-0.803 31.673 
-0.785 30.261 
-0.765 29.764 
-0.768 30.248 
-0.872 47.322 
-0.821 35.933 
-0.834 36.078 
-0.802 31.137 
-0.785 30.261 
-0.851 40.813 
-0.803 31.673 
-0.864 46.72 
-0.819 35.558 
-0.878 51.633 
-0.873 47.755 
-0.809 34.778 
-0.837 37.001 
-0.813 35.338 
-0.842 40.708 
-0.86 45.623 
-0.864 46.72 
-0.863 46.588 
-0.862 46.079 
-0.802 31.137 
-0.879 52.104 
-0.859 45.476 
-0.855 41.765 
-0.854 41.35 
-0.819 35.558 
-0.766 29.897 
-0.836 36.704 
-0.835 36.375 
-0.861 45.948 
-0.853 41.255 
-0.852 40.942 
-0.81 34.928 
-0.835 36.375 
-0.836 36.704 
-0.821 35.933 
-0.81 34.928 
-0.812 35.214 
-0.766 29.897 
-0.812 35.214 
-0.813 35.338 
-0.768 30.248 
-0.834 36.078 
-0.879 52.104 
-0.863 46.588 
-0.862 46.079 
-0.861 45.948 
-0.852 40.942 
-0.855 41.765 
-0.851 40.813 
-0.854 41.35 
-0.853 41.255 
-0.729 27.027 
-0.765 29.764 
-0.803 31.673 
-0.878 51.633 
-0.785 30.261 
-0.873 47.755 
-0.809 34.778 
-0.837 37.001 
-0.842 40.708 
-0.802 31.137 
-0.859 45.476 
-0.819 35.558 
-0.835 36.375 
-0.821 35.933 
-0.81 34.928 
-0.766 29.897 
-0.813 35.338 
-0.834 36.078 
-0.879 52.104 
-0.863 46.588 
-0.862 46.079 
-0.861 45.948 
-0.855 41.765 
-0.852 40.942 
-0.851 40.813 
-0.854 41.35 
-0.853 41.255 
-0.729 27.027 
-0.765 29.764 
-0.803 31.673 
