-0.889 51.624 
-0.71 33.016 
-0.71 33.016 
-0.889 51.624 
-0.88 46.85 
-0.882 50.244 
-0.828 43.57 
-0.773 34.266 
-0.827 40.55 
-0.781 37.172 
-0.731 33.055 
-0.851 43.74 
-0.83 43.601 
-0.767 33.559 
-0.752 33.432 
-0.784 37.443 
-0.798 37.538 
-0.734 33.321 
-0.773 34.266 
-0.744 33.381 
-0.804 37.817 
-0.781 37.172 
-0.752 33.432 
-0.812 38.448 
-0.744 33.381 
-0.88 46.85 
-0.819 39.164 
-0.819 39.164 
-0.804 37.817 
-0.812 38.448 
-0.77 33.846 
-0.878 46.223 
-0.857 44.196 
-0.814 38.706 
-0.868 44.536 
-0.874 45.496 
-0.822 39.47 
-0.802 37.563 
-0.827 40.55 
-0.826 40.048 
-0.871 45.292 
-0.77 33.846 
-0.888 51.48 
-0.887 50.989 
-0.861 44.256 
-0.814 38.706 
-0.822 39.47 
-0.798 37.538 
-0.875 45.856 
-0.878 46.223 
-0.824 39.808 
-0.767 33.559 
-0.862 44.26 
-0.866 44.35 
-0.87 45.0 
-0.869 44.822 
-0.734 33.321 
-0.877 45.968 
-0.851 43.74 
-0.83 43.601 
-0.886 50.845 
-0.885 50.613 
-0.882 50.244 
-0.824 39.808 
-0.874 45.496 
-0.871 45.292 
-0.853 43.785 
-0.867 44.354 
-0.87 45.0 
-0.869 44.822 
-0.813 38.539 
-0.803 37.653 
-0.782 37.329 
-0.856 44.05 
-0.888 51.48 
-0.887 50.989 
-0.886 50.845 
-0.884 50.5 
-0.883 50.357 
-0.826 40.048 
-0.825 39.919 
-0.856 44.05 
-0.855 43.929 
-0.885 50.613 
-0.883 50.357 
-0.884 50.5 
-0.825 39.919 
-0.877 45.968 
-0.876 45.861 
-0.784 37.443 
-0.854 43.878 
-0.813 38.539 
-0.866 44.35 
-0.862 44.26 
-0.803 37.653 
-0.783 37.355 
-0.855 43.929 
-0.854 43.878 
-0.853 43.785 
-0.828 43.57 
