-0.786 38.344 
-0.823 45.145 
-0.886 60.201 
-0.786 38.344 
-0.715 33.852 
-0.786 38.344 
-0.889 61.14 
-0.786 38.344 
-0.881 55.711 
-0.877 46.504 
-0.782 37.881 
-0.871 45.304 
-0.786 38.344 
-0.888 60.841 
-0.862 45.149 
-0.786 38.344 
-0.862 45.149 
-0.715 33.852 
-0.782 37.881 
-0.786 38.344 
-0.779 37.331 
-0.738 36.876 
-0.786 38.344 
-0.862 45.149 
-0.786 38.344 
-0.786 38.344 
-0.862 45.149 
-0.786 38.344 
-0.81 39.17 
-0.786 38.344 
-0.862 45.149 
-0.862 45.149 
-0.862 45.149 
-0.877 46.504 
-0.792 39.16 
-0.879 50.698 
-0.782 37.881 
-0.882 60.198 
-0.82 43.689 
