P=? [ F (x=9&y=9&crashed=0) ]	R{"cost"}=? [ C<=100 ]
0.63	19.732
0.872	65.269
0.63	19.732
0.872	65.269
0.682	23.12
0.863	55.686
0.822	44.501
0.701	27.08
0.871	60.673
0.87	60.17
0.79	38.227
0.852	54.601
0.847	50.852
0.789	35.141
0.819	40.77
0.682	23.12
0.717	27.184
0.842	49.513
0.838	46.314
0.695	25.075
0.749	29.86
0.75	32.297
0.728	27.941
0.751	32.612
0.738	28.257
0.768	33.048
0.76	32.877
0.87	60.17
0.796	38.492
0.76	32.877
0.692	23.697
0.844	49.677
0.855	54.637
0.788	34.675
0.724	27.329
0.829	44.704
0.847	50.852
0.786	34.181
0.863	55.686
0.838	46.314
0.701	27.08
0.77	33.527
0.693	24.685
0.859	55.609
0.741	28.713
0.797	38.688
0.745	29.152
0.719	27.294
0.809	39.817
0.835	45.489
0.852	54.601
0.804	39.265
0.802	39.231
0.78	34.03
0.831	45.098
0.775	33.853
0.819	40.77
0.78	34.03
0.809	39.817
0.804	39.265
0.747	29.701
0.815	40.139
0.802	39.231
0.842	49.513
0.846	50.329
0.687	23.244
0.837	45.801
0.784	34.062
0.833	45.272
0.846	50.329
0.818	40.383
0.726	27.481
0.86	55.666
0.859	55.609
0.817	40.31
0.811	39.866
0.855	54.637
0.822	44.501
0.797	38.688
0.772	33.832
0.871	60.673
0.771	33.69
0.74	28.412
0.684	23.228
0.815	40.139
0.811	39.866
0.774	33.834
0.694	25.073
0.693	24.685
0.768	33.048
0.69	23.534
0.69	23.534
0.747	29.701
0.744	29.146
0.739	28.411
0.726	27.481
0.743	28.996
0.738	28.257
0.837	45.801
0.688	23.367
