P=? [ F (x=9&y=9&crashed=0) ]	R{"cost"}=? [ C<=100 ]
0.928	49.249
0.734	25.423
0.734	25.423
0.928	49.249
0.798	26.211
0.917	44.099
0.919	48.03
0.825	27.474
0.767	25.527
0.902	38.815
0.887	36.337
0.859	30.683
0.77	25.538
0.885	33.211
0.832	30.253
0.904	41.865
0.829	30.012
0.81	26.932
0.81	26.932
0.898	37.781
0.77	25.538
0.825	27.474
0.911	43.538
0.879	32.553
0.878	32.146
0.869	31.314
0.9	38.397
0.924	48.272
0.883	32.888
0.859	30.683
0.927	48.635
0.91	42.937
0.874	31.875
0.914	43.75
0.871	31.643
0.909	42.781
0.908	42.22
0.829	30.012
0.894	37.44
0.9	38.397
0.874	31.875
0.865	30.907
0.898	37.781
0.894	37.44
0.883	32.888
0.914	43.75
0.885	33.211
0.868	31.128
0.832	30.253
0.862	30.86
0.924	48.272
0.919	48.03
0.889	36.761
0.871	31.643
0.767	25.527
0.891	37.1
0.889	36.761
0.879	32.553
0.865	30.907
0.862	30.86
0.926	48.476
0.907	42.065
0.892	37.253
0.891	37.1
0.878	32.146
0.888	36.527
0.868	31.128
0.911	43.538
0.926	48.476
0.907	42.065
0.905	41.866
0.831	30.202
0.888	36.527
0.892	37.253
0.831	30.202
0.927	48.635
0.91	42.937
0.909	42.781
0.908	42.22
0.905	41.866
0.904	41.865
0.734	25.423
0.928	49.249
0.81	26.932
0.77	25.538
0.859	30.683
0.9	38.397
0.874	31.875
0.894	37.44
0.883	32.888
0.832	30.253
0.924	48.272
0.919	48.03
0.871	31.643
0.767	25.527
0.889	36.761
0.879	32.553
0.865	30.907
0.891	37.1
0.878	32.146
