P=? [ F (x=9&y=9&crashed=0) ]	R{"cost"}=? [ C<=100 ]
0.693	21.11
0.91	107.766
0.91	107.766
0.693	21.11
0.909	72.457
0.697	21.383
0.73	24.523
0.9	62.909
0.907	72.36
0.891	57.986
0.731	24.597
0.75	24.739
0.882	56.567
0.844	40.932
0.871	51.04
0.802	34.47
0.761	25.841
0.857	46.034
0.899	62.88
0.816	35.949
0.827	35.952
0.697	21.383
0.838	37.051
0.854	41.773
0.891	57.986
0.879	52.487
0.881	53.035
0.865	47.58
0.873	51.743
0.852	40.984
0.776	29.45
0.801	31.472
0.785	29.696
0.73	24.523
0.755	25.403
0.768	28.905
0.865	47.58
0.761	25.841
0.899	62.88
0.809	34.658
0.768	28.905
0.907	72.36
0.834	36.419
0.827	35.952
0.838	37.051
0.776	29.45
0.77	29.227
0.793	30.289
0.844	40.932
0.788	30.284
0.882	56.567
0.854	41.773
0.872	51.321
0.863	46.546
0.862	46.309
0.857	46.034
0.86	46.065
0.794	30.357
0.798	31.138
0.814	35.383
0.795	30.653
0.797	30.873
0.835	36.448
0.81	34.896
0.863	46.546
0.836	36.676
0.752	24.801
0.786	29.855
0.881	53.035
0.853	41.236
0.799	31.23
0.834	36.419
0.813	35.32
0.786	29.855
0.811	34.912
0.813	35.32
0.811	34.912
0.788	30.284
0.836	36.676
0.815	35.665
0.815	35.665
0.754	25.138
0.853	41.236
0.785	29.696
0.801	31.472
0.799	31.23
0.861	46.082
0.77	29.227
0.797	30.873
0.795	30.653
0.769	29.024
0.754	25.138
0.753	24.94
0.809	34.658
0.802	34.47
0.75	24.739
0.731	24.597
0.753	24.94
0.769	29.024
0.909	72.457
