-0.739 27.015 
-0.716 26.387 
-0.739 27.015 
-0.88 43.331 
-0.87 41.907 
-0.8 32.087 
-0.774 30.842 
-0.77 30.432 
-0.769 30.395 
-0.772 30.798 
-0.8 32.087 
-0.833 36.251 
-0.868 41.328 
-0.732 26.445 
-0.88 43.331 
-0.772 30.798 
-0.77 30.432 
-0.833 36.251 
-0.831 36.016 
-0.898 48.581 
-0.856 37.227 
-0.734 26.661 
-0.714 26.36 
-0.882 43.466 
-0.785 31.431 
-0.87 41.907 
-0.9 54.025 
-0.716 26.387 
-0.8 32.087 
-0.824 32.349 
-0.853 37.187 
-0.85 36.559 
-0.857 38.362 
-0.8 32.087 
-0.88 43.331 
-0.875 42.364 
-0.734 26.661 
-0.77 30.432 
-0.85 36.559 
-0.739 27.015 
-0.77 30.432 
-0.739 27.015 
-0.877 43.04 
-0.771 30.457 
-0.714 26.36 
-0.8 32.087 
-0.772 30.798 
-0.824 32.349 
-0.772 30.798 
-0.714 26.36 
-0.85 36.559 
-0.88 43.331 
-0.774 30.842 
-0.898 48.581 
-0.896 47.974 
-0.716 26.387 
-0.8 32.087 
-0.769 30.395 
-0.799 31.903 
-0.8 32.087 
-0.739 27.015 
-0.898 48.581 
-0.732 26.445 
-0.739 27.015 
-0.734 26.661 
-0.769 30.395 
-0.761 27.999 
-0.875 42.364 
-0.734 26.661 
-0.772 30.798 
-0.8 32.087 
-0.85 36.559 
-0.8 32.087 
-0.734 26.661 
-0.85 36.559 
-0.772 30.798 
-0.772 30.798 
-0.87 41.907 
-0.85 36.559 
-0.8 32.087 
-0.714 26.36 
-0.8 32.087 
-0.772 30.798 
-0.875 42.364 
-0.77 30.432 
-0.8 32.087 
-0.739 27.015 
-0.772 30.798 
-0.8 32.087 
-0.833 36.251 
-0.824 32.349 
-0.898 48.581 
-0.898 48.581 
-0.8 32.087 
-0.8 32.087 
-0.734 26.661 
-0.779 31.236 
-0.776 31.047 
-0.832 36.167 
