-0.9 54.023 
-0.694 25.897 
-0.9 54.023 
-0.694 25.897 
-0.857 38.359 
-0.898 48.571 
-0.832 32.271 
-0.696 26.023 
-0.731 26.357 
-0.896 47.974 
-0.882 43.466 
-0.76 26.856 
-0.833 36.251 
-0.828 31.837 
-0.734 26.656 
-0.767 27.561 
-0.806 31.722 
-0.868 41.328 
-0.77 30.347 
-0.774 30.835 
-0.792 30.854 
-0.85 36.429 
-0.896 47.974 
-0.875 42.363 
-0.835 36.306 
-0.882 43.466 
-0.879 42.809 
-0.868 41.328 
-0.8 31.045 
-0.856 37.226 
-0.76 26.856 
-0.767 27.561 
-0.792 30.854 
-0.87 41.775 
-0.898 48.571 
-0.806 31.722 
-0.88 43.329 
-0.801 31.066 
-0.853 36.908 
-0.87 41.775 
-0.801 31.066 
-0.773 30.496 
-0.696 26.023 
-0.85 36.429 
-0.77 30.347 
-0.855 36.987 
-0.869 41.418 
-0.853 36.908 
-0.734 26.656 
-0.731 26.357 
-0.835 36.306 
-0.771 30.455 
-0.856 37.226 
-0.732 26.445 
-0.732 26.445 
-0.88 43.329 
-0.869 41.418 
-0.855 36.987 
-0.833 36.251 
-0.773 30.496 
-0.771 30.455 
-0.774 30.835 
-0.694 25.897 
-0.9 54.023 
-0.882 43.466 
-0.868 41.328 
-0.792 30.854 
-0.76 26.856 
-0.767 27.561 
-0.806 31.722 
-0.898 48.571 
-0.85 36.429 
-0.77 30.347 
-0.853 36.908 
-0.731 26.357 
-0.732 26.445 
-0.88 43.329 
-0.855 36.987 
-0.833 36.251 
-0.773 30.496 
-0.774 30.835 
-0.9 54.023 
-0.868 41.328 
-0.882 43.466 
-0.76 26.856 
-0.792 30.854 
-0.853 36.908 
-0.85 36.429 
-0.77 30.347 
-0.732 26.445 
-0.833 36.251 
-0.773 30.496 
-0.868 41.328 
-0.792 30.854 
-0.833 36.251 
-0.833 36.251 
-0.833 36.251 
-0.833 36.251 
-0.833 36.251 
-0.868 41.328 
