-0.766 31.99 
-0.88 52.278 
-0.754 30.755 
-0.836 36.954 
-0.858 43.073 
-0.874 48.404 
-0.88 52.278 
-0.88 52.278 
-0.766 31.99 
-0.754 30.755 
-0.818 36.129 
-0.874 48.404 
-0.874 48.404 
-0.895 52.629 
-0.766 31.99 
-0.888 52.401 
-0.874 48.404 
-0.762 30.89 
-0.7 26.392 
-0.732 26.448 
-0.754 30.755 
-0.843 41.411 
-0.818 36.129 
-0.874 48.404 
-0.796 32.203 
-0.888 52.401 
-0.874 48.404 
-0.88 52.278 
-0.856 42.635 
-0.732 26.448 
-0.739 27.015 
-0.809 35.39 
-0.874 48.404 
-0.871 43.392 
-0.773 31.995 
-0.754 30.755 
-0.872 46.468 
-0.875 52.035 
