-0.891 57.057 
-0.702 24.448 
-0.891 57.057 
-0.714 25.285 
-0.75 26.449 
-0.821 35.82 
-0.87 50.198 
-0.865 46.122 
-0.89 56.92 
-0.882 51.857 
-0.759 29.657 
-0.784 30.178 
-0.833 39.272 
-0.848 41.627 
-0.86 44.898 
-0.8 31.559 
-0.757 29.28 
-0.807 34.395 
-0.848 41.627 
-0.753 27.126 
-0.878 50.627 
-0.86 44.898 
-0.714 25.285 
-0.833 39.272 
-0.808 34.685 
-0.816 34.817 
-0.708 24.91 
-0.882 51.857 
-0.784 30.178 
-0.89 56.92 
-0.75 26.449 
-0.807 34.395 
-0.8 31.559 
-0.864 45.988 
-0.87 50.198 
-0.79 30.194 
-0.753 27.126 
-0.843 40.293 
-0.817 35.027 
-0.881 51.641 
-0.819 35.376 
-0.845 40.852 
-0.838 40.169 
-0.862 45.243 
-0.794 30.678 
-0.844 40.51 
-0.792 30.444 
-0.706 24.735 
-0.752 26.669 
-0.796 30.948 
-0.758 29.433 
-0.846 41.196 
-0.88 51.156 
-0.846 41.196 
-0.862 45.243 
-0.836 39.847 
-0.835 39.48 
-0.879 50.94 
-0.798 31.272 
-0.706 24.735 
-0.797 31.227 
-0.82 35.549 
-0.837 40.114 
-0.836 39.847 
-0.752 26.669 
-0.798 31.272 
-0.88 51.156 
-0.879 50.94 
-0.861 45.031 
-0.82 35.549 
-0.795 30.84 
-0.791 30.354 
-0.861 45.031 
-0.835 39.48 
-0.834 39.349 
-0.707 24.863 
-0.843 40.293 
-0.838 40.169 
-0.795 30.84 
-0.791 30.354 
-0.834 39.349 
-0.837 40.114 
-0.707 24.863 
-0.797 31.227 
-0.79 30.194 
-0.706 24.735 
-0.86 44.898 
-0.833 39.272 
-0.882 51.857 
-0.784 30.178 
-0.89 56.92 
-0.75 26.449 
-0.8 31.559 
-0.87 50.198 
-0.753 27.126 
-0.862 45.243 
-0.752 26.669 
-0.798 31.272 
-0.88 51.156 
-0.879 50.94 
