-0.891 57.056 
-0.7 24.181 
-0.891 57.056 
-0.7 24.181 
-0.87 50.196 
-0.75 26.447 
-0.72 25.33 
-0.888 56.21 
-0.882 51.855 
-0.8 31.558 
-0.865 46.122 
-0.712 24.289 
-0.765 29.589 
-0.86 44.897 
-0.848 41.58 
-0.757 29.28 
-0.784 30.167 
-0.833 39.271 
-0.824 36.197 
-0.807 34.389 
-0.754 26.949 
-0.848 41.58 
-0.86 44.897 
-0.72 25.33 
-0.714 25.284 
-0.808 34.549 
-0.824 36.197 
-0.888 56.21 
-0.833 39.271 
-0.784 30.167 
-0.878 50.627 
-0.75 26.447 
-0.816 34.814 
-0.79 30.191 
-0.807 34.389 
-0.87 50.196 
-0.763 29.347 
-0.882 51.855 
-0.865 46.122 
-0.843 40.293 
-0.838 40.169 
-0.847 41.241 
-0.765 29.589 
-0.862 45.242 
-0.89 56.918 
-0.754 26.949 
-0.819 35.333 
-0.845 40.85 
-0.846 40.929 
-0.796 30.948 
-0.881 51.641 
-0.88 51.156 
-0.822 35.855 
-0.752 26.666 
-0.817 34.884 
-0.878 50.627 
-0.798 31.228 
-0.757 29.28 
-0.752 26.666 
-0.834 39.348 
-0.836 39.847 
-0.835 39.48 
-0.88 51.156 
-0.863 45.595 
-0.879 50.803 
-0.864 45.775 
-0.844 40.509 
-0.794 30.678 
-0.89 56.918 
-0.797 31.227 
-0.816 34.814 
-0.792 30.441 
-0.799 31.468 
-0.763 29.347 
-0.818 35.095 
-0.794 30.678 
-0.792 30.441 
-0.714 25.284 
-0.844 40.509 
-0.82 35.549 
-0.881 51.641 
-0.823 35.985 
-0.861 45.03 
-0.818 35.095 
-0.837 40.028 
-0.836 39.847 
-0.864 45.775 
-0.863 45.595 
-0.879 50.803 
-0.821 35.686 
-0.795 30.839 
-0.791 30.351 
-0.837 40.028 
-0.821 35.686 
-0.82 35.549 
-0.861 45.03 
-0.835 39.48 
-0.823 35.985 
-0.843 40.293 
-0.838 40.169 
