-0.851 45.608 
-0.851 45.608 
-0.781 30.916 
-0.853 45.821 
-0.853 45.821 
-0.78 30.757 
-0.798 35.317 
-0.799 35.638 
-0.853 45.821 
-0.707 24.955 
-0.781 30.916 
-0.853 45.821 
-0.879 50.948 
-0.796 35.076 
-0.798 35.317 
-0.88 55.952 
-0.781 30.916 
-0.78 30.757 
-0.753 30.484 
-0.794 34.928 
-0.837 40.247 
-0.741 28.601 
-0.801 35.808 
-0.864 47.372 
-0.754 30.636 
-0.861 46.339 
-0.781 30.916 
-0.797 35.237 
-0.752 29.987 
-0.783 34.633 
-0.854 46.096 
-0.854 46.096 
-0.836 40.143 
-0.784 34.726 
-0.756 30.725 
-0.798 35.317 
-0.82 35.84 
-0.751 29.609 
-0.845 41.021 
-0.837 40.247 
-0.86 46.171 
