-0.853 45.821 
-0.853 45.821 
-0.853 45.821 
-0.853 45.821 
-0.837 40.247 
-0.741 28.601 
-0.864 47.372 
-0.752 29.987 
-0.751 29.609 
-0.845 41.021 
-0.837 40.247 
-0.853 45.821 
-0.869 50.607 
-0.837 40.247 
-0.88 51.157 
-0.854 45.894 
-0.879 50.944 
-0.707 24.863 
-0.853 45.821 
-0.82 35.643 
-0.853 45.821 
-0.774 30.682 
-0.836 40.012 
-0.881 51.995 
-0.709 26.017 
-0.864 47.372 
-0.853 45.821 
-0.863 47.029 
-0.795 30.978 
-0.843 40.297 
-0.852 45.656 
-0.862 46.814 
-0.853 45.821 
-0.845 41.021 
-0.821 36.15 
-0.862 46.814 
-0.821 36.15 
-0.844 40.512 
-0.781 30.9 
-0.77 30.226 
-0.774 30.682 
-0.837 40.247 
-0.853 45.821 
-0.869 50.607 
-0.812 35.126 
-0.818 35.499 
-0.78 30.733 
-0.861 46.105 
-0.797 31.23 
-0.863 47.029 
-0.863 47.029 
-0.797 31.23 
-0.741 28.601 
-0.862 46.814 
-0.851 45.593 
-0.741 28.601 
-0.878 50.77 
