-0.694 25.833 
-0.694 25.833 
-0.873 57.483 
-0.865 52.813 
-0.854 52.182 
-0.74 26.157 
-0.853 47.017 
-0.829 37.774 
-0.835 42.183 
-0.71 26.06 
-0.853 47.017 
-0.846 42.868 
-0.749 30.095 
-0.784 30.649 
-0.747 26.86 
-0.787 34.968 
-0.795 35.849 
-0.786 32.266 
-0.71 26.06 
-0.808 35.86 
-0.772 30.588 
-0.763 30.283 
-0.75 30.216 
-0.829 37.774 
-0.842 42.208 
-0.746 26.242 
-0.786 32.266 
-0.82 36.472 
-0.771 30.444 
-0.763 30.283 
-0.82 36.472 
-0.846 42.868 
-0.811 36.325 
-0.819 36.469 
-0.794 35.107 
-0.835 42.183 
-0.747 26.86 
-0.791 34.982 
-0.81 36.316 
-0.844 42.637 
-0.845 42.64 
-0.791 34.982 
-0.784 30.649 
-0.808 35.86 
-0.81 36.316 
-0.844 42.637 
-0.771 30.444 
-0.819 36.469 
-0.811 36.325 
-0.794 35.107 
-0.75 30.216 
-0.787 34.968 
-0.853 47.017 
-0.829 37.774 
-0.82 36.472 
-0.835 42.183 
-0.75 30.216 
-0.791 34.982 
-0.784 30.649 
-0.808 35.86 
-0.81 36.316 
-0.771 30.444 
-0.819 36.469 
-0.811 36.325 
-0.844 42.637 
-0.787 34.968 
-0.853 47.017 
-0.829 37.774 
-0.75 30.216 
-0.791 34.982 
-0.784 30.649 
-0.81 36.316 
-0.819 36.469 
-0.811 36.325 
-0.844 42.637 
-0.787 34.968 
-0.811 36.325 
-0.811 36.325 
-0.811 36.325 
-0.811 36.325 
-0.811 36.325 
-0.811 36.325 
-0.811 36.325 
-0.811 36.325 
-0.811 36.325 
-0.811 36.325 
-0.75 30.216 
-0.811 36.325 
-0.75 30.216 
-0.811 36.325 
-0.81 36.316 
-0.811 36.325 
-0.811 36.325 
-0.811 36.325 
-0.75 30.216 
-0.811 36.325 
-0.811 36.325 
-0.811 36.325 
-0.811 36.325 
-0.811 36.325 
