-0.828 87.307 
-0.576 28.735 
-0.828 87.307 
-0.82 77.935 
-0.812 72.703 
-0.763 54.106 
-0.82 77.935 
-0.803 70.871 
-0.779 59.712 
-0.773 55.138 
-0.758 50.096 
-0.62 31.068 
-0.788 62.167 
-0.659 35.322 
-0.656 32.429 
-0.626 31.138 
-0.745 48.939 
-0.7 37.294 
-0.644 31.634 
-0.728 43.948 
-0.593 29.119 
-0.781 60.314 
-0.795 65.713 
-0.796 67.463 
-0.606 30.006 
-0.788 62.167 
-0.707 39.808 
-0.804 72.447 
-0.796 67.463 
-0.795 65.713 
-0.744 46.288 
-0.722 41.388 
-0.676 35.979 
-0.675 35.589 
-0.666 35.552 
-0.604 29.779 
-0.595 29.335 
-0.771 54.541 
-0.651 31.893 
-0.644 31.634 
-0.685 36.039 
-0.757 49.889 
-0.707 39.808 
-0.691 36.049 
-0.752 49.176 
-0.665 35.35 
-0.722 41.388 
-0.606 30.006 
-0.685 36.039 
-0.711 39.986 
-0.734 44.856 
-0.732 44.559 
-0.718 40.76 
-0.78 60.159 
-0.772 54.931 
-0.652 32.018 
-0.695 36.57 
-0.624 31.083 
-0.753 49.182 
-0.753 49.182 
-0.737 45.002 
-0.738 45.224 
-0.604 29.779 
-0.595 29.335 
-0.741 45.735 
-0.729 44.097 
-0.593 29.119 
-0.735 44.99 
-0.743 45.984 
-0.741 45.735 
-0.738 45.224 
-0.698 37.021 
-0.699 37.055 
-0.742 45.914 
-0.697 36.781 
-0.731 44.426 
-0.771 54.541 
-0.652 32.018 
-0.719 40.781 
-0.716 40.363 
-0.744 46.288 
-0.716 40.363 
-0.721 41.226 
-0.72 40.929 
-0.625 31.122 
-0.712 40.013 
-0.804 72.447 
-0.73 44.348 
-0.752 49.176 
-0.697 36.781 
-0.715 40.294 
-0.714 40.101 
-0.693 36.314 
-0.692 36.13 
-0.721 41.226 
-0.72 40.929 
-0.694 36.442 
-0.694 36.442 
-0.693 36.314 
-0.714 40.101 
