-0.891 59.508 
-0.891 59.508 
-0.758 29.951 
-0.886 58.88 
-0.778 34.468 
-0.876 52.996 
-0.856 43.116 
-0.768 30.82 
-0.784 35.537 
-0.873 48.307 
-0.882 54.471 
-0.82 37.067 
-0.803 36.666 
-0.859 46.886 
-0.841 41.827 
-0.84 38.607 
-0.799 36.307 
-0.838 38.246 
-0.768 30.82 
-0.832 37.504 
-0.85 42.132 
-0.88 53.607 
-0.843 41.983 
-0.882 54.471 
-0.889 59.188 
-0.879 53.026 
-0.762 30.221 
-0.799 36.307 
-0.864 47.572 
-0.869 47.829 
-0.802 36.425 
-0.824 37.349 
-0.821 37.227 
-0.76 30.105 
-0.829 37.469 
-0.762 30.221 
-0.869 47.829 
-0.873 48.307 
-0.872 48.133 
-0.859 46.886 
-0.855 42.744 
-0.783 34.944 
-0.829 37.469 
-0.824 37.349 
-0.862 47.263 
-0.853 42.437 
-0.782 34.662 
-0.864 47.572 
-0.876 52.996 
-0.851 42.382 
-0.862 47.263 
-0.803 36.666 
-0.86 47.058 
-0.84 38.607 
-0.855 42.744 
-0.872 48.133 
-0.783 34.944 
-0.853 42.437 
-0.78 34.516 
-0.86 47.058 
-0.782 34.662 
-0.78 34.516 
-0.842 41.847 
-0.851 42.382 
-0.779 34.509 
-0.842 41.847 
-0.779 34.509 
-0.762 30.221 
-0.869 47.829 
-0.873 48.307 
-0.84 38.607 
-0.829 37.469 
-0.824 37.349 
-0.864 47.572 
-0.876 52.996 
-0.862 47.263 
-0.855 42.744 
-0.783 34.944 
-0.78 34.516 
-0.851 42.382 
-0.779 34.509 
-0.762 30.221 
-0.783 34.944 
-0.84 38.607 
-0.855 42.744 
-0.869 47.829 
-0.873 48.307 
-0.829 37.469 
-0.824 37.349 
-0.864 47.572 
-0.862 47.263 
-0.851 42.382 
-0.78 34.516 
-0.78 34.516 
-0.762 30.221 
-0.855 42.744 
-0.869 47.829 
-0.862 47.263 
-0.829 37.469 
-0.829 37.469 
