-0.891 59.508 
-0.756 29.898 
-0.756 29.898 
-0.891 59.508 
-0.779 34.382 
-0.874 48.934 
-0.886 58.88 
-0.882 54.471 
-0.876 52.98 
-0.768 30.82 
-0.784 35.537 
-0.841 41.68 
-0.859 46.886 
-0.858 43.72 
-0.84 38.606 
-0.799 36.307 
-0.808 37.065 
-0.768 30.82 
-0.82 37.067 
-0.833 37.865 
-0.828 37.257 
-0.763 30.267 
-0.882 54.471 
-0.85 42.132 
-0.821 37.227 
-0.843 41.983 
-0.838 38.246 
-0.799 36.307 
-0.803 36.666 
-0.853 42.436 
-0.88 53.468 
-0.886 58.88 
-0.829 37.466 
-0.879 53.026 
-0.808 37.065 
-0.864 47.572 
-0.758 29.951 
-0.868 47.681 
-0.832 37.504 
-0.784 35.537 
-0.889 59.188 
-0.851 42.375 
-0.802 36.425 
-0.88 53.468 
-0.858 43.72 
-0.856 43.089 
-0.873 48.307 
-0.838 38.246 
-0.863 47.365 
-0.783 34.944 
-0.856 43.089 
-0.855 42.744 
-0.862 47.192 
-0.889 59.188 
-0.782 34.662 
-0.803 36.666 
-0.76 30.105 
-0.869 47.829 
-0.84 38.606 
-0.871 47.993 
-0.861 47.056 
-0.78 34.516 
-0.76 30.105 
-0.855 42.744 
-0.783 34.944 
-0.876 52.98 
-0.762 30.221 
-0.873 48.307 
-0.872 48.133 
-0.861 47.056 
-0.859 46.886 
-0.842 41.847 
-0.871 47.993 
-0.869 47.829 
-0.85 42.132 
-0.843 41.983 
-0.782 34.662 
-0.78 34.516 
-0.872 48.133 
-0.842 41.847 
-0.802 36.425 
-0.762 30.221 
-0.868 47.681 
-0.864 47.572 
-0.879 53.026 
-0.832 37.504 
-0.821 37.227 
-0.82 37.067 
-0.891 59.508 
-0.768 30.82 
-0.882 54.471 
-0.799 36.307 
-0.886 58.88 
-0.808 37.065 
-0.838 38.246 
-0.803 36.666 
-0.76 30.105 
-0.864 47.572 
-0.855 42.744 
-0.783 34.944 
