-0.698 25.44 
-0.916 53.028 
-0.698 25.44 
-0.803 25.88 
-0.717 25.682 
-0.884 41.201 
-0.915 52.79 
-0.907 47.671 
-0.878 36.74 
-0.89 46.039 
-0.864 35.88 
-0.823 27.281 
-0.889 41.825 
-0.856 32.341 
-0.829 30.303 
-0.874 36.187 
-0.717 25.682 
-0.699 25.441 
-0.84 31.563 
-0.833 30.711 
-0.851 31.694 
-0.856 32.341 
-0.811 26.279 
-0.907 47.671 
-0.864 35.88 
-0.878 36.74 
-0.811 26.279 
-0.915 52.79 
-0.803 25.88 
-0.905 47.159 
-0.891 46.446 
-0.818 26.889 
-0.898 47.074 
-0.829 30.303 
-0.84 31.563 
-0.897 46.885 
-0.851 31.694 
-0.819 27.142 
-0.888 41.417 
-0.818 26.889 
-0.897 46.885 
-0.891 46.446 
-0.831 30.6 
-0.906 47.256 
-0.889 41.825 
-0.887 41.324 
-0.699 25.441 
-0.831 30.6 
-0.819 27.142 
-0.887 41.324 
-0.906 47.256 
-0.898 47.074 
-0.698 25.44 
-0.717 25.682 
-0.856 32.341 
-0.864 35.88 
-0.907 47.671 
-0.811 26.279 
-0.915 52.79 
-0.803 25.88 
-0.829 30.303 
-0.84 31.563 
-0.851 31.694 
-0.818 26.889 
-0.891 46.446 
-0.889 41.825 
-0.699 25.441 
-0.831 30.6 
-0.819 27.142 
-0.887 41.324 
-0.898 47.074 
-0.698 25.44 
-0.717 25.682 
-0.856 32.341 
-0.829 30.303 
-0.915 52.79 
-0.819 27.142 
-0.907 47.671 
-0.811 26.279 
-0.803 25.88 
-0.84 31.563 
-0.898 47.074 
-0.851 31.694 
-0.891 46.446 
-0.818 26.889 
-0.889 41.825 
-0.699 25.441 
-0.831 30.6 
-0.887 41.324 
-0.698 25.44 
-0.717 25.682 
-0.856 32.341 
-0.829 30.303 
-0.915 52.79 
-0.819 27.142 
-0.907 47.671 
-0.811 26.279 
-0.803 25.88 
-0.84 31.563 
-0.898 47.074 
