-0.783 30.186 
-0.855 36.53 
-0.737 26.634 
-0.854 36.046 
-0.855 36.53 
-0.829 31.361 
-0.855 36.53 
-0.854 36.046 
-0.768 27.424 
-0.854 36.046 
-0.829 31.361 
-0.854 36.046 
-0.856 36.843 
-0.737 26.634 
-0.866 41.114 
-0.829 31.361 
-0.783 30.186 
-0.866 41.114 
-0.907 52.823 
-0.854 36.046 
-0.831 31.487 
-0.829 31.361 
-0.866 41.114 
-0.828 31.036 
-0.855 36.53 
-0.899 51.922 
-0.888 46.247 
-0.737 26.634 
-0.866 41.114 
-0.855 36.53 
-0.854 36.046 
-0.854 36.046 
-0.854 36.046 
-0.879 45.866 
-0.853 35.828 
-0.833 35.765 
-0.898 47.517 
-0.737 26.634 
-0.737 26.634 
-0.833 35.765 
-0.829 31.361 
-0.854 36.046 
-0.853 35.828 
-0.833 35.765 
-0.737 26.634 
-0.866 41.114 
-0.854 36.046 
-0.737 26.634 
-0.854 36.046 
-0.855 36.53 
-0.879 45.866 
-0.856 36.843 
-0.866 41.114 
-0.873 42.327 
-0.829 31.361 
-0.855 36.53 
-0.854 36.046 
-0.862 40.471 
-0.855 36.53 
-0.829 31.361 
-0.855 36.53 
-0.698 25.44 
-0.855 36.53 
-0.855 36.53 
-0.854 36.046 
-0.783 30.186 
-0.916 57.998 
