-0.918 63.283 
-0.825 26.555 
-0.825 26.555 
-0.918 63.283 
-0.917 52.935 
-0.899 43.616 
-0.888 41.49 
-0.914 47.496 
-0.916 47.893 
-0.836 31.185 
-0.833 27.101 
-0.917 52.935 
-0.863 36.322 
-0.86 33.181 
-0.914 47.496 
-0.88 38.691 
-0.88 38.691 
-0.847 31.461 
-0.828 27.094 
-0.878 37.642 
-0.871 36.719 
-0.876 37.183 
-0.841 31.219 
-0.841 31.219 
-0.868 36.421 
-0.858 32.617 
-0.854 32.485 
-0.897 42.814 
-0.826 26.626 
-0.87 36.52 
-0.889 41.747 
-0.896 42.265 
-0.863 36.322 
-0.876 37.183 
-0.836 31.185 
-0.892 42.181 
-0.833 27.101 
-0.915 47.658 
-0.848 31.744 
-0.852 31.951 
-0.85 31.912 
-0.868 36.421 
-0.892 42.181 
-0.889 41.747 
-0.85 31.912 
-0.898 43.227 
-0.894 42.216 
-0.859 33.022 
-0.898 43.227 
-0.853 32.145 
-0.853 32.145 
-0.848 31.744 
-0.859 33.022 
-0.858 32.617 
-0.854 32.485 
-0.895 42.22 
-0.852 31.951 
-0.893 42.202 
-0.893 42.202 
-0.895 42.22 
-0.918 63.283 
-0.825 26.555 
-0.914 47.496 
-0.898 43.227 
-0.889 41.747 
-0.88 38.691 
-0.841 31.219 
-0.868 36.421 
-0.863 36.322 
-0.836 31.185 
-0.876 37.183 
-0.833 27.101 
-0.917 52.935 
-0.892 42.181 
-0.85 31.912 
-0.859 33.022 
-0.858 32.617 
-0.854 32.485 
-0.852 31.951 
-0.893 42.202 
-0.895 42.22 
-0.825 26.555 
-0.918 63.283 
-0.914 47.496 
-0.898 43.227 
-0.889 41.747 
-0.841 31.219 
-0.868 36.421 
-0.863 36.322 
-0.836 31.185 
-0.917 52.935 
-0.892 42.181 
-0.85 31.912 
-0.859 33.022 
-0.858 32.617 
-0.854 32.485 
-0.852 31.951 
-0.895 42.22 
-0.893 42.202 
-0.825 26.555 
