-0.844 50.709 
-0.844 50.709 
-0.654 23.98 
-0.654 23.98 
-0.727 26.208 
-0.669 25.096 
-0.739 29.88 
-0.834 40.827 
-0.793 34.345 
-0.843 45.886 
-0.782 30.975 
-0.764 30.02 
-0.819 39.864 
-0.818 35.34 
-0.835 45.278 
-0.815 34.584 
-0.729 26.674 
-0.82 40.427 
-0.778 30.157 
-0.793 34.345 
-0.729 26.674 
-0.662 24.801 
-0.836 45.882 
-0.669 25.096 
-0.662 24.801 
-0.78 30.367 
-0.668 24.904 
-0.816 34.929 
-0.835 45.278 
-0.82 40.427 
-0.779 30.272 
-0.728 26.339 
-0.818 35.34 
-0.817 35.059 
-0.778 30.157 
-0.728 26.339 
-0.817 35.059 
-0.668 24.904 
-0.843 45.886 
-0.836 45.882 
-0.817 35.059 
-0.817 35.059 
-0.668 24.904 
-0.817 35.059 
-0.728 26.339 
-0.668 24.904 
-0.668 24.904 
-0.817 35.059 
-0.668 24.904 
-0.817 35.059 
-0.662 24.801 
-0.662 24.801 
-0.669 25.096 
-0.728 26.339 
-0.817 35.059 
-0.728 26.339 
-0.778 30.157 
-0.668 24.904 
-0.817 35.059 
-0.669 25.096 
-0.836 45.882 
-0.778 30.157 
-0.778 30.157 
-0.668 24.904 
-0.728 26.339 
-0.817 35.059 
-0.817 35.059 
-0.669 25.096 
-0.817 35.059 
-0.817 35.059 
-0.662 24.801 
-0.793 34.345 
-0.817 35.059 
-0.817 35.059 
-0.778 30.157 
-0.817 35.059 
-0.662 24.801 
-0.817 35.059 
-0.778 30.157 
-0.669 25.096 
-0.82 40.427 
-0.817 35.059 
-0.778 30.157 
-0.728 26.339 
-0.817 35.059 
-0.82 40.427 
-0.662 24.801 
-0.817 35.059 
-0.818 35.34 
-0.817 35.059 
-0.728 26.339 
-0.817 35.059 
-0.818 35.34 
-0.817 35.059 
-0.778 30.157 
-0.817 35.059 
-0.817 35.059 
-0.729 26.674 
-0.728 26.339 
-0.817 35.059 
