-0.701 25.95 
-0.896 42.967 
-0.701 25.95 
-0.701 25.95 
-0.701 25.95 
-0.791 26.871 
-0.879 37.785 
-0.879 37.785 
-0.898 43.513 
-0.896 42.967 
-0.734 25.992 
-0.701 25.95 
-0.896 42.967 
-0.701 25.95 
-0.87 37.189 
-0.848 31.744 
-0.855 32.267 
-0.897 43.193 
-0.791 26.871 
-0.896 42.967 
-0.879 37.785 
-0.896 42.967 
-0.848 31.744 
-0.701 25.95 
-0.88 38.446 
-0.889 42.765 
-0.701 25.95 
-0.701 25.95 
-0.848 31.744 
-0.791 26.871 
-0.861 36.396 
-0.855 32.267 
-0.862 36.62 
-0.879 37.785 
-0.701 25.95 
-0.896 42.967 
-0.861 36.396 
-0.784 26.242 
-0.898 43.513 
-0.848 31.744 
-0.701 25.95 
-0.825 27.077 
-0.88 38.446 
-0.87 37.189 
-0.848 31.744 
-0.701 25.95 
-0.861 36.396 
-0.896 42.967 
-0.791 26.871 
-0.897 43.193 
-0.701 25.95 
-0.896 42.967 
-0.863 36.922 
-0.897 43.193 
-0.855 32.267 
-0.791 26.871 
-0.701 25.95 
-0.896 42.967 
-0.879 37.785 
-0.861 36.396 
-0.879 37.785 
-0.791 26.871 
-0.784 26.242 
-0.896 42.967 
-0.855 32.267 
-0.701 25.95 
-0.701 25.95 
-0.701 25.95 
-0.896 42.967 
-0.898 43.513 
-0.791 26.871 
-0.847 31.25 
-0.701 25.95 
-0.861 36.396 
-0.888 42.644 
-0.878 37.471 
-0.897 43.193 
-0.897 43.193 
-0.701 25.95 
-0.87 37.189 
-0.855 32.267 
-0.862 36.62 
-0.897 43.193 
-0.889 42.765 
-0.791 26.871 
