-0.846 56.734 
-0.673 23.766 
-0.673 23.766 
-0.846 56.734 
-0.704 24.602 
-0.674 23.981 
-0.845 56.643 
-0.838 51.234 
-0.739 28.352 
-0.836 50.682 
-0.83 46.023 
-0.827 45.147 
-0.821 40.535 
-0.817 39.725 
-0.805 35.481 
-0.705 25.604 
-0.746 29.564 
-0.763 29.645 
-0.775 34.314 
-0.722 26.024 
-0.793 34.375 
-0.773 34.006 
-0.769 30.908 
-0.724 26.345 
-0.817 39.725 
-0.724 26.345 
-0.805 35.481 
-0.838 51.234 
-0.801 34.799 
-0.794 34.493 
-0.845 56.643 
-0.83 46.023 
-0.821 40.535 
-0.836 50.682 
-0.827 45.147 
-0.744 29.144 
-0.765 29.924 
-0.769 30.908 
-0.773 34.006 
-0.768 30.795 
-0.767 30.166 
-0.704 24.602 
-0.674 23.981 
-0.722 26.024 
-0.829 45.808 
-0.828 45.211 
-0.742 28.911 
-0.74 28.436 
-0.837 50.772 
-0.705 25.604 
-0.82 40.321 
-0.818 39.937 
-0.803 35.317 
-0.802 34.932 
-0.82 40.321 
-0.818 39.937 
-0.742 28.911 
-0.801 34.799 
-0.794 34.493 
-0.74 28.436 
-0.774 34.089 
-0.829 45.808 
-0.802 34.932 
-0.766 30.048 
-0.767 30.166 
-0.766 30.048 
-0.743 29.029 
-0.743 29.029 
-0.768 30.795 
-0.837 50.772 
-0.804 35.405 
-0.803 35.317 
-0.774 34.089 
-0.804 35.405 
-0.828 45.211 
-0.793 34.375 
-0.775 34.314 
-0.846 56.734 
-0.673 23.766 
-0.817 39.725 
-0.805 35.481 
-0.724 26.345 
-0.838 51.234 
-0.845 56.643 
-0.83 46.023 
-0.821 40.535 
-0.836 50.682 
-0.827 45.147 
-0.773 34.006 
-0.704 24.602 
-0.722 26.024 
-0.743 29.029 
-0.705 25.604 
-0.82 40.321 
-0.742 28.911 
-0.794 34.493 
-0.74 28.436 
-0.829 45.808 
-0.802 34.932 
-0.767 30.166 
