-0.831 60.727 
-0.748 30.779 
-0.837 61.331 
-0.813 40.405 
-0.769 34.75 
-0.829 55.227 
-0.75 31.075 
-0.804 39.826 
-0.812 40.31 
-0.789 39.612 
-0.829 55.227 
-0.829 55.227 
-0.821 45.237 
-0.748 30.779 
-0.751 31.302 
-0.757 33.493 
-0.806 40.082 
-0.736 30.153 
-0.75 31.075 
-0.804 39.826 
-0.75 31.075 
-0.748 30.779 
-0.736 30.153 
-0.804 39.826 
-0.723 29.627 
-0.788 39.506 
-0.829 55.227 
-0.806 40.082 
-0.75 31.075 
-0.749 31.009 
-0.776 35.12 
-0.821 45.237 
-0.781 35.426 
-0.831 60.727 
-0.819 44.886 
-0.803 39.69 
-0.736 30.153 
-0.736 30.153 
-0.729 29.711 
-0.782 35.709 
-0.803 39.69 
-0.736 30.153 
-0.736 30.153 
-0.789 39.612 
-0.837 61.331 
-0.748 30.779 
-0.829 55.227 
-0.828 50.121 
