-0.674 23.99 
-0.846 56.735 
-0.846 56.735 
-0.674 23.99 
-0.702 27.596 
-0.837 51.139 
-0.828 45.236 
-0.829 50.078 
-0.82 40.321 
-0.821 45.047 
-0.806 40.04 
-0.738 30.18 
-0.805 35.481 
-0.76 30.27 
-0.779 34.827 
-0.801 34.892 
-0.774 34.09 
-0.708 27.712 
-0.768 30.983 
-0.725 28.691 
-0.837 51.139 
-0.726 28.73 
-0.708 27.712 
-0.735 29.224 
-0.774 34.09 
-0.812 40.31 
-0.768 30.983 
-0.829 50.078 
-0.725 28.691 
-0.812 40.31 
-0.803 35.415 
-0.764 30.403 
-0.779 34.827 
-0.767 30.738 
-0.736 29.629 
-0.736 29.629 
-0.764 30.403 
-0.735 29.224 
-0.802 34.933 
-0.767 30.738 
-0.806 40.04 
-0.821 45.047 
-0.801 34.892 
-0.802 34.933 
-0.82 40.321 
-0.821 45.047 
-0.736 29.629 
-0.812 40.31 
-0.779 34.827 
-0.801 34.892 
-0.821 45.047 
-0.736 29.629 
-0.812 40.31 
-0.821 45.047 
-0.812 40.31 
-0.764 30.403 
-0.674 23.99 
-0.812 40.31 
-0.812 40.31 
-0.821 45.047 
-0.801 34.892 
-0.764 30.403 
-0.774 34.09 
-0.725 28.691 
-0.821 45.047 
-0.821 45.047 
-0.735 29.224 
-0.736 29.629 
-0.764 30.403 
-0.736 29.629 
-0.812 40.31 
-0.801 34.892 
-0.774 34.09 
-0.812 40.31 
-0.812 40.31 
-0.821 45.047 
-0.801 34.892 
-0.774 34.09 
-0.774 34.09 
-0.764 30.403 
-0.764 30.403 
-0.801 34.892 
-0.779 34.827 
-0.801 34.892 
-0.779 34.827 
-0.846 56.735 
-0.735 29.224 
-0.821 45.047 
-0.846 56.735 
-0.812 40.31 
-0.774 34.09 
-0.837 51.139 
-0.821 45.047 
-0.764 30.403 
-0.735 29.224 
-0.779 34.827 
-0.674 23.99 
-0.736 29.629 
-0.821 45.047 
-0.735 29.224 
