-0.612 22.777 
-0.829 55.029 
-0.612 22.777 
-0.829 55.029 
-0.646 23.022 
-0.671 24.021 
-0.828 49.98 
-0.687 24.296 
-0.795 40.514 
-0.821 49.942 
-0.613 22.892 
-0.691 27.722 
-0.82 45.988 
-0.764 34.254 
-0.766 37.588 
-0.796 43.434 
-0.81 45.164 
-0.716 27.936 
-0.726 30.034 
-0.701 27.817 
-0.797 44.261 
-0.706 27.92 
-0.727 31.854 
-0.735 32.283 
-0.728 31.903 
-0.778 38.765 
-0.804 44.655 
-0.72 29.468 
-0.725 29.696 
-0.754 33.099 
-0.717 29.184 
-0.818 45.584 
-0.804 44.655 
-0.785 38.78 
-0.788 39.422 
-0.762 33.696 
-0.736 32.41 
-0.788 39.422 
-0.747 32.965 
-0.741 32.898 
-0.747 32.965 
-0.767 37.869 
-0.796 43.434 
-0.77 38.007 
-0.757 33.573 
-0.687 24.296 
-0.74 32.7 
-0.773 38.233 
-0.778 38.765 
-0.787 39.338 
-0.691 27.722 
-0.773 38.233 
-0.766 37.588 
-0.818 45.584 
-0.771 38.213 
-0.786 38.99 
-0.763 33.911 
-0.74 32.7 
-0.718 29.207 
-0.819 45.769 
-0.763 33.911 
-0.786 38.99 
-0.756 33.378 
-0.755 33.176 
-0.756 33.378 
-0.819 45.769 
-0.718 29.207 
-0.772 38.216 
-0.613 22.892 
-0.757 33.573 
-0.755 33.176 
-0.741 32.898 
-0.727 31.854 
-0.828 49.98 
-0.717 29.184 
-0.785 38.78 
-0.717 29.184 
-0.796 43.434 
-0.818 45.584 
-0.766 37.588 
-0.756 33.378 
-0.718 29.207 
-0.755 33.176 
-0.796 43.434 
-0.766 37.588 
-0.756 33.378 
-0.718 29.207 
-0.755 33.176 
-0.718 29.207 
-0.796 43.434 
-0.766 37.588 
-0.756 33.378 
-0.755 33.176 
-0.718 29.207 
-0.796 43.434 
-0.718 29.207 
-0.718 29.207 
-0.718 29.207 
-0.796 43.434 
-0.796 43.434 
