-0.715 25.809 
-0.861 56.007 
-0.715 25.809 
-0.858 55.627 
-0.855 46.892 
-0.717 26.073 
-0.736 29.592 
-0.849 45.738 
-0.804 36.082 
-0.756 29.741 
-0.794 35.16 
-0.736 29.592 
-0.811 39.449 
-0.838 42.377 
-0.78 34.924 
-0.768 32.172 
-0.822 40.878 
-0.834 41.486 
-0.838 42.377 
-0.818 40.14 
-0.771 33.821 
-0.804 36.082 
-0.761 31.23 
-0.797 35.511 
-0.811 39.449 
-0.775 34.459 
-0.766 31.817 
-0.813 39.768 
-0.78 34.924 
-0.797 35.511 
-0.76 30.358 
-0.822 40.878 
-0.766 31.817 
-0.858 55.627 
-0.771 33.821 
-0.775 34.459 
-0.82 40.421 
-0.834 41.486 
-0.761 31.23 
-0.813 39.768 
-0.773 34.096 
-0.855 46.892 
-0.82 40.421 
-0.773 34.096 
-0.854 46.793 
-0.853 46.32 
-0.757 30.0 
-0.837 42.272 
-0.836 41.858 
-0.759 30.343 
-0.757 30.0 
-0.851 45.989 
-0.836 41.858 
-0.835 41.583 
-0.851 45.989 
-0.853 46.32 
-0.852 46.089 
-0.759 30.343 
-0.756 29.741 
-0.837 42.272 
-0.852 46.089 
-0.854 46.793 
-0.835 41.583 
-0.76 30.358 
-0.715 25.809 
-0.736 29.592 
-0.838 42.377 
-0.851 45.989 
-0.804 36.082 
-0.811 39.449 
-0.766 31.817 
-0.771 33.821 
-0.78 34.924 
-0.797 35.511 
-0.822 40.878 
-0.858 55.627 
-0.775 34.459 
-0.834 41.486 
-0.761 31.23 
-0.855 46.892 
-0.773 34.096 
-0.82 40.421 
-0.757 30.0 
-0.813 39.768 
-0.836 41.858 
-0.853 46.32 
-0.759 30.343 
-0.756 29.741 
-0.837 42.272 
-0.852 46.089 
-0.854 46.793 
-0.835 41.583 
-0.76 30.358 
-0.715 25.809 
-0.736 29.592 
-0.838 42.377 
-0.804 36.082 
-0.811 39.449 
-0.78 34.924 
-0.771 33.821 
