-0.674 24.744 
-0.864 61.488 
-0.864 61.488 
-0.674 24.744 
-0.848 55.682 
-0.677 24.914 
-0.728 28.512 
-0.839 50.13 
-0.856 61.2 
-0.831 49.76 
-0.77 33.295 
-0.823 45.456 
-0.677 24.914 
-0.728 28.512 
-0.789 35.083 
-0.751 29.099 
-0.761 30.056 
-0.79 38.229 
-0.737 29.025 
-0.809 43.208 
-0.807 41.294 
-0.806 41.248 
-0.805 39.262 
-0.821 43.826 
-0.761 30.056 
-0.863 61.444 
-0.856 61.2 
-0.803 38.939 
-0.822 45.367 
-0.796 38.822 
-0.823 45.456 
-0.832 49.852 
-0.785 34.644 
-0.838 50.041 
-0.82 43.682 
-0.78 34.64 
-0.734 28.753 
-0.816 43.642 
-0.731 28.738 
-0.793 38.606 
-0.773 33.518 
-0.775 33.905 
-0.778 34.46 
-0.776 34.025 
-0.754 29.283 
-0.791 38.445 
-0.76 29.93 
-0.73 28.683 
-0.779 34.489 
-0.736 28.881 
-0.729 28.546 
-0.755 29.31 
-0.794 38.693 
-0.812 43.34 
-0.776 34.025 
-0.814 43.551 
-0.771 33.305 
-0.811 43.3 
-0.816 43.642 
-0.778 34.46 
-0.79 38.229 
-0.774 33.728 
-0.805 39.262 
-0.804 39.065 
-0.788 34.892 
-0.838 50.041 
-0.754 29.283 
-0.774 33.728 
-0.772 33.351 
-0.791 38.445 
-0.757 29.612 
-0.756 29.452 
-0.786 34.787 
-0.756 29.452 
-0.804 39.065 
-0.759 29.849 
-0.758 29.724 
-0.813 43.438 
-0.758 29.724 
-0.757 29.612 
-0.813 43.438 
-0.735 28.847 
-0.811 43.3 
-0.814 43.551 
-0.822 45.367 
-0.795 38.774 
-0.759 29.849 
-0.737 29.025 
-0.788 34.892 
-0.787 34.836 
-0.787 34.836 
-0.786 34.787 
-0.795 38.774 
-0.772 33.351 
-0.806 41.248 
-0.735 28.847 
-0.78 34.64 
-0.816 43.642 
-0.778 34.46 
-0.758 29.724 
