-0.881 58.959 
-0.715 30.628 
-0.881 58.959 
-0.715 30.628 
-0.873 49.466 
-0.88 58.731 
-0.843 41.947 
-0.861 48.321 
-0.857 43.771 
-0.761 32.311 
-0.799 36.976 
-0.779 32.731 
-0.821 37.155 
-0.824 37.931 
-0.824 37.931 
-0.732 31.441 
-0.75 31.628 
-0.785 33.417 
-0.718 30.855 
-0.789 35.742 
-0.727 31.155 
-0.756 32.031 
-0.88 58.731 
-0.864 48.853 
-0.797 36.528 
-0.846 42.788 
-0.792 36.23 
-0.852 43.158 
-0.785 33.417 
-0.783 33.015 
-0.87 48.928 
-0.753 31.793 
-0.732 31.441 
-0.823 37.522 
-0.789 35.742 
-0.754 31.892 
-0.728 31.172 
-0.75 31.628 
-0.861 48.321 
-0.857 43.771 
-0.845 42.454 
-0.845 42.454 
-0.792 36.23 
-0.783 33.015 
-0.872 49.075 
-0.863 48.466 
-0.856 43.77 
-0.855 43.387 
-0.852 43.158 
-0.846 42.788 
-0.79 35.862 
-0.798 36.615 
-0.854 43.256 
-0.79 35.862 
-0.822 37.436 
-0.728 31.172 
-0.853 43.225 
-0.872 49.075 
-0.871 48.942 
-0.863 48.466 
-0.862 48.334 
-0.855 43.387 
-0.798 36.615 
-0.822 37.436 
-0.87 48.928 
-0.864 48.853 
-0.871 48.942 
-0.862 48.334 
-0.856 43.77 
-0.881 58.959 
-0.715 30.628 
-0.824 37.931 
-0.785 33.417 
-0.75 31.628 
-0.732 31.441 
-0.789 35.742 
-0.861 48.321 
-0.857 43.771 
-0.845 42.454 
-0.792 36.23 
-0.783 33.015 
-0.79 35.862 
-0.728 31.172 
-0.863 48.466 
-0.855 43.387 
-0.798 36.615 
-0.87 48.928 
-0.864 48.853 
-0.871 48.942 
-0.862 48.334 
-0.822 37.436 
-0.856 43.77 
-0.881 58.959 
-0.715 30.628 
-0.824 37.931 
-0.785 33.417 
-0.75 31.628 
-0.732 31.441 
-0.861 48.321 
-0.857 43.771 
