-0.865 42.801 
-0.696 26.465 
-0.838 35.403 
-0.846 40.247 
-0.696 26.465 
-0.696 26.465 
-0.865 42.801 
-0.809 31.405 
-0.838 35.403 
-0.79 30.321 
-0.847 40.608 
-0.838 35.403 
-0.849 40.992 
-0.838 35.403 
-0.846 40.247 
-0.872 47.01 
-0.865 42.801 
-0.858 42.138 
-0.838 35.403 
-0.878 61.226 
-0.846 40.247 
-0.809 31.405 
-0.809 31.405 
-0.838 35.403 
-0.809 31.405 
-0.873 56.634 
-0.847 40.608 
-0.79 30.321 
-0.832 35.111 
-0.793 30.683 
-0.809 31.405 
-0.696 26.465 
-0.829 34.936 
-0.854 41.253 
-0.696 26.465 
-0.838 35.403 
-0.696 26.465 
-0.809 31.405 
-0.838 35.403 
-0.841 36.347 
-0.793 30.683 
-0.838 35.403 
-0.838 35.403 
-0.766 29.259 
-0.781 29.979 
-0.838 35.403 
-0.805 30.707 
-0.846 40.247 
-0.846 40.247 
-0.696 26.465 
-0.79 30.321 
-0.846 40.247 
-0.79 30.321 
-0.809 31.405 
-0.857 41.88 
-0.856 41.622 
-0.773 29.323 
-0.838 35.403 
-0.809 31.405 
-0.878 61.226 
-0.777 29.501 
-0.696 26.465 
-0.854 41.253 
-0.846 40.247 
-0.865 42.801 
