-0.748 26.296 
-0.926 54.075 
-0.748 26.296 
-0.796 27.888 
-0.921 52.954 
-0.918 49.277 
-0.882 38.064 
-0.848 36.432 
-0.846 36.037 
-0.884 41.86 
-0.872 36.626 
-0.902 46.701 
-0.9 43.213 
-0.768 26.3 
-0.84 33.189 
-0.808 30.573 
-0.773 26.83 
-0.785 26.91 
-0.813 31.042 
-0.824 31.064 
-0.808 30.573 
-0.893 42.193 
-0.925 53.694 
-0.77 26.532 
-0.837 32.502 
-0.906 47.501 
-0.839 33.176 
-0.886 41.964 
-0.84 33.189 
-0.904 47.164 
-0.922 53.333 
-0.792 27.37 
-0.787 27.017 
-0.896 42.638 
-0.895 42.303 
-0.912 48.364 
-0.847 36.21 
-0.793 27.693 
-0.833 31.892 
-0.902 46.701 
-0.914 48.563 
-0.897 42.777 
-0.908 47.908 
-0.83 31.722 
-0.878 37.411 
-0.875 37.072 
-0.835 32.327 
-0.912 48.364 
-0.908 47.908 
-0.877 37.258 
-0.827 31.294 
-0.79 27.329 
-0.812 30.946 
-0.773 26.83 
-0.828 31.412 
-0.907 47.874 
-0.903 47.073 
-0.922 53.333 
-0.873 36.644 
-0.81 30.767 
-0.811 30.805 
-0.824 31.064 
-0.836 32.371 
-0.831 31.85 
-0.894 42.198 
-0.786 26.932 
-0.885 41.943 
-0.874 36.814 
-0.834 32.07 
-0.789 27.273 
-0.915 48.816 
-0.9 43.213 
-0.881 37.928 
-0.88 37.683 
-0.884 41.86 
-0.827 31.294 
-0.886 41.964 
-0.789 27.273 
-0.794 27.747 
-0.829 31.512 
-0.898 42.985 
-0.872 36.626 
-0.917 49.084 
-0.834 32.07 
-0.879 37.589 
-0.874 36.814 
-0.768 26.3 
-0.916 48.96 
-0.915 48.816 
-0.809 30.624 
-0.876 37.116 
-0.794 27.747 
-0.881 37.928 
-0.899 43.117 
-0.898 42.985 
-0.917 49.084 
-0.916 48.96 
-0.913 48.465 
-0.829 31.512 
-0.913 48.465 
