-0.926 54.075 
-0.749 26.215 
-0.926 54.075 
-0.749 26.215 
-0.883 41.456 
-0.797 27.874 
-0.9 43.211 
-0.861 36.569 
-0.921 52.954 
-0.918 49.227 
-0.902 46.682 
-0.882 38.014 
-0.768 26.3 
-0.809 30.544 
-0.846 35.988 
-0.84 33.189 
-0.849 36.357 
-0.891 41.753 
-0.825 31.057 
-0.813 31.042 
-0.809 30.544 
-0.872 36.625 
-0.784 26.894 
-0.776 26.858 
-0.846 35.988 
-0.915 48.816 
-0.84 33.189 
-0.838 33.104 
-0.771 26.517 
-0.904 47.143 
-0.829 31.512 
-0.893 42.138 
-0.917 49.084 
-0.921 52.954 
-0.923 53.415 
-0.827 31.306 
-0.834 31.999 
-0.912 48.316 
-0.837 32.502 
-0.895 42.303 
-0.907 47.868 
-0.874 36.767 
-0.925 53.694 
-0.906 47.495 
-0.902 46.682 
-0.793 27.677 
-0.914 48.555 
-0.908 47.908 
-0.847 36.12 
-0.898 42.931 
-0.789 27.273 
-0.897 42.73 
-0.83 31.72 
-0.881 37.877 
-0.88 37.683 
-0.875 37.052 
-0.833 31.864 
-0.794 27.735 
-0.831 31.844 
-0.918 49.227 
-0.796 27.829 
-0.879 37.559 
-0.912 48.316 
-0.908 47.908 
-0.826 31.197 
-0.773 26.83 
-0.768 26.3 
-0.812 30.945 
-0.922 53.333 
-0.903 47.054 
-0.906 47.495 
-0.787 26.922 
-0.775 26.852 
-0.836 32.349 
-0.876 37.084 
-0.835 32.323 
-0.792 27.37 
-0.873 36.643 
-0.811 30.805 
-0.896 42.591 
-0.925 53.694 
-0.811 30.805 
-0.772 26.585 
-0.839 33.153 
-0.791 27.287 
-0.848 36.342 
-0.878 37.411 
-0.877 37.226 
-0.786 26.912 
-0.785 26.903 
-0.789 27.273 
-0.787 26.922 
-0.837 32.502 
-0.899 43.081 
-0.878 37.411 
-0.877 37.226 
-0.913 48.458 
-0.896 42.591 
-0.894 42.164 
-0.882 38.014 
