-0.925 53.896 
-0.798 30.852 
-0.925 53.896 
-0.897 43.683 
-0.924 53.848 
-0.898 43.871 
-0.908 47.957 
-0.925 53.896 
-0.805 31.126 
-0.906 47.615 
-0.894 43.244 
-0.779 27.156 
-0.907 47.922 
-0.805 31.126 
-0.888 42.318 
-0.766 26.338 
-0.748 26.296 
-0.907 47.922 
-0.885 41.943 
-0.791 27.449 
-0.916 49.065 
-0.898 43.871 
-0.925 53.896 
-0.897 43.683 
-0.848 36.882 
-0.807 31.393 
-0.776 26.987 
-0.876 37.239 
-0.791 27.449 
-0.789 27.273 
-0.886 41.972 
-0.889 42.689 
-0.897 43.683 
-0.925 53.896 
-0.821 31.621 
-0.924 53.848 
-0.837 32.887 
-0.925 53.896 
-0.829 32.013 
-0.832 32.056 
-0.897 43.683 
-0.838 33.241 
-0.848 36.882 
