-0.655 26.959 
-0.918 61.279 
-0.655 26.959 
-0.746 31.922 
-0.895 54.81 
-0.731 29.452 
-0.912 59.747 
-0.856 43.072 
-0.782 32.288 
-0.867 44.896 
-0.892 50.072 
-0.661 27.365 
-0.693 27.89 
-0.909 55.902 
-0.85 39.315 
-0.726 28.791 
-0.87 48.259 
-0.803 33.066 
-0.784 32.762 
-0.816 36.859 
-0.812 34.188 
-0.836 37.576 
-0.708 28.625 
-0.905 54.842 
-0.819 37.514 
-0.882 48.479 
-0.916 60.3 
-0.871 48.299 
-0.909 55.902 
-0.706 28.204 
-0.693 27.89 
-0.661 27.365 
-0.808 33.946 
-0.865 43.979 
-0.699 28.121 
-0.886 49.043 
-0.816 36.859 
-0.842 38.116 
-0.803 33.066 
-0.842 38.116 
-0.85 39.315 
-0.699 28.121 
-0.839 37.682 
-0.916 60.3 
-0.888 49.71 
-0.846 38.734 
-0.812 34.188 
-0.808 33.946 
-0.846 38.734 
-0.891 50.038 
-0.886 49.043 
-0.782 32.288 
-0.817 37.347 
-0.883 48.674 
-0.811 33.997 
-0.784 32.762 
-0.905 54.842 
-0.848 39.103 
-0.883 48.674 
-0.839 37.682 
-0.863 43.93 
-0.859 43.408 
-0.859 43.408 
-0.87 48.259 
-0.708 28.625 
-0.892 50.072 
-0.895 54.81 
-0.889 49.806 
-0.889 49.806 
-0.888 49.71 
-0.862 43.715 
-0.706 28.204 
-0.847 38.914 
-0.882 48.479 
-0.847 38.914 
-0.871 48.299 
-0.865 43.979 
-0.849 39.172 
-0.862 43.715 
-0.861 43.579 
-0.818 37.392 
-0.861 43.579 
-0.86 43.491 
-0.86 43.491 
-0.849 39.172 
-0.819 37.514 
-0.811 33.997 
-0.863 43.93 
-0.818 37.392 
-0.817 37.347 
-0.655 26.959 
-0.784 32.762 
-0.85 39.315 
-0.693 27.89 
-0.661 27.365 
-0.859 43.408 
-0.708 28.625 
-0.816 36.859 
-0.803 33.066 
-0.842 38.116 
