-0.883 50.742 
-0.801 37.408 
-0.784 34.848 
-0.65 27.428 
-0.801 37.408 
-0.883 50.742 
-0.784 34.848 
-0.784 34.848 
-0.804 37.706 
-0.801 37.408 
-0.719 31.603 
-0.771 33.199 
-0.846 43.575 
-0.82 37.764 
-0.844 43.002 
-0.8 37.118 
-0.893 65.457 
-0.65 27.428 
-0.883 50.742 
-0.784 34.848 
-0.804 37.706 
-0.784 34.848 
-0.892 56.164 
-0.82 37.764 
-0.784 34.848 
-0.918 65.78 
-0.82 37.764 
-0.861 43.791 
-0.881 50.433 
-0.834 39.677 
-0.719 31.603 
-0.801 37.408 
-0.893 65.457 
-0.719 31.603 
-0.801 37.408 
-0.873 48.698 
-0.65 27.428 
-0.861 43.791 
-0.784 34.848 
-0.65 27.428 
-0.784 34.848 
-0.856 43.717 
-0.784 34.848 
-0.784 34.848 
-0.784 34.848 
-0.784 34.848 
-0.65 27.428 
-0.872 48.517 
