-0.883 50.742 
-0.801 37.408 
-0.784 34.848 
-0.65 27.428 
-0.801 37.408 
-0.883 50.742 
-0.784 34.848 
-0.784 34.848 
-0.804 37.706 
-0.801 37.408 
-0.719 31.603 
-0.771 33.199 
-0.82 37.764 
-0.844 43.002 
-0.8 37.118 
-0.65 27.428 
-0.883 50.742 
-0.784 34.848 
-0.804 37.706 
-0.784 34.848 
-0.892 56.164 
-0.82 37.764 
-0.784 34.848 
-0.918 65.78 
-0.82 37.764 
-0.834 39.677 
-0.719 31.603 
-0.801 37.408 
-0.719 31.603 
-0.801 37.408 
-0.873 48.698 
-0.65 27.428 
-0.784 34.848 
-0.65 27.428 
-0.784 34.848 
-0.784 34.848 
-0.784 34.848 
-0.784 34.848 
-0.784 34.848 
-0.65 27.428 
-0.872 48.517 
-0.873 48.698 
-0.771 33.199 
-0.784 34.848 
-0.719 31.603 
-0.804 37.706 
-0.784 34.848 
-0.82 37.764 
-0.899 60.676 
-0.892 56.164 
-0.892 56.164 
-0.8 37.118 
-0.734 32.332 
-0.86 43.491 
-0.82 37.764 
-0.65 27.428 
-0.883 50.742 
-0.65 27.428 
-0.82 37.764 
-0.884 55.644 
-0.82 37.764 
-0.82 37.764 
-0.801 37.408 
-0.831 39.158 
-0.804 37.706 
-0.719 31.603 
-0.82 37.764 
-0.82 37.764 
-0.861 43.667 
-0.881 50.416 
-0.844 43.002 
-0.719 31.603 
-0.861 43.667 
-0.883 50.742 
-0.784 34.848 
