-0.801 37.408 
-0.65 27.428 
-0.801 37.408 
-0.801 37.408 
-0.82 37.764 
-0.844 43.002 
-0.8 37.118 
-0.65 27.428 
-0.82 37.764 
-0.918 65.78 
-0.82 37.764 
-0.834 39.677 
-0.801 37.408 
-0.801 37.408 
-0.873 48.698 
-0.65 27.428 
-0.65 27.428 
-0.65 27.428 
-0.872 48.517 
-0.873 48.698 
-0.82 37.764 
-0.8 37.118 
-0.734 32.332 
-0.86 43.491 
-0.82 37.764 
-0.65 27.428 
-0.65 27.428 
-0.82 37.764 
-0.884 55.644 
-0.82 37.764 
-0.82 37.764 
-0.801 37.408 
-0.831 39.158 
-0.82 37.764 
-0.82 37.764 
-0.861 43.667 
-0.881 50.416 
-0.844 43.002 
-0.861 43.667 
-0.801 37.408 
-0.834 39.677 
-0.65 27.428 
-0.82 37.764 
-0.734 32.332 
-0.801 37.408 
-0.801 37.408 
-0.915 60.312 
-0.872 48.517 
-0.883 50.705 
-0.82 37.764 
-0.65 27.428 
-0.82 37.764 
-0.872 48.517 
-0.65 27.428 
-0.898 55.721 
-0.861 43.667 
-0.833 39.449 
-0.8 37.118 
-0.801 37.408 
-0.861 43.667 
-0.801 37.408 
-0.801 37.408 
-0.831 39.158 
-0.82 37.764 
-0.734 32.332 
-0.82 37.764 
-0.801 37.408 
-0.731 29.748 
-0.818 37.439 
-0.801 37.408 
-0.801 37.408 
-0.82 37.764 
-0.736 32.694 
-0.801 37.408 
-0.65 27.428 
-0.861 43.667 
-0.787 33.146 
-0.801 37.408 
-0.801 37.408 
