-0.862 46.824 
-0.695 26.009 
-0.862 46.824 
-0.695 26.009 
-0.739 29.997 
-0.733 26.162 
-0.776 30.136 
-0.83 37.735 
-0.738 26.635 
-0.792 34.249 
-0.851 45.277 
-0.846 41.959 
-0.838 40.603 
-0.791 32.362 
-0.788 32.223 
-0.856 45.692 
-0.802 34.867 
-0.86 46.391 
-0.818 35.861 
-0.782 30.218 
-0.787 30.795 
-0.838 40.603 
-0.803 35.531 
-0.81 35.856 
-0.828 37.245 
-0.844 41.545 
-0.809 35.773 
-0.777 30.215 
-0.733 26.162 
-0.851 45.277 
-0.802 34.867 
-0.846 41.959 
-0.841 41.028 
-0.845 41.85 
-0.824 36.663 
-0.823 36.265 
-0.821 36.251 
-0.852 45.412 
-0.786 30.702 
-0.841 41.028 
-0.738 26.635 
-0.786 30.702 
-0.843 41.255 
-0.829 37.566 
-0.827 36.963 
-0.852 45.412 
-0.821 36.251 
-0.809 35.773 
-0.803 35.531 
-0.843 41.255 
-0.826 36.877 
-0.824 36.663 
-0.826 36.877 
-0.829 37.566 
-0.776 30.136 
-0.787 30.795 
-0.827 36.963 
-0.823 36.265 
-0.81 35.856 
-0.862 46.824 
-0.695 26.009 
-0.803 35.531 
-0.852 45.412 
-0.851 45.277 
-0.843 41.255 
-0.821 36.251 
-0.809 35.773 
-0.826 36.877 
-0.786 30.702 
-0.776 30.136 
-0.827 36.963 
-0.823 36.265 
-0.862 46.824 
-0.695 26.009 
-0.803 35.531 
-0.852 45.412 
-0.851 45.277 
-0.821 36.251 
-0.809 35.773 
-0.786 30.702 
-0.826 36.877 
-0.827 36.963 
-0.823 36.265 
-0.862 46.824 
-0.803 35.531 
-0.852 45.412 
-0.786 30.702 
-0.821 36.251 
-0.809 35.773 
-0.826 36.877 
-0.827 36.963 
-0.862 46.824 
-0.803 35.531 
-0.852 45.412 
-0.821 36.251 
-0.827 36.963 
-0.803 35.531 
-0.827 36.963 
-0.803 35.531 
-0.827 36.963 
