-0.76 34.916 
-0.806 44.423 
-0.806 44.423 
-0.702 25.074 
-0.814 44.518 
-0.779 35.637 
-0.805 44.376 
-0.778 35.42 
-0.799 40.201 
-0.806 44.423 
-0.75 33.212 
-0.831 50.003 
-0.83 47.333 
-0.806 44.423 
-0.714 28.917 
-0.815 44.895 
-0.847 55.308 
-0.754 33.243 
-0.799 40.201 
-0.806 44.423 
-0.806 44.423 
-0.803 40.726 
-0.796 39.651 
-0.805 44.376 
-0.76 34.916 
-0.855 59.938 
-0.779 35.637 
-0.806 44.423 
-0.856 61.249 
-0.803 40.726 
-0.777 35.264 
-0.806 44.423 
-0.798 40.01 
-0.76 34.916 
-0.76 34.916 
-0.839 54.742 
-0.782 35.766 
-0.748 30.695 
-0.805 44.376 
-0.8 40.307 
-0.754 33.243 
-0.806 44.423 
-0.797 39.71 
-0.738 29.185 
-0.806 44.423 
-0.78 35.712 
-0.783 35.869 
-0.784 35.988 
-0.778 35.42 
-0.846 55.161 
-0.816 46.03 
