-0.733 26.205 
-0.89 61.852 
-0.733 26.205 
-0.856 46.888 
-0.755 30.091 
-0.873 52.608 
-0.873 52.608 
-0.881 57.061 
-0.845 42.446 
-0.882 57.587 
-0.853 46.457 
-0.776 30.402 
-0.756 30.264 
-0.819 37.465 
-0.82 40.655 
-0.801 35.318 
-0.829 40.856 
-0.791 33.155 
-0.832 42.252 
-0.788 32.731 
-0.788 32.731 
-0.778 30.612 
-0.778 30.612 
-0.794 35.211 
-0.845 42.446 
-0.821 40.756 
-0.793 34.728 
-0.806 36.2 
-0.814 37.4 
-0.813 37.095 
-0.831 42.166 
-0.806 36.2 
-0.81 36.597 
-0.854 46.837 
-0.81 36.597 
-0.793 34.728 
-0.776 30.402 
-0.831 42.166 
-0.832 42.252 
-0.756 30.264 
-0.821 40.756 
-0.733 26.205 
-0.788 32.731 
-0.778 30.612 
-0.845 42.446 
-0.776 30.402 
-0.831 42.166 
-0.832 42.252 
-0.821 40.756 
-0.733 26.205 
-0.733 26.205 
-0.733 26.205 
-0.733 26.205 
-0.733 26.205 
-0.733 26.205 
-0.832 42.252 
-0.831 42.166 
-0.832 42.252 
-0.733 26.205 
-0.733 26.205 
-0.733 26.205 
-0.831 42.166 
-0.733 26.205 
-0.831 42.166 
-0.832 42.252 
-0.821 40.756 
-0.733 26.205 
-0.733 26.205 
-0.778 30.612 
-0.733 26.205 
-0.831 42.166 
-0.733 26.205 
-0.831 42.166 
-0.778 30.612 
-0.832 42.252 
-0.733 26.205 
-0.733 26.205 
-0.733 26.205 
-0.733 26.205 
-0.733 26.205 
-0.845 42.446 
-0.831 42.166 
-0.831 42.166 
-0.845 42.446 
-0.831 42.166 
-0.733 26.205 
-0.832 42.252 
-0.733 26.205 
-0.831 42.166 
-0.778 30.612 
-0.832 42.252 
-0.778 30.612 
-0.733 26.205 
-0.733 26.205 
-0.832 42.252 
-0.832 42.252 
-0.733 26.205 
-0.733 26.205 
-0.733 26.205 
-0.831 42.166 
