-0.804 36.371 
-0.804 36.371 
-0.767 31.913 
-0.804 36.371 
-0.704 30.235 
-0.803 36.149 
-0.804 36.371 
-0.685 28.61 
-0.755 30.904 
-0.845 50.706 
-0.804 36.371 
-0.804 36.371 
-0.784 35.389 
-0.83 46.399 
-0.736 30.317 
-0.804 36.371 
-0.794 35.704 
-0.786 35.595 
-0.804 36.371 
-0.845 50.706 
-0.804 36.371 
-0.827 45.342 
-0.804 36.371 
-0.804 36.371 
-0.765 31.438 
-0.811 40.454 
-0.767 31.913 
-0.804 36.371 
-0.852 55.337 
-0.802 35.964 
-0.767 31.913 
-0.804 36.371 
-0.803 36.149 
-0.804 36.371 
-0.821 41.681 
-0.804 36.371 
-0.803 36.149 
-0.804 36.371 
-0.873 66.44 
-0.82 41.654 
-0.855 56.652 
-0.767 31.913 
-0.767 31.913 
-0.804 36.371 
-0.704 30.235 
-0.802 35.964 
-0.751 30.635 
-0.755 30.904 
-0.804 36.371 
-0.803 36.149 
-0.863 60.784 
-0.804 36.371 
-0.827 45.342 
-0.845 50.706 
-0.821 41.681 
-0.827 45.342 
-0.788 35.635 
-0.804 36.371 
-0.706 30.261 
-0.767 31.913 
-0.804 36.371 
-0.803 36.149 
-0.82 41.654 
-0.846 51.742 
-0.757 30.914 
-0.813 41.522 
-0.764 31.286 
-0.847 51.818 
