-0.714 30.958 
-0.873 59.211 
-0.873 59.211 
-0.714 30.958 
-0.749 32.374 
-0.793 36.996 
-0.776 35.669 
-0.862 53.44 
-0.868 58.458 
-0.801 42.117 
-0.795 41.762 
-0.825 42.174 
-0.716 31.286 
-0.74 31.474 
-0.864 54.26 
-0.834 46.587 
-0.855 49.609 
-0.83 43.183 
-0.844 49.103 
-0.777 35.912 
-0.854 49.104 
-0.855 49.609 
-0.741 31.678 
-0.839 47.698 
-0.834 46.587 
-0.777 35.912 
-0.839 47.698 
-0.871 58.913 
-0.796 42.036 
-0.864 54.26 
-0.838 47.399 
-0.838 47.399 
-0.869 58.749 
-0.844 49.103 
-0.83 43.183 
-0.741 31.678 
-0.828 42.833 
-0.828 42.833 
-0.863 53.951 
-0.795 41.762 
-0.825 42.174 
-0.716 31.286 
-0.863 53.951 
-0.74 31.474 
-0.829 43.013 
-0.829 43.013 
-0.796 42.036 
-0.873 59.211 
-0.714 30.958 
-0.834 46.587 
-0.839 47.698 
-0.864 54.26 
-0.855 49.609 
-0.838 47.399 
-0.844 49.103 
-0.83 43.183 
-0.741 31.678 
-0.795 41.762 
-0.825 42.174 
-0.716 31.286 
-0.863 53.951 
-0.829 43.013 
-0.873 59.211 
-0.714 30.958 
-0.834 46.587 
-0.864 54.26 
-0.839 47.698 
-0.855 49.609 
-0.838 47.399 
-0.795 41.762 
-0.844 49.103 
-0.83 43.183 
-0.741 31.678 
-0.825 42.174 
-0.716 31.286 
-0.863 53.951 
-0.714 30.958 
-0.873 59.211 
-0.864 54.26 
-0.839 47.698 
-0.855 49.609 
-0.838 47.399 
-0.795 41.762 
-0.83 43.183 
-0.741 31.678 
-0.716 31.286 
-0.863 53.951 
-0.864 54.26 
-0.839 47.698 
-0.83 43.183 
-0.855 49.609 
-0.838 47.399 
-0.795 41.762 
-0.716 31.286 
-0.864 54.26 
-0.839 47.698 
-0.838 47.399 
-0.829 43.013 
-0.838 47.399 
-0.716 31.286 
