-0.795 41.804 
-0.735 32.212 
-0.771 36.278 
-0.863 58.962 
-0.873 68.993 
-0.851 53.196 
-0.735 32.212 
-0.735 32.212 
-0.873 68.993 
-0.851 53.196 
-0.873 68.993 
-0.776 38.061 
-0.795 41.804 
-0.814 43.084 
-0.795 41.804 
-0.735 32.212 
-0.872 68.506 
-0.735 32.212 
-0.791 38.514 
-0.769 36.026 
-0.761 35.835 
-0.839 47.994 
-0.851 53.196 
-0.735 32.212 
-0.727 31.88 
-0.735 32.212 
-0.735 32.212 
-0.84 52.488 
-0.769 36.026 
-0.776 38.061 
-0.735 32.212 
-0.735 32.212 
-0.727 31.88 
-0.776 38.061 
-0.814 43.084 
-0.839 47.994 
-0.864 59.526 
-0.727 31.88 
-0.748 35.734 
-0.839 47.994 
-0.791 38.514 
-0.873 68.993 
-0.859 53.531 
-0.735 32.212 
-0.735 32.212 
-0.798 42.557 
-0.735 32.212 
-0.735 32.212 
-0.846 52.596 
-0.771 36.278 
-0.795 41.804 
-0.735 32.212 
-0.769 36.026 
-0.795 41.804 
-0.834 46.979 
-0.872 68.506 
