-0.668 24.669 
-0.925 52.654 
-0.925 52.654 
-0.668 24.669 
-0.725 26.608 
-0.916 47.349 
-0.924 52.212 
-0.788 30.175 
-0.842 32.552 
-0.751 29.685 
-0.905 46.384 
-0.9 42.157 
-0.738 26.631 
-0.889 41.176 
-0.845 35.894 
-0.884 37.713 
-0.725 26.608 
-0.748 29.33 
-0.872 36.186 
-0.859 36.098 
-0.748 29.33 
-0.798 30.383 
-0.924 52.212 
-0.916 47.349 
-0.806 30.993 
-0.738 26.631 
-0.858 36.0 
-0.849 35.991 
-0.818 31.305 
-0.815 31.213 
-0.79 30.31 
-0.827 31.345 
-0.908 46.918 
-0.874 36.303 
-0.751 29.685 
-0.877 36.76 
-0.884 37.713 
-0.906 46.534 
-0.799 30.651 
-0.905 46.384 
-0.892 41.213 
-0.895 41.479 
-0.803 30.786 
-0.833 31.779 
-0.833 31.779 
-0.889 41.176 
-0.898 41.818 
-0.828 31.361 
-0.9 42.157 
-0.88 37.151 
-0.815 31.213 
-0.806 30.993 
-0.908 46.918 
-0.828 31.361 
-0.907 46.917 
-0.838 32.178 
-0.881 37.411 
-0.838 32.178 
-0.803 30.786 
-0.849 35.991 
-0.883 37.487 
-0.899 42.145 
-0.879 37.077 
-0.845 35.894 
-0.896 41.789 
-0.876 36.593 
-0.876 36.593 
-0.837 32.139 
-0.836 31.87 
-0.894 41.321 
-0.818 31.305 
-0.872 36.186 
-0.879 37.077 
-0.79 30.31 
-0.835 31.818 
-0.799 30.651 
-0.894 41.321 
-0.859 36.098 
-0.883 37.487 
-0.881 37.411 
-0.836 31.87 
-0.827 31.345 
-0.835 31.818 
-0.837 32.139 
-0.897 41.795 
-0.899 42.145 
-0.858 36.0 
-0.897 41.795 
-0.896 41.789 
-0.907 46.917 
-0.668 24.669 
-0.725 26.608 
-0.748 29.33 
-0.924 52.212 
-0.916 47.349 
-0.738 26.631 
-0.751 29.685 
-0.884 37.713 
-0.905 46.384 
-0.833 31.779 
