-0.668 24.669 
-0.925 52.654 
-0.925 52.654 
-0.668 24.669 
-0.726 26.586 
-0.916 47.348 
-0.924 52.212 
-0.751 29.685 
-0.905 46.384 
-0.9 42.157 
-0.788 30.175 
-0.738 26.63 
-0.889 41.175 
-0.844 35.8 
-0.884 37.659 
-0.842 32.552 
-0.726 26.586 
-0.748 29.33 
-0.748 29.33 
-0.924 52.212 
-0.916 47.348 
-0.849 35.991 
-0.806 30.993 
-0.859 36.098 
-0.798 30.383 
-0.738 26.63 
-0.869 36.165 
-0.858 36.0 
-0.818 31.301 
-0.815 31.213 
-0.79 30.31 
-0.827 31.345 
-0.908 46.918 
-0.751 29.685 
-0.877 36.753 
-0.848 35.89 
-0.884 37.659 
-0.788 30.175 
-0.799 30.651 
-0.905 46.384 
-0.872 36.185 
-0.803 30.786 
-0.833 31.779 
-0.833 31.779 
-0.889 41.175 
-0.9 42.157 
-0.828 31.361 
-0.899 42.137 
-0.815 31.213 
-0.806 30.993 
-0.908 46.918 
-0.898 41.818 
-0.842 32.552 
-0.896 41.789 
-0.828 31.361 
-0.907 46.917 
-0.906 46.534 
-0.803 30.786 
-0.892 41.213 
-0.879 37.071 
-0.84 32.242 
-0.895 41.479 
-0.869 36.165 
-0.874 36.303 
-0.837 32.123 
-0.836 31.848 
-0.894 41.321 
-0.818 31.301 
-0.844 35.8 
-0.879 37.071 
-0.79 30.31 
-0.881 37.33 
-0.88 37.151 
-0.875 36.477 
-0.883 37.487 
-0.876 36.593 
-0.895 41.479 
-0.906 46.534 
-0.892 41.213 
-0.84 32.242 
-0.835 31.818 
-0.799 30.651 
-0.874 36.303 
-0.876 36.593 
-0.875 36.477 
-0.894 41.321 
-0.882 37.436 
-0.881 37.33 
-0.88 37.151 
-0.798 30.383 
-0.859 36.098 
-0.838 32.178 
-0.837 32.123 
-0.883 37.487 
-0.882 37.436 
-0.827 31.345 
-0.835 31.818 
-0.839 32.206 
-0.836 31.848 
-0.898 41.818 
