-0.783 30.807 
-0.783 30.807 
-0.966 66.775 
-0.892 43.338 
-0.828 35.257 
-0.817 32.209 
-0.953 55.934 
-0.954 60.618 
-0.945 54.74 
-0.965 61.937 
-0.919 48.63 
-0.891 38.781 
-0.944 50.6 
-0.909 44.4 
-0.81 31.424 
-0.868 37.655 
-0.792 31.383 
-0.848 36.038 
-0.883 37.779 
-0.832 35.691 
-0.86 36.335 
-0.848 36.038 
-0.919 48.63 
-0.791 31.27 
-0.946 55.458 
-0.909 44.4 
-0.935 49.93 
-0.93 49.453 
-0.902 43.349 
-0.942 50.441 
-0.812 31.838 
-0.952 55.666 
-0.862 36.924 
-0.924 49.228 
-0.958 60.9 
-0.961 61.036 
-0.864 37.333 
-0.923 49.038 
-0.905 43.483 
-0.933 49.554 
-0.942 50.441 
-0.815 31.922 
-0.955 60.848 
-0.906 43.694 
-0.963 61.591 
-0.885 38.136 
-0.831 35.535 
-0.86 36.335 
-0.887 38.207 
-0.963 61.591 
-0.923 49.038 
-0.889 38.425 
-0.891 38.781 
-0.889 38.425 
-0.832 35.691 
-0.961 61.036 
-0.864 37.333 
-0.883 37.779 
-0.934 49.871 
-0.908 44.181 
-0.907 43.889 
-0.815 31.922 
-0.831 35.535 
-0.885 38.136 
-0.964 61.822 
-0.924 49.228 
-0.903 43.377 
-0.908 44.181 
-0.952 55.666 
-0.863 37.126 
-0.863 37.126 
-0.907 43.889 
-0.888 38.23 
-0.965 61.937 
-0.964 61.822 
-0.903 43.377 
-0.933 49.554 
-0.934 49.871 
-0.955 60.848 
-0.792 31.383 
-0.888 38.23 
-0.902 43.349 
-0.892 43.338 
-0.783 30.807 
-0.919 48.63 
-0.909 44.4 
-0.86 36.335 
-0.863 37.126 
-0.815 31.922 
-0.942 50.441 
-0.902 43.349 
-0.963 61.591 
-0.923 49.038 
-0.961 61.036 
-0.832 35.691 
-0.864 37.333 
-0.924 49.228 
-0.885 38.136 
-0.955 60.848 
-0.831 35.535 
