-0.964 61.822 
-0.928 49.782 
-0.946 55.718 
-0.915 48.757 
-0.946 55.718 
-0.915 48.757 
-0.958 61.133 
-0.946 55.718 
-0.847 36.361 
-0.915 48.757 
-0.915 48.757 
-0.908 44.242 
-0.946 55.718 
-0.783 30.807 
-0.923 49.038 
-0.847 36.361 
-0.946 55.718 
-0.958 61.133 
-0.964 61.822 
-0.928 49.782 
-0.946 55.718 
-0.936 54.556 
-0.866 38.526 
-0.891 43.299 
-0.964 61.822 
-0.866 38.526 
-0.934 49.923 
-0.964 61.822 
-0.963 61.591 
-0.783 30.807 
-0.847 36.361 
-0.946 55.718 
-0.943 54.947 
-0.866 38.526 
-0.928 49.782 
-0.831 35.545 
-0.915 48.757 
-0.924 49.228 
-0.946 55.718 
-0.864 37.333 
-0.946 55.718 
-0.864 37.333 
-0.923 49.038 
-0.946 55.718 
-0.966 71.719 
-0.828 35.262 
-0.963 61.591 
-0.804 35.2 
-0.949 60.607 
-0.792 31.383 
-0.838 36.181 
-0.963 61.591 
-0.923 49.038 
-0.934 49.923 
-0.946 55.718 
-0.946 55.718 
-0.889 38.564 
-0.868 38.547 
-0.946 55.718 
-0.853 36.911 
-0.915 48.757 
-0.853 36.911 
-0.916 48.867 
-0.892 43.338 
-0.926 49.695 
-0.945 55.493 
-0.906 43.755 
-0.907 43.889 
-0.915 48.757 
-0.831 35.545 
-0.923 49.038 
-0.915 48.757 
-0.831 35.545 
-0.915 48.757 
-0.928 49.782 
-0.957 61.073 
-0.946 55.718 
-0.832 35.79 
-0.964 61.822 
-0.963 61.591 
-0.955 60.848 
-0.915 48.757 
-0.804 35.2 
-0.915 48.757 
-0.863 37.126 
