P=? [ F (x=9&y=9&crashed=0) ]	R{"cost"}=? [ C<=100 ]
0.672	20.971
0.899	52.198
0.899	52.198
0.672	20.971
0.897	47.654
0.718	24.712
0.761	24.836
0.701	24.681
0.89	43.153
0.855	36.037
0.881	41.873
0.798	26.895
0.846	32.222
0.873	38.061
0.685	21.618
0.801	29.993
0.718	24.712
0.782	25.607
0.701	24.681
0.685	21.618
0.815	31.113
0.769	25.452
0.827	31.151
0.837	31.207
0.888	42.212
0.827	31.151
0.846	32.222
0.855	36.037
0.814	30.7
0.807	30.667
0.89	43.153
0.881	41.873
0.889	42.793
0.791	26.316
0.789	26.064
0.873	38.061
0.782	25.607
0.871	37.852
0.798	26.895
0.791	26.316
0.673	20.978
0.679	21.264
0.764	25.195
0.767	25.201
0.841	31.436
0.682	21.611
0.789	26.064
0.884	42.053
0.87	37.277
0.804	30.275
0.858	36.2
0.837	31.207
0.804	30.275
0.884	42.053
0.865	36.81
0.801	29.993
0.841	31.436
0.865	36.81
0.762	24.837
0.868	37.031
0.68	21.271
0.843	31.64
0.807	30.667
0.858	36.2
0.863	36.655
0.861	36.584
0.86	36.435
0.679	21.264
0.673	20.978
0.845	32.052
0.844	31.811
0.802	30.096
0.86	36.435
0.868	37.031
0.863	36.655
0.843	31.64
0.768	25.4
0.802	30.096
0.872	38.028
0.87	37.277
0.869	37.102
0.844	31.811
0.845	32.052
0.769	25.452
0.68	21.271
0.682	21.611
0.764	25.195
0.762	24.837
0.761	24.836
0.869	37.102
0.861	36.584
0.768	25.4
0.815	31.113
0.872	38.028
0.814	30.7
0.899	52.198
0.672	20.971
0.701	24.681
0.685	21.618
0.873	38.061
