-0.89 58.865 
-0.744 25.845 
-0.744 25.845 
-0.89 58.865 
-0.881 54.011 
-0.821 36.868 
-0.854 47.35 
-0.753 26.85 
-0.829 41.089 
-0.771 29.979 
-0.762 29.871 
-0.872 52.599 
-0.864 47.844 
-0.847 42.708 
-0.789 31.247 
-0.783 30.186 
-0.792 34.868 
-0.837 41.749 
-0.749 26.443 
-0.762 29.871 
-0.836 41.195 
-0.812 36.321 
-0.872 52.599 
-0.863 47.744 
-0.829 41.089 
-0.864 47.844 
-0.819 36.546 
-0.8 34.988 
-0.845 42.629 
-0.873 52.853 
-0.856 47.683 
-0.805 35.974 
-0.88 53.964 
-0.793 34.898 
-0.847 42.708 
-0.811 36.236 
-0.88 53.964 
-0.873 52.853 
-0.845 42.629 
-0.837 41.749 
-0.787 30.787 
-0.751 26.466 
-0.787 30.787 
-0.801 35.303 
-0.855 47.473 
-0.792 34.868 
-0.819 36.546 
-0.788 30.917 
-0.804 35.664 
-0.846 42.683 
-0.804 35.664 
-0.803 35.366 
-0.811 36.236 
-0.805 35.974 
-0.751 26.466 
-0.788 30.917 
-0.836 41.195 
-0.8 34.988 
-0.793 34.898 
-0.856 47.683 
-0.802 35.361 
-0.803 35.366 
-0.802 35.361 
-0.744 25.845 
-0.89 58.865 
-0.762 29.871 
-0.872 52.599 
-0.829 41.089 
-0.864 47.844 
-0.88 53.964 
-0.873 52.853 
-0.845 42.629 
-0.837 41.749 
-0.787 30.787 
-0.792 34.868 
-0.8 34.988 
-0.804 35.664 
-0.811 36.236 
-0.805 35.974 
-0.802 35.361 
-0.788 30.917 
-0.856 47.683 
-0.836 41.195 
-0.793 34.898 
-0.803 35.366 
-0.762 29.871 
-0.872 52.599 
-0.829 41.089 
-0.88 53.964 
-0.873 52.853 
-0.845 42.629 
-0.837 41.749 
-0.787 30.787 
-0.792 34.868 
-0.804 35.664 
-0.8 34.988 
-0.811 36.236 
-0.805 35.974 
-0.788 30.917 
-0.793 34.898 
