-0.722 26.367 
-0.89 53.028 
-0.722 26.367 
-0.775 27.035 
-0.785 31.179 
-0.831 35.729 
-0.822 31.788 
-0.887 47.177 
-0.816 31.222 
-0.881 43.328 
-0.889 48.237 
-0.857 40.733 
-0.783 27.918 
-0.856 37.573 
-0.836 36.247 
-0.851 36.341 
-0.875 42.232 
-0.778 27.391 
-0.862 41.427 
-0.879 42.882 
-0.781 27.544 
-0.869 41.546 
-0.775 27.035 
-0.877 42.244 
-0.854 36.961 
-0.861 41.133 
-0.889 48.237 
-0.888 47.472 
-0.87 41.667 
-0.818 31.498 
-0.835 36.104 
-0.87 41.667 
-0.783 27.918 
-0.853 36.48 
-0.856 37.573 
-0.855 37.117 
-0.818 31.498 
-0.861 41.133 
-0.857 40.733 
-0.835 36.104 
-0.888 47.472 
-0.88 43.107 
-0.88 43.107 
-0.816 31.222 
-0.785 31.179 
-0.877 42.244 
-0.855 37.117 
-0.869 41.546 
-0.862 41.427 
-0.851 36.341 
-0.852 36.433 
-0.853 36.48 
-0.852 36.433 
-0.722 26.367 
-0.775 27.035 
-0.88 43.107 
-0.783 27.918 
-0.818 31.498 
-0.861 41.133 
-0.835 36.104 
-0.816 31.222 
-0.785 31.179 
-0.869 41.546 
-0.851 36.341 
-0.853 36.48 
-0.852 36.433 
-0.775 27.035 
-0.88 43.107 
-0.816 31.222 
-0.861 41.133 
-0.88 43.107 
-0.775 27.035 
-0.722 26.367 
-0.775 27.035 
-0.783 27.918 
-0.861 41.133 
-0.869 41.546 
-0.775 27.035 
-0.851 36.341 
-0.88 43.107 
-0.88 43.107 
-0.88 43.107 
-0.722 26.367 
-0.88 43.107 
-0.88 43.107 
-0.816 31.222 
-0.775 27.035 
-0.775 27.035 
-0.88 43.107 
-0.785 31.179 
-0.861 41.133 
-0.861 41.133 
-0.88 43.107 
-0.816 31.222 
-0.775 27.035 
-0.88 43.107 
-0.851 36.341 
-0.88 43.107 
-0.775 27.035 
-0.88 43.107 
