-0.882 52.436 
-0.882 52.436 
-0.777 26.402 
-0.872 51.074 
-0.87 42.43 
-0.807 31.012 
-0.79 27.241 
-0.79 27.241 
-0.807 31.012 
-0.816 31.391 
-0.828 32.616 
-0.856 40.635 
-0.854 37.247 
-0.848 36.37 
-0.829 35.192 
-0.786 26.671 
-0.838 36.185 
-0.831 36.073 
-0.821 31.546 
-0.863 41.832 
-0.85 36.576 
-0.838 36.185 
-0.862 41.116 
-0.823 31.949 
-0.868 41.863 
-0.878 51.364 
-0.881 52.097 
-0.858 41.058 
-0.786 26.671 
-0.823 31.949 
-0.869 42.237 
-0.853 37.057 
-0.828 32.616 
-0.88 51.49 
-0.853 37.057 
-0.83 35.622 
-0.854 37.247 
-0.83 35.622 
-0.829 35.192 
-0.856 40.635 
-0.878 51.364 
-0.857 40.768 
-0.857 40.768 
-0.88 51.49 
-0.879 51.384 
-0.862 41.116 
-0.858 41.058 
-0.868 41.863 
-0.879 51.384 
-0.882 52.436 
-0.79 27.241 
-0.807 31.012 
-0.838 36.185 
-0.786 26.671 
-0.823 31.949 
-0.828 32.616 
-0.853 37.057 
-0.854 37.247 
-0.829 35.192 
-0.856 40.635 
-0.868 41.863 
-0.878 51.364 
-0.857 40.768 
-0.88 51.49 
-0.862 41.116 
-0.858 41.058 
-0.879 51.384 
-0.882 52.436 
-0.79 27.241 
-0.838 36.185 
-0.786 26.671 
-0.823 31.949 
-0.828 32.616 
-0.853 37.057 
-0.854 37.247 
-0.856 40.635 
-0.868 41.863 
-0.878 51.364 
-0.862 41.116 
-0.858 41.058 
-0.882 52.436 
-0.79 27.241 
-0.838 36.185 
-0.823 31.949 
-0.828 32.616 
-0.853 37.057 
-0.868 41.863 
-0.878 51.364 
-0.862 41.116 
-0.858 41.058 
-0.882 52.436 
-0.838 36.185 
-0.823 31.949 
-0.828 32.616 
-0.868 41.863 
-0.853 37.057 
-0.878 51.364 
-0.862 41.116 
-0.858 41.058 
-0.882 52.436 
