P=? [ F (x=9&y=9&crashed=0) ]	R{"cost"}=? [ C<=100 ]
0.63	19.732
0.9	86.69
0.9	86.69
0.63	19.732
0.891	77.469
0.888	72.411
0.659	23.178
0.891	77.469
0.631	19.769
0.659	23.178
0.814	40.935
0.89	72.599
0.855	51.314
0.87	61.283
0.879	67.534
0.864	56.193
0.751	30.791
0.859	55.645
0.873	65.138
0.842	49.808
0.872	61.387
0.717	27.145
0.701	27.032
0.79	35.311
0.76	32.877
0.8	38.814
0.674	23.192
0.631	19.769
0.839	46.59
0.784	34.128
0.774	34.057
0.729	28.022
0.82	43.64
0.79	35.311
0.697	25.402
0.877	67.257
0.812	39.51
0.879	67.534
0.8	38.814
0.697	25.402
0.692	23.756
0.873	65.138
0.76	32.877
0.674	23.192
0.683	23.222
0.737	28.255
0.767	33.002
0.746	29.906
0.82	43.64
0.744	29.138
0.724	27.288
0.801	38.816
0.717	27.145
0.835	45.589
0.7	26.96
0.786	34.332
0.854	51.084
0.807	38.941
0.692	23.756
0.87	61.283
0.864	56.193
0.742	28.982
0.846	50.358
0.83	45.011
0.828	44.641
0.847	50.445
0.861	55.921
0.748	30.116
0.769	33.293
0.75	30.36
0.687	23.243
0.85	50.831
0.772	33.894
0.727	27.752
0.74	28.575
0.836	46.02
0.877	67.257
0.859	55.645
0.839	46.59
0.821	44.111
0.726	27.44
0.81	39.339
0.827	44.273
0.739	28.412
0.788	34.878
0.863	56.102
0.684	23.228
0.85	50.831
0.838	46.118
0.771	33.455
0.788	34.878
0.832	45.186
0.824	44.113
0.832	45.186
0.689	23.379
0.689	23.379
0.843	49.896
0.7	26.96
0.824	44.113
0.737	28.255
