-0.73 32.045 
-0.764 34.058 
-0.679 24.741 
-0.774 38.263 
-0.742 33.008 
-0.827 46.337 
-0.829 50.321 
-0.828 46.558 
-0.772 37.892 
-0.758 33.729 
-0.788 39.354 
-0.803 40.993 
-0.773 38.165 
-0.781 39.04 
-0.741 32.89 
-0.794 40.327 
-0.82 46.227 
-0.714 28.464 
-0.679 24.741 
-0.813 45.306 
-0.81 45.28 
-0.713 28.318 
-0.803 40.993 
-0.787 39.146 
-0.765 34.261 
-0.676 24.359 
-0.764 34.058 
-0.679 24.741 
-0.795 40.392 
-0.692 28.059 
-0.796 40.668 
-0.755 33.161 
-0.779 38.742 
-0.764 34.058 
-0.803 40.993 
-0.828 46.558 
-0.742 33.008 
-0.758 33.729 
-0.729 28.832 
-0.764 34.058 
-0.741 32.89 
-0.819 46.173 
-0.727 28.771 
-0.656 24.297 
-0.765 34.261 
-0.819 46.173 
-0.817 45.387 
-0.774 38.263 
-0.794 40.327 
-0.764 34.058 
-0.763 33.788 
-0.757 33.54 
-0.756 33.361 
-0.809 45.231 
-0.81 45.28 
-0.78 38.932 
-0.726 28.529 
-0.828 46.558 
-0.828 46.558 
-0.736 32.188 
-0.729 28.832 
-0.729 28.832 
-0.764 34.058 
-0.837 51.034 
-0.81 45.28 
-0.742 33.008 
-0.818 45.605 
-0.747 33.009 
-0.679 24.741 
-0.676 24.359 
-0.787 39.146 
-0.804 41.206 
-0.757 33.54 
-0.676 24.359 
-0.795 40.392 
-0.764 34.058 
-0.737 32.479 
