-0.862 56.5 
-0.707 28.138 
-0.707 28.138 
-0.862 56.5 
-0.854 51.007 
-0.709 28.361 
-0.742 29.409 
-0.86 56.229 
-0.755 33.417 
-0.838 46.183 
-0.791 35.659 
-0.795 39.242 
-0.844 49.868 
-0.822 41.354 
-0.824 44.659 
-0.769 33.526 
-0.753 30.721 
-0.744 29.645 
-0.847 50.838 
-0.844 49.868 
-0.775 34.073 
-0.812 39.799 
-0.803 39.563 
-0.751 30.484 
-0.709 28.361 
-0.86 56.229 
-0.781 34.52 
-0.742 29.409 
-0.751 30.484 
-0.786 34.858 
-0.814 40.151 
-0.816 40.602 
-0.852 50.917 
-0.835 45.763 
-0.79 35.124 
-0.799 39.315 
-0.833 45.451 
-0.781 34.52 
-0.795 39.242 
-0.783 34.657 
-0.83 45.358 
-0.817 40.684 
-0.837 45.95 
-0.802 39.487 
-0.819 40.942 
-0.788 34.87 
-0.753 30.721 
-0.743 29.429 
-0.82 41.164 
-0.783 34.657 
-0.822 41.354 
-0.836 45.88 
-0.771 33.818 
-0.8 39.477 
-0.824 44.659 
-0.828 45.102 
-0.771 33.818 
-0.755 33.417 
-0.833 45.451 
-0.852 50.917 
-0.813 40.057 
-0.79 35.124 
-0.773 34.062 
-0.803 39.563 
-0.812 39.799 
-0.818 40.906 
-0.788 34.87 
-0.82 41.164 
-0.772 33.997 
-0.826 44.968 
-0.825 44.803 
-0.825 44.803 
-0.829 45.228 
-0.829 45.228 
-0.827 45.088 
-0.826 44.968 
-0.813 40.057 
-0.83 45.358 
-0.799 39.315 
-0.772 33.997 
-0.818 40.906 
-0.827 45.088 
-0.773 34.062 
-0.8 39.477 
-0.707 28.138 
-0.862 56.5 
-0.86 56.229 
-0.742 29.409 
-0.709 28.361 
-0.751 30.484 
-0.771 33.818 
-0.755 33.417 
-0.773 34.062 
-0.822 41.354 
-0.82 41.164 
-0.818 40.906 
-0.825 44.803 
-0.829 45.228 
-0.826 44.968 
-0.83 45.358 
