-0.822 41.577 
-0.83 45.374 
-0.846 55.908 
-0.83 45.374 
-0.822 41.577 
-0.83 45.374 
-0.83 45.374 
-0.83 45.374 
-0.83 45.374 
-0.759 33.979 
-0.83 45.374 
-0.83 45.374 
-0.846 55.908 
-0.83 45.374 
-0.83 45.374 
-0.804 40.03 
-0.742 29.688 
-0.83 45.374 
-0.83 45.374 
-0.83 45.374 
-0.757 33.637 
-0.83 45.374 
-0.709 28.361 
-0.846 55.908 
-0.83 45.374 
-0.83 45.374 
-0.83 45.374 
-0.8 39.695 
-0.822 41.577 
-0.845 51.732 
-0.76 34.195 
-0.83 45.374 
-0.83 45.374 
-0.814 40.194 
-0.803 39.868 
-0.83 45.374 
-0.757 33.637 
-0.759 33.979 
-0.83 45.374 
-0.83 45.374 
-0.823 44.672 
-0.79 35.403 
-0.83 45.374 
-0.829 45.228 
-0.83 45.374 
-0.83 45.374 
-0.787 34.906 
-0.83 45.374 
-0.83 45.374 
-0.83 45.374 
-0.83 45.374 
-0.83 45.374 
-0.773 34.882 
-0.753 31.002 
-0.827 45.113 
-0.8 39.695 
-0.789 35.219 
-0.742 29.688 
-0.79 35.403 
-0.83 45.374 
-0.83 45.374 
-0.709 28.361 
-0.83 45.374 
-0.757 33.637 
-0.862 56.5 
-0.821 41.491 
-0.847 55.996 
-0.83 45.374 
-0.83 45.374 
-0.83 45.374 
-0.83 45.374 
-0.829 45.228 
-0.83 45.374 
-0.76 34.195 
-0.83 45.374 
-0.759 33.979 
-0.757 33.637 
-0.803 39.868 
-0.83 45.374 
-0.686 28.336 
-0.76 34.195 
-0.83 45.374 
