-0.696 24.944 
-0.88 52.825 
-0.838 43.158 
-0.855 48.192 
-0.819 40.611 
-0.761 31.94 
-0.863 52.555 
-0.716 28.599 
-0.851 46.953 
-0.807 37.056 
-0.766 33.937 
-0.864 52.778 
-0.795 36.005 
-0.712 26.536 
-0.735 28.927 
-0.774 34.723 
-0.851 46.953 
-0.807 37.056 
-0.828 40.937 
-0.767 34.25 
-0.83 41.256 
-0.724 28.838 
-0.698 25.078 
-0.837 42.943 
-0.71 26.223 
-0.704 26.062 
-0.754 30.77 
-0.863 52.555 
-0.803 36.294 
-0.83 41.256 
-0.82 40.734 
-0.837 42.943 
-0.754 30.77 
-0.746 30.455 
-0.776 35.61 
-0.788 35.934 
-0.787 35.807 
-0.78 35.685 
-0.702 25.876 
-0.752 30.596 
-0.723 28.828 
-0.804 36.474 
-0.712 26.536 
-0.853 47.854 
-0.852 47.173 
-0.742 29.823 
-0.738 29.163 
-0.739 29.582 
-0.702 25.876 
-0.78 35.685 
-0.737 29.092 
-0.775 35.234 
-0.744 29.867 
-0.806 36.831 
-0.775 35.234 
-0.806 36.831 
-0.745 30.148 
-0.752 30.596 
-0.803 36.294 
-0.745 30.148 
-0.854 48.133 
-0.853 47.854 
-0.723 28.828 
-0.74 29.653 
-0.852 47.173 
-0.82 40.734 
-0.74 29.653 
-0.746 30.455 
-0.787 35.807 
-0.788 35.934 
-0.854 48.133 
-0.744 29.867 
-0.82 40.734 
-0.863 52.555 
-0.702 25.876 
-0.752 30.596 
-0.806 36.831 
-0.853 47.854 
-0.723 28.828 
-0.74 29.653 
-0.746 30.455 
-0.775 35.234 
-0.788 35.934 
-0.854 48.133 
-0.82 40.734 
-0.863 52.555 
-0.702 25.876 
-0.806 36.831 
-0.853 47.854 
-0.723 28.828 
-0.752 30.596 
-0.775 35.234 
-0.854 48.133 
-0.806 36.831 
-0.854 48.133 
-0.806 36.831 
-0.723 28.828 
-0.806 36.831 
-0.723 28.828 
-0.775 35.234 
