-0.693 24.547 
-0.693 24.547 
-0.881 52.944 
-0.877 52.127 
-0.863 47.641 
-0.811 40.087 
-0.807 37.056 
-0.843 45.459 
-0.838 43.158 
-0.877 52.127 
-0.863 47.641 
-0.795 35.988 
-0.819 40.364 
-0.736 28.891 
-0.85 46.829 
-0.718 28.407 
-0.763 33.566 
-0.713 26.53 
-0.724 28.83 
-0.762 32.158 
-0.859 46.933 
-0.826 40.525 
-0.745 30.087 
-0.751 30.247 
-0.712 26.189 
-0.812 40.361 
-0.7 25.434 
-0.788 35.934 
-0.802 36.115 
-0.72 28.821 
-0.718 28.407 
-0.705 25.843 
-0.834 42.353 
-0.831 41.388 
-0.713 26.53 
-0.78 35.324 
-0.756 31.737 
-0.843 45.459 
-0.845 45.746 
-0.838 43.158 
-0.783 35.705 
-0.76 31.817 
-0.86 47.062 
-0.773 34.371 
-0.755 31.518 
-0.754 30.76 
-0.768 34.37 
-0.777 35.244 
-0.811 40.087 
-0.741 29.503 
-0.807 37.056 
-0.776 34.803 
-0.764 33.892 
-0.699 25.159 
-0.742 29.821 
-0.739 29.403 
-0.766 33.924 
-0.835 42.479 
-0.767 34.226 
-0.787 35.806 
-0.775 34.726 
-0.878 52.423 
-0.704 25.733 
-0.752 30.475 
-0.846 46.011 
-0.827 40.651 
-0.831 41.388 
-0.805 36.579 
-0.847 46.149 
-0.83 41.159 
-0.774 34.377 
-0.761 31.94 
-0.803 36.243 
-0.804 36.451 
-0.837 42.922 
-0.723 28.828 
-0.697 24.924 
-0.738 29.163 
-0.848 46.384 
-0.753 30.656 
-0.879 52.552 
-0.834 42.353 
-0.744 29.849 
-0.848 46.384 
-0.698 24.927 
-0.829 41.026 
-0.697 24.924 
-0.862 47.417 
-0.862 47.417 
-0.712 26.189 
-0.705 25.843 
-0.836 42.823 
-0.704 25.733 
-0.782 35.578 
-0.828 40.924 
-0.782 35.578 
-0.806 36.831 
-0.88 52.701 
-0.806 36.831 
-0.755 31.518 
