-0.782 35.913 
-0.836 47.258 
-0.79 36.207 
-0.811 41.141 
-0.71 26.326 
-0.873 58.35 
-0.864 53.88 
-0.776 35.737 
-0.811 41.141 
-0.836 47.258 
-0.855 53.368 
-0.776 35.737 
-0.782 35.913 
-0.716 28.599 
-0.743 29.955 
-0.74 29.655 
-0.678 25.018 
-0.725 29.033 
-0.79 36.207 
-0.838 47.538 
-0.777 35.766 
-0.789 36.161 
-0.814 41.389 
-0.782 35.913 
-0.832 46.226 
-0.78 35.901 
-0.807 37.06 
-0.746 30.456 
-0.811 41.141 
-0.71 26.326 
-0.823 41.966 
-0.79 36.207 
-0.782 35.913 
-0.782 35.913 
-0.746 30.456 
-0.837 47.318 
-0.804 36.52 
-0.789 36.161 
-0.743 29.955 
-0.71 26.326 
-0.746 30.456 
-0.743 29.955 
-0.782 35.913 
-0.821 41.82 
-0.79 36.207 
-0.854 52.212 
-0.774 35.246 
-0.814 41.389 
-0.782 35.913 
-0.782 35.913 
-0.752 30.597 
-0.863 53.498 
-0.853 47.855 
-0.823 41.966 
-0.782 35.913 
-0.807 37.06 
-0.768 35.079 
-0.795 36.26 
-0.853 47.855 
-0.845 47.684 
-0.719 29.016 
-0.781 35.906 
-0.782 35.913 
-0.814 41.389 
-0.814 41.389 
-0.775 35.317 
-0.745 30.399 
-0.855 53.368 
-0.832 46.226 
-0.782 35.913 
-0.746 30.456 
-0.76 32.195 
-0.774 35.246 
-0.811 41.141 
-0.782 35.913 
-0.83 43.242 
-0.872 58.189 
-0.782 35.913 
-0.832 46.226 
-0.864 53.88 
-0.678 25.018 
-0.788 35.937 
-0.754 30.873 
-0.737 29.092 
-0.838 47.538 
