-0.771 69.634 
-0.624 31.355 
-0.624 31.355 
-0.771 69.634 
-0.77 69.488 
-0.753 59.269 
-0.763 63.995 
-0.741 54.356 
-0.712 41.244 
-0.717 44.767 
-0.649 34.745 
-0.63 32.163 
-0.764 64.768 
-0.728 45.845 
-0.749 55.027 
-0.683 37.307 
-0.74 50.266 
-0.757 60.275 
-0.731 48.966 
-0.67 36.786 
-0.649 34.745 
-0.709 40.537 
-0.681 36.835 
-0.698 40.484 
-0.63 32.163 
-0.748 54.359 
-0.724 44.769 
-0.69 39.434 
-0.764 64.768 
-0.757 60.275 
-0.69 39.434 
-0.749 55.027 
-0.665 36.343 
-0.692 39.967 
-0.665 36.343 
-0.739 50.148 
-0.67 36.786 
-0.734 49.514 
-0.629 32.104 
-0.717 44.767 
-0.696 40.214 
-0.661 36.129 
-0.755 59.84 
-0.626 31.88 
-0.755 59.84 
-0.731 48.966 
-0.726 45.425 
-0.739 50.148 
-0.734 49.514 
-0.697 40.436 
-0.656 35.598 
-0.66 36.001 
-0.652 35.221 
-0.651 34.989 
-0.656 35.598 
-0.654 35.386 
-0.691 39.506 
-0.654 35.386 
-0.727 45.432 
-0.733 49.486 
-0.732 49.132 
-0.711 40.935 
-0.658 35.843 
-0.625 31.58 
-0.726 45.425 
-0.682 37.044 
-0.724 44.769 
-0.696 40.214 
-0.692 39.967 
-0.658 35.843 
-0.651 34.989 
-0.71 40.763 
-0.625 31.58 
-0.626 31.88 
-0.661 36.129 
-0.682 37.044 
-0.711 40.935 
-0.71 40.763 
-0.732 49.132 
-0.652 35.221 
-0.74 50.266 
-0.659 35.889 
-0.691 39.506 
-0.709 40.537 
-0.698 40.484 
-0.681 36.835 
-0.659 35.889 
-0.733 49.486 
-0.727 45.432 
-0.771 69.634 
-0.649 34.745 
-0.63 32.163 
-0.764 64.768 
-0.757 60.275 
-0.67 36.786 
-0.717 44.767 
-0.739 50.148 
-0.734 49.514 
-0.656 35.598 
-0.654 35.386 
