-0.668 24.721 
-0.91 48.387 
-0.708 28.428 
-0.902 43.415 
-0.834 32.651 
-0.884 37.741 
-0.78 30.744 
-0.898 41.884 
-0.738 29.567 
-0.73 28.829 
-0.78 30.744 
-0.902 43.415 
-0.884 37.741 
-0.9 42.218 
-0.798 31.144 
-0.809 31.555 
-0.898 41.884 
-0.809 31.555 
-0.865 37.024 
-0.852 36.138 
-0.738 29.567 
-0.864 36.858 
-0.834 32.651 
-0.799 31.167 
-0.798 31.144 
-0.799 31.167 
-0.854 36.493 
-0.737 29.422 
-0.737 29.422 
-0.854 36.493 
-0.853 36.352 
-0.853 36.352 
-0.865 37.024 
-0.898 41.884 
-0.884 37.741 
-0.854 36.493 
-0.853 36.352 
-0.884 37.741 
-0.854 36.493 
-0.853 36.352 
-0.884 37.741 
-0.884 37.741 
-0.737 29.422 
-0.884 37.741 
-0.854 36.493 
-0.898 41.884 
-0.853 36.352 
-0.884 37.741 
-0.898 41.884 
-0.853 36.352 
-0.834 32.651 
-0.834 32.651 
-0.853 36.352 
-0.884 37.741 
-0.737 29.422 
-0.884 37.741 
-0.884 37.741 
-0.737 29.422 
-0.681 28.324 
-0.854 36.493 
-0.884 37.741 
-0.834 32.651 
-0.841 32.713 
-0.851 35.943 
-0.88 37.134 
-0.884 37.741 
-0.854 36.493 
-0.853 36.352 
-0.865 37.024 
-0.884 37.741 
-0.898 41.884 
-0.853 36.352 
-0.859 36.538 
-0.853 36.352 
-0.902 43.415 
-0.737 29.422 
-0.809 31.555 
-0.884 37.741 
-0.884 37.741 
-0.83 32.284 
-0.813 32.011 
-0.884 37.741 
-0.884 37.741 
-0.73 28.829 
-0.896 41.595 
-0.883 37.692 
-0.853 36.352 
-0.865 37.024 
-0.834 32.651 
-0.735 29.147 
-0.812 31.85 
-0.853 36.352 
-0.853 36.352 
-0.9 42.218 
-0.884 37.741 
-0.854 36.493 
-0.896 41.595 
