-0.644 22.822 
-0.828 45.293 
-0.644 22.822 
-0.806 36.297 
-0.817 40.99 
-0.82 41.411 
-0.714 29.227 
-0.771 30.402 
-0.792 34.161 
-0.786 31.28 
-0.684 26.129 
-0.681 23.469 
-0.663 22.827 
-0.783 30.702 
-0.701 27.706 
-0.701 27.706 
-0.817 40.99 
-0.667 23.267 
-0.679 23.399 
-0.82 41.411 
-0.749 29.89 
-0.792 34.161 
-0.762 30.008 
-0.758 29.991 
-0.734 29.338 
-0.722 29.26 
-0.762 30.008 
-0.727 29.28 
-0.805 35.706 
-0.801 35.173 
-0.786 31.28 
-0.74 29.57 
-0.734 29.338 
-0.784 31.214 
-0.749 29.89 
-0.803 35.622 
-0.744 29.694 
-0.684 26.129 
-0.727 29.28 
-0.722 29.26 
-0.741 29.63 
-0.699 27.488 
-0.795 34.557 
-0.758 29.991 
-0.692 27.123 
-0.744 29.694 
-0.798 34.967 
-0.795 34.557 
-0.696 27.131 
-0.697 27.138 
-0.796 34.784 
-0.699 27.488 
-0.664 23.035 
-0.801 35.173 
-0.798 34.967 
-0.685 26.432 
-0.783 30.702 
-0.681 23.469 
-0.74 29.57 
-0.803 35.622 
-0.689 26.814 
-0.686 26.628 
-0.685 26.432 
-0.666 23.194 
-0.796 34.784 
-0.689 26.814 
-0.687 26.649 
-0.666 23.194 
-0.664 23.035 
-0.691 27.045 
-0.69 26.89 
-0.687 26.649 
-0.679 23.399 
-0.667 23.267 
-0.697 27.138 
-0.805 35.706 
-0.691 27.045 
-0.69 26.89 
-0.784 31.214 
-0.68 23.444 
-0.68 23.444 
-0.686 26.628 
-0.696 27.131 
-0.692 27.123 
-0.644 22.822 
-0.701 27.706 
-0.817 40.99 
-0.82 41.411 
-0.762 30.008 
-0.786 31.28 
-0.734 29.338 
-0.684 26.129 
-0.727 29.28 
-0.758 29.991 
-0.744 29.694 
-0.664 23.035 
-0.801 35.173 
-0.798 34.967 
-0.783 30.702 
-0.687 26.649 
