-0.822 58.505 
-0.662 27.553 
-0.662 27.553 
-0.822 58.505 
-0.713 27.615 
-0.812 49.821 
-0.746 32.489 
-0.762 36.747 
-0.736 29.581 
-0.821 54.319 
-0.813 53.784 
-0.796 44.956 
-0.757 33.11 
-0.786 42.04 
-0.779 38.773 
-0.716 27.95 
-0.808 47.769 
-0.796 44.956 
-0.808 47.769 
-0.794 42.837 
-0.795 43.052 
-0.726 28.313 
-0.811 48.178 
-0.77 37.002 
-0.779 38.773 
-0.787 42.188 
-0.786 42.04 
-0.774 38.324 
-0.762 36.747 
-0.818 54.097 
-0.757 33.11 
-0.728 28.461 
-0.734 28.877 
-0.818 54.097 
-0.772 37.653 
-0.752 32.617 
-0.787 42.188 
-0.75 32.559 
-0.772 37.653 
-0.735 29.434 
-0.726 28.313 
-0.771 37.213 
-0.777 38.555 
-0.732 28.729 
-0.756 33.049 
-0.776 38.379 
-0.81 48.016 
-0.813 53.784 
-0.75 32.559 
-0.77 37.002 
-0.81 48.016 
-0.731 28.506 
-0.795 43.052 
-0.771 37.213 
-0.753 32.824 
-0.73 28.504 
-0.778 38.611 
-0.811 48.178 
-0.734 28.877 
-0.732 28.729 
-0.755 32.901 
-0.735 29.434 
-0.778 38.611 
-0.776 38.379 
-0.755 32.901 
-0.754 32.847 
-0.73 28.504 
-0.754 32.847 
-0.753 32.824 
-0.731 28.506 
-0.822 58.505 
-0.786 42.04 
-0.757 33.11 
-0.772 37.653 
-0.818 54.097 
-0.813 53.784 
-0.77 37.002 
-0.795 43.052 
-0.771 37.213 
-0.73 28.504 
-0.811 48.178 
-0.732 28.729 
-0.735 29.434 
-0.75 32.559 
-0.755 32.901 
-0.754 32.847 
-0.753 32.824 
-0.731 28.506 
-0.822 58.505 
-0.757 33.11 
-0.772 37.653 
-0.818 54.097 
-0.75 32.559 
-0.77 37.002 
-0.735 29.434 
-0.732 28.729 
-0.795 43.052 
-0.771 37.213 
-0.73 28.504 
-0.811 48.178 
