-0.829 54.565 
-0.709 27.335 
-0.829 54.565 
-0.709 27.335 
-0.736 29.324 
-0.817 53.742 
-0.745 32.263 
-0.813 49.806 
-0.808 47.769 
-0.779 38.76 
-0.796 43.522 
-0.762 36.747 
-0.757 33.11 
-0.784 41.791 
-0.796 43.522 
-0.808 47.769 
-0.716 27.95 
-0.812 49.667 
-0.824 53.792 
-0.788 42.468 
-0.724 28.092 
-0.772 37.332 
-0.811 48.178 
-0.794 42.837 
-0.77 37.002 
-0.762 36.747 
-0.764 36.98 
-0.746 32.489 
-0.787 41.894 
-0.784 41.791 
-0.757 33.11 
-0.751 32.557 
-0.774 38.256 
-0.828 54.209 
-0.825 54.147 
-0.817 53.742 
-0.81 47.875 
-0.71 27.397 
-0.713 27.615 
-0.795 43.052 
-0.733 28.73 
-0.755 32.846 
-0.735 28.917 
-0.794 42.837 
-0.788 42.468 
-0.716 27.95 
-0.728 28.461 
-0.811 48.178 
-0.753 32.678 
-0.714 27.676 
-0.774 38.256 
-0.714 27.676 
-0.763 36.978 
-0.73 28.504 
-0.713 27.615 
-0.71 27.397 
-0.795 43.052 
-0.771 37.213 
-0.756 33.049 
-0.726 28.293 
-0.725 28.093 
-0.732 28.546 
-0.777 38.553 
-0.776 38.379 
-0.755 32.846 
-0.753 32.678 
-0.778 38.61 
-0.735 28.917 
-0.734 28.77 
-0.724 28.092 
-0.727 28.341 
-0.771 37.213 
-0.81 47.875 
-0.787 41.894 
-0.746 32.489 
-0.751 32.557 
-0.776 38.379 
-0.752 32.615 
-0.775 38.316 
-0.828 54.209 
-0.825 54.147 
-0.756 33.049 
-0.775 38.316 
-0.752 32.615 
-0.778 38.61 
-0.777 38.553 
-0.824 53.792 
-0.727 28.341 
-0.726 28.293 
-0.73 28.504 
-0.728 28.461 
-0.732 28.546 
-0.731 28.506 
-0.734 28.77 
-0.77 37.002 
-0.764 36.98 
-0.731 28.506 
-0.763 36.978 
-0.725 28.093 
-0.709 27.335 
