P=? [ F (x=9&y=9&crashed=0) ]	R{"cost"}=? [ C<=100 ]
0.605	19.846
0.929	48.761
0.605	19.846
0.929	48.761
0.621	20.577
0.706	23.511
0.927	43.893
0.891	36.668
0.921	43.095
0.621	20.577
0.918	39.236
0.883	33.311
0.824	30.948
0.823	28.092
0.706	23.511
0.707	23.644
0.734	24.304
0.741	25.118
0.767	26.118
0.757	25.12
0.783	26.783
0.8	27.071
0.841	31.083
0.767	26.118
0.738	24.574
0.858	31.609
0.87	31.719
0.829	30.961
0.883	33.311
0.758	25.194
0.91	37.675
0.758	25.194
0.881	32.63
0.915	38.282
0.734	24.304
0.707	23.644
0.902	37.662
0.775	26.512
0.815	27.723
0.912	38.153
0.85	31.519
0.809	27.272
0.818	27.778
0.925	43.42
0.829	30.961
0.874	32.028
0.876	32.043
0.918	39.236
0.893	37.047
0.922	43.384
0.8	27.071
0.896	37.543
0.897	37.633
0.736	24.394
0.779	26.62
0.856	31.569
0.775	26.512
0.845	31.133
0.845	31.133
0.821	28.085
0.873	31.745
0.85	31.519
0.917	38.942
0.916	38.566
0.902	37.662
0.927	43.893
0.895	37.263
0.878	32.506
0.882	32.949
0.804	27.085
0.882	32.949
0.893	37.047
0.813	27.512
0.917	38.942
0.819	27.978
0.783	26.783
0.916	38.566
0.911	37.958
0.926	43.613
0.877	32.322
0.809	27.272
0.776	26.538
0.811	27.446
0.778	26.601
0.895	37.263
0.853	31.54
0.844	31.104
0.872	31.737
0.853	31.54
0.87	31.719
0.858	31.609
0.782	26.764
0.911	37.958
0.926	43.613
0.804	27.085
0.877	32.322
0.803	27.08
0.741	25.118
0.735	24.317
0.813	27.512
