-0.918 63.486 
-0.687 23.51 
-0.918 63.486 
-0.687 23.51 
-0.725 27.571 
-0.899 57.374 
-0.917 63.353 
-0.909 58.722 
-0.891 53.128 
-0.888 52.341 
-0.882 47.935 
-0.836 40.451 
-0.752 29.715 
-0.832 36.622 
-0.861 45.859 
-0.857 42.59 
-0.81 34.564 
-0.799 31.287 
-0.804 31.649 
-0.773 30.579 
-0.788 30.58 
-0.878 47.344 
-0.741 29.565 
-0.905 57.752 
-0.763 29.817 
-0.891 53.128 
-0.899 57.374 
-0.789 30.594 
-0.73 28.785 
-0.866 47.017 
-0.818 35.667 
-0.909 58.722 
-0.917 63.353 
-0.87 47.134 
-0.826 35.695 
-0.864 46.08 
-0.882 47.935 
-0.804 31.649 
-0.888 52.341 
-0.81 34.564 
-0.738 29.228 
-0.849 41.721 
-0.733 29.089 
-0.73 28.785 
-0.843 40.747 
-0.838 40.664 
-0.857 42.59 
-0.832 36.622 
-0.803 31.365 
-0.906 58.35 
-0.861 45.859 
-0.836 40.451 
-0.87 47.134 
-0.881 47.576 
-0.789 30.594 
-0.771 30.143 
-0.847 41.222 
-0.767 29.849 
-0.766 29.839 
-0.853 42.011 
-0.829 36.257 
-0.889 52.614 
-0.831 36.282 
-0.816 35.472 
-0.741 29.565 
-0.738 29.228 
-0.733 29.089 
-0.849 41.721 
-0.763 29.817 
-0.889 52.614 
-0.847 41.222 
-0.845 40.973 
-0.769 30.077 
-0.854 42.015 
-0.845 40.973 
-0.864 46.08 
-0.827 35.787 
-0.856 42.241 
-0.828 35.914 
-0.815 35.139 
-0.812 34.779 
-0.908 58.582 
-0.866 47.017 
-0.853 42.011 
-0.772 30.403 
-0.843 40.747 
-0.838 40.664 
-0.769 30.077 
-0.881 47.576 
-0.908 58.582 
-0.906 58.35 
-0.855 42.239 
-0.812 34.779 
-0.814 35.135 
-0.813 34.924 
-0.818 35.667 
-0.816 35.472 
-0.772 30.403 
-0.813 34.924 
-0.828 35.914 
