-0.707 28.784 
-0.918 63.495 
-0.918 63.495 
-0.707 28.784 
-0.889 52.913 
-0.866 51.583 
-0.909 58.723 
-0.864 46.08 
-0.831 36.698 
-0.906 58.352 
-0.855 45.763 
-0.792 34.281 
-0.843 40.747 
-0.849 41.923 
-0.725 29.314 
-0.785 31.283 
-0.906 58.352 
-0.766 29.88 
-0.824 35.777 
-0.803 34.616 
-0.727 29.546 
-0.752 29.75 
-0.741 29.573 
-0.843 40.747 
-0.794 34.483 
-0.772 30.649 
-0.752 29.75 
-0.883 52.49 
-0.816 35.602 
-0.873 51.989 
-0.741 29.573 
-0.874 52.123 
-0.829 36.269 
-0.849 41.923 
-0.785 31.283 
-0.883 52.49 
-0.855 45.763 
-0.809 34.644 
-0.781 30.88 
-0.774 30.65 
-0.766 29.88 
-0.847 41.352 
-0.83 36.385 
-0.81 34.895 
-0.847 41.352 
-0.845 40.973 
-0.864 46.08 
-0.814 35.165 
-0.774 30.65 
-0.845 40.973 
-0.782 30.936 
-0.813 35.117 
-0.874 52.123 
-0.782 30.936 
-0.815 35.369 
-0.781 30.88 
-0.813 35.117 
-0.81 34.895 
-0.815 35.369 
-0.727 29.546 
-0.809 34.644 
-0.774 30.65 
-0.774 30.65 
-0.774 30.65 
-0.774 30.65 
-0.815 35.369 
-0.774 30.65 
-0.774 30.65 
-0.774 30.65 
-0.774 30.65 
-0.774 30.65 
-0.774 30.65 
-0.727 29.546 
-0.727 29.546 
-0.774 30.65 
-0.781 30.88 
-0.774 30.65 
-0.815 35.369 
-0.774 30.65 
-0.883 52.49 
-0.774 30.65 
-0.883 52.49 
-0.781 30.88 
-0.815 35.369 
-0.781 30.88 
-0.774 30.65 
-0.774 30.65 
-0.774 30.65 
-0.774 30.65 
-0.774 30.65 
-0.81 34.895 
-0.774 30.65 
-0.774 30.65 
-0.815 35.369 
-0.813 35.117 
-0.774 30.65 
-0.849 41.923 
-0.809 34.644 
-0.774 30.65 
-0.781 30.88 
