-0.764 30.132 
-0.895 52.422 
-0.764 30.132 
-0.889 47.888 
-0.876 42.72 
-0.879 46.792 
-0.853 36.849 
-0.796 30.29 
-0.854 40.657 
-0.801 31.567 
-0.824 35.305 
-0.817 34.822 
-0.843 35.511 
-0.801 31.567 
-0.778 30.176 
-0.817 34.822 
-0.767 30.154 
-0.778 30.176 
-0.867 41.499 
-0.85 36.347 
-0.797 30.966 
-0.887 47.38 
-0.882 47.15 
-0.883 47.334 
-0.846 35.675 
-0.868 41.863 
-0.862 41.122 
-0.879 46.792 
-0.874 42.5 
-0.871 42.036 
-0.859 40.901 
-0.888 47.724 
-0.822 35.233 
-0.797 30.966 
-0.855 40.677 
-0.848 36.283 
-0.853 36.849 
-0.847 36.173 
-0.821 35.005 
-0.859 40.901 
-0.862 41.122 
-0.873 42.363 
-0.819 34.974 
-0.873 42.363 
-0.844 35.64 
-0.855 40.677 
-0.861 41.073 
-0.843 35.511 
-0.819 34.974 
-0.87 42.019 
-0.766 30.144 
-0.861 41.073 
-0.87 42.019 
-0.847 36.173 
-0.844 35.64 
-0.821 35.005 
-0.854 40.657 
-0.766 30.144 
-0.764 30.132 
-0.879 46.792 
-0.797 30.966 
-0.859 40.901 
-0.862 41.122 
-0.855 40.677 
-0.843 35.511 
-0.766 30.144 
-0.847 36.173 
-0.861 41.073 
-0.87 42.019 
-0.844 35.64 
-0.854 40.657 
-0.764 30.132 
-0.797 30.966 
-0.854 40.657 
-0.862 41.122 
-0.859 40.901 
-0.855 40.677 
-0.847 36.173 
-0.861 41.073 
-0.87 42.019 
-0.844 35.64 
-0.859 40.901 
-0.855 40.677 
-0.847 36.173 
-0.861 41.073 
-0.847 36.173 
-0.855 40.677 
-0.855 40.677 
-0.847 36.173 
-0.855 40.677 
-0.847 36.173 
-0.861 41.073 
-0.855 40.677 
-0.855 40.677 
-0.861 41.073 
-0.855 40.677 
-0.847 36.173 
-0.855 40.677 
-0.855 40.677 
-0.855 40.677 
