-0.882 47.318 
-0.87 42.021 
-0.847 36.173 
-0.809 34.987 
-0.855 40.677 
-0.824 35.307 
-0.787 34.958 
-0.847 36.173 
-0.882 47.318 
-0.822 35.242 
-0.879 46.792 
-0.861 41.073 
-0.824 35.307 
-0.784 30.755 
-0.855 40.677 
-0.809 34.987 
-0.824 35.307 
-0.87 42.021 
-0.818 34.999 
-0.855 40.677 
-0.784 30.755 
-0.822 35.242 
-0.863 41.522 
-0.889 47.908 
-0.854 40.657 
-0.84 35.9 
-0.847 36.173 
-0.824 35.307 
-0.822 35.242 
-0.766 30.192 
-0.874 42.503 
-0.764 30.132 
-0.855 40.677 
-0.824 35.307 
-0.784 30.755 
-0.778 30.219 
-0.826 35.717 
-0.871 42.141 
-0.824 35.307 
-0.862 41.122 
-0.822 35.242 
-0.847 36.173 
-0.784 30.755 
-0.861 41.073 
-0.855 40.677 
-0.822 35.242 
-0.87 42.021 
-0.855 40.677 
-0.868 41.866 
-0.784 30.755 
-0.821 35.006 
-0.825 35.652 
-0.861 41.073 
-0.849 36.586 
-0.855 40.677 
-0.882 47.318 
-0.889 47.908 
-0.809 34.987 
