-0.732 28.447 
-0.838 58.046 
-0.838 58.046 
-0.732 28.447 
-0.783 32.114 
-0.744 31.948 
-0.804 36.506 
-0.837 53.449 
-0.83 52.953 
-0.783 32.114 
-0.829 48.027 
-0.822 47.406 
-0.821 43.069 
-0.813 41.835 
-0.812 38.091 
-0.744 31.948 
-0.827 47.765 
-0.808 37.264 
-0.808 37.264 
-0.81 37.375 
-0.819 42.537 
-0.83 52.953 
-0.819 42.537 
-0.817 42.071 
-0.811 37.829 
-0.825 47.644 
-0.824 47.531 
-0.817 42.071 
-0.816 41.959 
-0.814 41.919 
-0.82 42.834 
-0.829 48.027 
-0.811 37.829 
-0.812 38.091 
-0.82 42.834 
-0.824 47.531 
-0.825 47.644 
-0.81 37.375 
-0.813 41.835 
-0.814 41.919 
-0.816 41.959 
-0.732 28.447 
-0.744 31.948 
-0.808 37.264 
-0.83 52.953 
-0.819 42.537 
-0.817 42.071 
-0.829 48.027 
-0.811 37.829 
-0.812 38.091 
-0.783 32.114 
-0.824 47.531 
-0.81 37.375 
-0.813 41.835 
-0.732 28.447 
-0.744 31.948 
-0.83 52.953 
-0.808 37.264 
-0.817 42.071 
-0.829 48.027 
-0.811 37.829 
-0.812 38.091 
-0.783 32.114 
-0.824 47.531 
-0.81 37.375 
-0.813 41.835 
-0.732 28.447 
-0.744 31.948 
-0.83 52.953 
-0.808 37.264 
-0.811 37.829 
-0.812 38.091 
-0.783 32.114 
-0.81 37.375 
-0.732 28.447 
-0.744 31.948 
-0.83 52.953 
-0.808 37.264 
-0.812 38.091 
-0.783 32.114 
-0.81 37.375 
-0.732 28.447 
-0.83 52.953 
-0.744 31.948 
-0.808 37.264 
-0.812 38.091 
-0.783 32.114 
-0.81 37.375 
-0.744 31.948 
-0.83 52.953 
-0.808 37.264 
-0.783 32.114 
-0.817 42.071 
-0.732 28.447 
-0.83 52.953 
-0.744 31.948 
-0.732 28.447 
-0.783 32.114 
-0.813 41.835 
-0.808 37.264 
