-0.654 26.906 
-0.654 26.906 
-0.854 58.502 
-0.693 29.867 
-0.846 53.603 
-0.853 58.413 
-0.809 45.614 
-0.82 48.697 
-0.78 40.15 
-0.799 42.707 
-0.723 34.42 
-0.835 52.504 
-0.83 49.427 
-0.776 37.056 
-0.813 46.253 
-0.717 31.51 
-0.743 34.717 
-0.697 30.377 
-0.837 53.163 
-0.766 36.397 
-0.73 34.448 
-0.754 35.537 
-0.797 42.42 
-0.79 40.982 
-0.708 30.574 
-0.751 35.212 
-0.845 53.179 
-0.787 40.43 
-0.79 40.982 
-0.717 31.51 
-0.828 49.129 
-0.797 42.42 
-0.73 34.448 
-0.745 34.984 
-0.766 36.397 
-0.711 30.893 
-0.773 36.777 
-0.768 36.671 
-0.754 35.537 
-0.753 35.457 
-0.711 30.893 
-0.828 49.129 
-0.812 46.042 
-0.696 30.209 
-0.788 40.52 
-0.812 46.042 
-0.743 34.717 
-0.773 36.777 
-0.745 34.984 
-0.695 30.066 
-0.768 36.671 
-0.788 40.52 
-0.695 30.066 
-0.708 30.574 
-0.71 30.759 
-0.709 30.58 
-0.71 30.759 
-0.845 53.179 
-0.709 30.58 
-0.797 42.42 
-0.79 40.982 
-0.766 36.397 
-0.754 35.537 
-0.711 30.893 
-0.828 49.129 
-0.812 46.042 
-0.743 34.717 
-0.773 36.777 
-0.745 34.984 
-0.788 40.52 
-0.708 30.574 
-0.71 30.759 
-0.709 30.58 
-0.766 36.397 
-0.766 36.397 
-0.788 40.52 
-0.788 40.52 
-0.788 40.52 
-0.788 40.52 
-0.788 40.52 
-0.788 40.52 
-0.788 40.52 
-0.812 46.042 
-0.788 40.52 
-0.766 36.397 
-0.788 40.52 
-0.788 40.52 
-0.788 40.52 
-0.828 49.129 
-0.788 40.52 
-0.766 36.397 
-0.754 35.537 
-0.788 40.52 
-0.766 36.397 
-0.788 40.52 
-0.788 40.52 
-0.788 40.52 
-0.766 36.397 
-0.754 35.537 
-0.766 36.397 
