-0.854 53.795 
-0.647 26.323 
-0.854 53.795 
-0.834 52.37 
-0.658 26.754 
-0.69 29.509 
-0.748 34.652 
-0.83 48.141 
-0.658 26.754 
-0.786 39.866 
-0.732 31.187 
-0.776 37.056 
-0.69 29.509 
-0.809 45.614 
-0.805 42.98 
-0.714 30.456 
-0.697 30.296 
-0.748 34.652 
-0.732 31.187 
-0.729 30.849 
-0.716 30.733 
-0.792 40.051 
-0.786 39.866 
-0.8 42.336 
-0.776 37.056 
-0.821 46.631 
-0.852 53.132 
-0.844 52.741 
-0.814 46.569 
-0.827 47.113 
-0.842 52.431 
-0.797 41.039 
-0.755 34.763 
-0.798 41.407 
-0.755 34.763 
-0.797 41.039 
-0.762 34.946 
-0.829 48.054 
-0.772 36.597 
-0.767 35.838 
-0.821 46.631 
-0.792 40.051 
-0.772 36.597 
-0.767 35.838 
-0.731 31.115 
-0.828 47.496 
-0.764 35.365 
-0.805 42.98 
-0.798 41.407 
-0.83 48.141 
-0.827 47.113 
-0.811 45.694 
-0.809 45.614 
-0.834 52.37 
-0.804 42.855 
-0.852 53.132 
-0.844 52.741 
-0.828 47.496 
-0.774 36.936 
-0.812 46.041 
-0.853 53.451 
-0.763 35.026 
-0.853 53.451 
-0.813 46.253 
-0.766 35.756 
-0.765 35.445 
-0.692 29.723 
-0.729 30.849 
-0.843 52.519 
-0.773 36.717 
-0.692 29.723 
-0.813 46.253 
-0.812 46.041 
-0.762 34.946 
-0.715 30.637 
-0.801 42.504 
-0.803 42.691 
-0.714 30.456 
-0.697 30.296 
-0.695 30.066 
-0.694 29.919 
-0.693 29.867 
-0.696 30.153 
-0.802 42.628 
-0.801 42.504 
-0.773 36.717 
-0.774 36.936 
-0.716 30.733 
-0.715 30.637 
-0.843 52.519 
-0.696 30.153 
-0.695 30.066 
-0.766 35.756 
-0.811 45.694 
-0.763 35.026 
-0.765 35.445 
-0.803 42.691 
-0.802 42.628 
-0.814 46.569 
-0.842 52.431 
