-0.928 58.069 
-0.673 24.359 
-0.928 58.069 
-0.673 24.359 
-0.735 29.154 
-0.776 30.362 
-0.919 52.998 
-0.721 26.135 
-0.677 24.711 
-0.884 37.725 
-0.918 47.843 
-0.919 52.998 
-0.915 47.237 
-0.901 42.519 
-0.897 41.84 
-0.791 30.401 
-0.73 26.556 
-0.851 35.976 
-0.842 32.597 
-0.813 31.616 
-0.834 31.634 
-0.721 26.135 
-0.802 30.75 
-0.915 47.237 
-0.677 24.711 
-0.901 42.519 
-0.897 41.84 
-0.879 36.975 
-0.851 35.976 
-0.868 36.974 
-0.842 32.597 
-0.81 31.454 
-0.804 30.865 
-0.73 26.556 
-0.853 36.374 
-0.806 31.37 
-0.855 36.49 
-0.862 36.849 
-0.868 36.974 
-0.859 36.577 
-0.882 37.401 
-0.917 47.509 
-0.883 37.716 
-0.84 32.269 
-0.881 37.224 
-0.838 32.03 
-0.836 31.872 
-0.918 47.843 
-0.9 42.425 
-0.899 42.099 
-0.841 32.579 
-0.838 32.03 
-0.813 31.616 
-0.917 47.509 
-0.861 36.825 
-0.84 32.269 
-0.835 31.652 
-0.859 36.577 
-0.806 31.37 
-0.88 37.152 
-0.899 42.099 
-0.898 41.934 
-0.836 31.872 
-0.861 36.825 
-0.862 36.849 
-0.9 42.425 
-0.898 41.934 
-0.88 37.152 
-0.834 31.634 
-0.835 31.652 
-0.841 32.579 
-0.879 36.975 
-0.673 24.359 
-0.928 58.069 
-0.919 52.998 
-0.721 26.135 
-0.915 47.237 
-0.677 24.711 
-0.901 42.519 
-0.897 41.84 
-0.851 35.976 
-0.842 32.597 
-0.73 26.556 
-0.917 47.509 
-0.838 32.03 
-0.813 31.616 
-0.84 32.269 
-0.806 31.37 
-0.859 36.577 
-0.836 31.872 
-0.861 36.825 
-0.9 42.425 
-0.88 37.152 
-0.841 32.579 
-0.919 52.998 
-0.721 26.135 
-0.915 47.237 
-0.677 24.711 
-0.897 41.84 
-0.851 35.976 
