-0.898 56.819 
-0.664 23.91 
-0.898 56.819 
-0.832 36.952 
-0.843 40.337 
-0.887 56.034 
-0.868 50.208 
-0.865 46.078 
-0.881 52.099 
-0.753 27.426 
-0.685 24.767 
-0.851 44.692 
-0.848 41.183 
-0.709 25.909 
-0.754 30.139 
-0.786 30.918 
-0.809 34.817 
-0.801 31.867 
-0.68 23.948 
-0.729 26.592 
-0.746 26.723 
-0.712 26.322 
-0.771 30.35 
-0.775 30.689 
-0.726 26.364 
-0.757 30.241 
-0.881 52.099 
-0.897 56.409 
-0.685 24.767 
-0.748 26.956 
-0.888 56.23 
-0.809 34.817 
-0.795 31.253 
-0.801 31.867 
-0.877 50.35 
-0.709 25.909 
-0.88 50.975 
-0.87 50.327 
-0.852 44.887 
-0.819 35.874 
-0.813 35.63 
-0.825 35.881 
-0.71 26.008 
-0.818 35.759 
-0.812 35.399 
-0.857 44.9 
-0.83 36.389 
-0.682 24.413 
-0.799 31.621 
-0.864 46.076 
-0.846 40.782 
-0.861 45.266 
-0.851 44.692 
-0.795 31.253 
-0.828 36.01 
-0.848 41.183 
-0.878 50.516 
-0.868 50.208 
-0.811 35.149 
-0.757 30.241 
-0.863 45.699 
-0.797 31.391 
-0.682 24.413 
-0.88 50.975 
-0.879 50.635 
-0.845 40.674 
-0.811 35.149 
-0.858 44.952 
-0.862 45.568 
-0.83 36.389 
-0.865 46.078 
-0.797 31.391 
-0.681 24.139 
-0.827 35.894 
-0.845 40.674 
-0.847 41.018 
-0.772 30.583 
-0.728 26.534 
-0.8 31.645 
-0.829 36.229 
-0.747 26.759 
-0.681 24.139 
-0.712 26.322 
-0.897 56.409 
-0.888 56.23 
-0.773 30.62 
-0.847 41.018 
-0.87 50.327 
-0.829 36.229 
-0.86 45.229 
-0.859 45.081 
-0.825 35.881 
-0.727 26.502 
-0.746 26.723 
-0.863 45.699 
-0.862 45.568 
-0.729 26.592 
-0.859 45.081 
-0.818 35.759 
-0.813 35.63 
