-0.891 67.197 
-0.721 25.893 
-0.891 67.197 
-0.721 25.893 
-0.881 52.133 
-0.889 61.908 
-0.763 30.098 
-0.795 30.327 
-0.878 51.61 
-0.769 30.272 
-0.872 47.568 
-0.89 62.09 
-0.807 34.42 
-0.744 26.623 
-0.73 26.344 
-0.744 26.623 
-0.859 45.038 
-0.855 41.76 
-0.804 31.362 
-0.743 26.54 
-0.846 40.085 
-0.838 37.317 
-0.828 35.68 
-0.82 35.62 
-0.881 52.133 
-0.838 37.317 
-0.889 61.908 
-0.726 26.105 
-0.846 40.085 
-0.855 41.76 
-0.812 34.554 
-0.859 45.038 
-0.767 30.243 
-0.852 41.069 
-0.85 40.695 
-0.849 40.389 
-0.863 45.964 
-0.862 45.595 
-0.819 35.331 
-0.835 36.643 
-0.834 36.606 
-0.804 31.362 
-0.83 35.929 
-0.723 25.934 
-0.848 40.321 
-0.83 35.929 
-0.866 46.405 
-0.86 45.281 
-0.847 40.106 
-0.8 30.866 
-0.814 34.687 
-0.723 25.934 
-0.865 46.373 
-0.863 45.964 
-0.767 30.243 
-0.832 36.224 
-0.862 45.595 
-0.854 41.446 
-0.86 45.281 
-0.817 35.161 
-0.816 34.849 
-0.837 37.01 
-0.803 31.309 
-0.851 40.765 
-0.854 41.446 
-0.853 41.145 
-0.769 30.272 
-0.832 36.224 
-0.836 36.925 
-0.798 30.598 
-0.797 30.565 
-0.865 46.373 
-0.833 36.337 
-0.8 30.866 
-0.798 30.598 
-0.797 30.565 
-0.802 31.3 
-0.801 31.071 
-0.87 47.214 
-0.869 46.997 
-0.867 46.618 
-0.869 46.997 
-0.868 46.788 
-0.801 31.071 
-0.743 26.54 
-0.871 47.382 
-0.89 62.09 
-0.868 46.788 
-0.867 46.618 
-0.871 47.382 
-0.87 47.214 
-0.812 34.554 
-0.815 34.805 
-0.833 36.337 
-0.818 35.268 
-0.817 35.161 
-0.813 34.601 
-0.837 37.01 
-0.836 36.925 
-0.853 41.145 
