-0.944 58.28 
-0.765 25.704 
-0.944 58.28 
-0.765 25.704 
-0.8 29.893 
-0.919 52.341 
-0.883 38.007 
-0.839 31.473 
-0.83 30.278 
-0.918 47.421 
-0.8 29.893 
-0.936 53.843 
-0.935 52.609 
-0.776 26.54 
-0.915 46.538 
-0.9 42.671 
-0.896 41.557 
-0.852 35.199 
-0.776 26.54 
-0.9 42.671 
-0.915 46.538 
-0.896 41.557 
-0.936 53.843 
-0.852 35.199 
-0.881 37.346 
-0.872 36.402 
-0.767 26.272 
-0.863 36.376 
-0.877 36.828 
-0.861 36.357 
-0.775 26.526 
-0.856 36.057 
-0.834 30.694 
-0.834 30.694 
-0.917 47.044 
-0.855 35.884 
-0.854 35.264 
-0.837 31.122 
-0.899 42.159 
-0.767 26.272 
-0.837 31.122 
-0.898 41.966 
-0.874 36.792 
-0.831 30.304 
-0.831 30.304 
-0.83 30.278 
-0.916 46.918 
-0.918 47.421 
-0.898 41.966 
-0.856 36.057 
-0.919 52.341 
-0.775 26.526 
-0.853 35.203 
-0.872 36.402 
-0.863 36.376 
-0.875 36.813 
-0.874 36.792 
-0.899 42.159 
-0.838 31.304 
-0.855 35.884 
-0.838 31.304 
-0.916 46.918 
-0.854 35.264 
-0.875 36.813 
-0.765 25.704 
-0.944 58.28 
-0.8 29.893 
-0.776 26.54 
-0.915 46.538 
-0.936 53.843 
-0.863 36.376 
-0.834 30.694 
-0.767 26.272 
-0.837 31.122 
-0.83 30.278 
-0.918 47.421 
-0.856 36.057 
-0.919 52.341 
-0.775 26.526 
-0.872 36.402 
-0.874 36.792 
-0.899 42.159 
-0.855 35.884 
-0.916 46.918 
-0.875 36.813 
-0.854 35.264 
-0.944 58.28 
-0.765 25.704 
-0.8 29.893 
-0.776 26.54 
-0.915 46.538 
-0.936 53.843 
-0.863 36.376 
-0.767 26.272 
-0.837 31.122 
-0.919 52.341 
-0.83 30.278 
-0.856 36.057 
-0.775 26.526 
-0.874 36.792 
