-0.863 36.531 
-0.863 36.531 
-0.917 47.701 
-0.83 30.479 
-0.935 53.209 
-0.828 30.31 
-0.856 36.371 
-0.875 36.839 
-0.863 36.531 
-0.863 36.531 
-0.856 36.371 
-0.828 30.31 
-0.863 36.531 
-0.917 47.701 
-0.927 52.807 
-0.889 41.874 
-0.776 26.71 
-0.833 30.788 
-0.899 42.393 
-0.875 36.839 
-0.874 36.792 
-0.863 36.531 
-0.863 36.531 
-0.828 30.31 
-0.917 47.701 
-0.856 36.371 
-0.856 36.371 
-0.837 31.122 
-0.856 36.371 
-0.879 41.13 
-0.856 36.371 
-0.899 42.393 
-0.83 30.479 
-0.944 58.28 
-0.898 42.097 
-0.854 35.466 
-0.83 30.479 
-0.828 30.31 
-0.767 26.272 
-0.767 26.272 
-0.856 36.371 
-0.906 46.55 
-0.935 53.209 
-0.875 36.839 
-0.856 36.371 
-0.874 36.792 
-0.863 36.531 
-0.875 36.839 
-0.863 36.531 
-0.767 26.272 
-0.83 30.479 
-0.927 52.807 
-0.899 42.393 
-0.899 42.393 
-0.874 36.792 
-0.899 42.393 
-0.875 36.839 
-0.863 36.531 
-0.863 36.531 
-0.83 30.479 
-0.856 36.371 
-0.899 42.393 
-0.856 36.371 
-0.875 36.839 
-0.856 36.371 
-0.863 36.531 
-0.863 36.531 
-0.919 52.341 
-0.863 36.531 
-0.776 26.71 
-0.856 36.371 
-0.828 30.31 
-0.839 31.786 
-0.775 26.526 
-0.775 26.526 
-0.863 36.531 
-0.856 36.371 
-0.889 41.874 
-0.828 30.31 
-0.856 36.371 
-0.856 36.371 
-0.767 26.272 
-0.863 36.531 
-0.83 30.479 
-0.863 36.531 
-0.916 46.918 
-0.899 42.393 
