-0.664 24.544 
-0.891 67.502 
-0.664 24.544 
-0.891 67.502 
-0.88 57.733 
-0.792 33.737 
-0.864 46.354 
-0.787 29.867 
-0.732 28.353 
-0.715 28.307 
-0.87 51.203 
-0.836 40.176 
-0.854 42.704 
-0.861 46.095 
-0.692 24.614 
-0.879 52.618 
-0.808 34.549 
-0.708 25.167 
-0.777 28.8 
-0.828 36.831 
-0.748 28.422 
-0.78 29.474 
-0.871 51.337 
-0.763 28.725 
-0.82 35.706 
-0.752 28.722 
-0.7 24.76 
-0.763 28.725 
-0.812 34.999 
-0.828 36.831 
-0.692 24.614 
-0.878 52.483 
-0.814 35.298 
-0.85 42.231 
-0.715 28.307 
-0.878 52.483 
-0.846 41.39 
-0.84 40.779 
-0.843 40.885 
-0.84 40.779 
-0.823 36.102 
-0.748 28.422 
-0.814 35.298 
-0.844 41.013 
-0.848 41.967 
-0.703 24.903 
-0.707 25.162 
-0.752 28.722 
-0.702 24.896 
-0.827 36.56 
-0.849 42.227 
-0.848 41.967 
-0.823 36.102 
-0.824 36.369 
-0.845 41.276 
-0.707 25.162 
-0.703 24.903 
-0.825 36.372 
-0.827 36.56 
-0.825 36.372 
-0.879 52.618 
-0.845 41.276 
-0.824 36.369 
-0.664 24.544 
-0.828 36.831 
-0.715 28.307 
-0.878 52.483 
-0.814 35.298 
-0.823 36.102 
-0.748 28.422 
-0.752 28.722 
-0.845 41.276 
-0.827 36.56 
-0.825 36.372 
-0.879 52.618 
-0.824 36.369 
-0.828 36.831 
-0.878 52.483 
-0.823 36.102 
-0.748 28.422 
-0.752 28.722 
-0.845 41.276 
-0.825 36.372 
-0.879 52.618 
-0.824 36.369 
-0.752 28.722 
-0.878 52.483 
-0.752 28.722 
-0.878 52.483 
-0.752 28.722 
-0.823 36.102 
-0.752 28.722 
-0.828 36.831 
-0.825 36.372 
-0.878 52.483 
-0.879 52.618 
-0.824 36.369 
-0.825 36.372 
-0.752 28.722 
-0.752 28.722 
