-0.682 24.332 
-0.899 63.363 
-0.682 24.332 
-0.889 57.647 
-0.744 28.12 
-0.764 28.597 
-0.888 57.508 
-0.879 52.605 
-0.728 25.204 
-0.834 40.051 
-0.829 36.734 
-0.871 51.202 
-0.87 47.012 
-0.796 33.332 
-0.788 30.059 
-0.748 28.422 
-0.728 25.204 
-0.86 45.528 
-0.854 42.704 
-0.777 28.8 
-0.703 24.903 
-0.872 52.166 
-0.718 25.066 
-0.713 24.968 
-0.888 57.508 
-0.879 52.605 
-0.846 41.181 
-0.788 30.059 
-0.7 24.76 
-0.796 33.332 
-0.692 24.614 
-0.686 24.606 
-0.819 35.337 
-0.854 42.704 
-0.692 24.614 
-0.86 45.528 
-0.878 52.47 
-0.814 35.298 
-0.808 34.548 
-0.871 51.202 
-0.844 40.789 
-0.866 46.447 
-0.84 40.417 
-0.718 25.066 
-0.803 34.163 
-0.824 35.978 
-0.848 41.803 
-0.713 24.968 
-0.84 40.417 
-0.85 42.067 
-0.808 34.548 
-0.863 46.221 
-0.748 28.422 
-0.8 33.642 
-0.836 40.176 
-0.826 36.068 
-0.78 28.986 
-0.864 46.354 
-0.811 34.8 
-0.844 40.789 
-0.686 24.606 
-0.778 28.941 
-0.851 42.216 
-0.702 24.896 
-0.861 45.663 
-0.848 41.803 
-0.787 29.867 
-0.822 35.775 
-0.797 33.457 
-0.802 34.039 
-0.862 45.794 
-0.784 29.425 
-0.836 40.176 
-0.803 34.163 
-0.822 35.775 
-0.812 34.999 
-0.781 29.184 
-0.828 36.643 
-0.827 36.27 
-0.82 35.52 
-0.7 24.76 
-0.868 46.73 
-0.878 52.47 
-0.872 52.166 
-0.798 33.581 
-0.812 34.999 
-0.868 46.73 
-0.801 33.914 
-0.82 35.52 
-0.811 34.8 
-0.783 29.365 
-0.814 35.298 
-0.852 42.429 
-0.777 28.8 
-0.827 36.27 
-0.786 29.801 
-0.785 29.609 
-0.785 29.609 
-0.783 29.365 
-0.781 29.184 
