-0.682 24.332 
-0.899 63.362 
-0.682 24.332 
-0.899 63.362 
-0.889 52.435 
-0.898 63.224 
-0.872 47.893 
-0.889 52.435 
-0.73 25.356 
-0.711 24.473 
-0.788 30.058 
-0.829 36.526 
-0.861 45.526 
-0.835 40.048 
-0.72 24.545 
-0.797 33.328 
-0.744 28.12 
-0.764 28.587 
-0.854 42.704 
-0.748 28.422 
-0.744 28.12 
-0.776 28.792 
-0.764 28.587 
-0.808 34.54 
-0.711 24.473 
-0.797 33.328 
-0.848 41.663 
-0.803 34.035 
-0.728 25.204 
-0.846 41.052 
-0.854 42.704 
-0.814 35.263 
-0.835 40.048 
-0.746 28.363 
-0.728 25.204 
-0.865 46.311 
-0.845 40.787 
-0.871 47.68 
-0.87 47.012 
-0.822 35.592 
-0.869 46.728 
-0.824 35.976 
-0.863 46.085 
-0.78 28.978 
-0.853 42.555 
-0.841 40.322 
-0.838 40.212 
-0.811 34.8 
-0.842 40.681 
-0.778 28.941 
-0.837 40.082 
-0.852 42.282 
-0.866 46.446 
-0.843 40.694 
-0.828 36.456 
-0.787 29.867 
-0.862 45.659 
-0.85 42.067 
-0.851 42.216 
-0.817 35.316 
-0.812 34.999 
-0.799 33.519 
-0.798 33.451 
-0.784 29.42 
-0.826 36.068 
-0.82 35.516 
-0.819 35.337 
-0.748 28.422 
-0.85 42.067 
-0.777 28.8 
-0.8 33.642 
-0.802 33.913 
-0.87 47.012 
-0.869 46.728 
-0.866 46.446 
-0.802 33.913 
-0.8 33.642 
-0.812 34.999 
-0.811 34.8 
-0.817 35.316 
-0.863 46.085 
-0.782 29.229 
-0.84 40.285 
-0.871 47.68 
-0.823 35.803 
-0.781 29.184 
-0.827 36.254 
-0.786 29.801 
-0.785 29.609 
-0.784 29.42 
-0.782 29.229 
-0.785 29.609 
-0.827 36.254 
-0.823 35.803 
-0.862 45.659 
-0.826 36.068 
-0.82 35.516 
-0.84 40.285 
-0.786 29.801 
-0.781 29.184 
