-0.822 57.169 
-0.661 26.929 
-0.661 26.929 
-0.813 51.662 
-0.814 51.761 
-0.821 57.087 
-0.784 42.369 
-0.759 38.082 
-0.788 45.131 
-0.799 46.934 
-0.688 30.587 
-0.694 30.798 
-0.685 27.494 
-0.729 34.842 
-0.767 40.602 
-0.707 31.05 
-0.712 31.271 
-0.799 46.934 
-0.67 27.36 
-0.72 32.028 
-0.682 27.436 
-0.727 33.018 
-0.793 45.694 
-0.735 35.125 
-0.779 41.429 
-0.721 32.882 
-0.767 40.602 
-0.737 35.955 
-0.742 36.439 
-0.67 27.36 
-0.662 26.964 
-0.774 41.21 
-0.748 36.526 
-0.821 57.087 
-0.726 32.974 
-0.779 41.429 
-0.795 46.549 
-0.798 46.882 
-0.772 40.871 
-0.749 36.859 
-0.743 36.495 
-0.736 35.898 
-0.72 32.028 
-0.708 31.242 
-0.756 37.341 
-0.753 36.882 
-0.688 30.587 
-0.794 45.963 
-0.773 41.049 
-0.756 37.341 
-0.682 27.436 
-0.685 27.494 
-0.662 26.964 
-0.795 46.549 
-0.735 35.125 
-0.772 40.871 
-0.794 45.963 
-0.755 37.229 
-0.754 36.975 
-0.727 33.018 
-0.755 37.229 
-0.754 36.975 
-0.721 32.882 
-0.736 35.898 
-0.743 36.495 
-0.708 31.242 
-0.753 36.882 
-0.749 36.859 
-0.799 46.934 
-0.67 27.36 
-0.821 57.087 
-0.767 40.602 
-0.779 41.429 
-0.662 26.964 
-0.795 46.549 
-0.721 32.882 
-0.736 35.898 
-0.753 36.882 
-0.821 57.087 
-0.821 57.087 
-0.67 27.36 
-0.736 35.898 
-0.67 27.36 
-0.821 57.087 
-0.736 35.898 
-0.67 27.36 
-0.736 35.898 
-0.67 27.36 
-0.736 35.898 
-0.67 27.36 
-0.67 27.36 
-0.67 27.36 
-0.767 40.602 
-0.67 27.36 
-0.736 35.898 
-0.67 27.36 
-0.821 57.087 
-0.736 35.898 
-0.67 27.36 
-0.736 35.898 
