-0.674 27.021 
-0.829 57.127 
-0.674 27.021 
-0.829 57.127 
-0.821 57.017 
-0.806 51.591 
-0.799 46.557 
-0.814 51.872 
-0.787 45.005 
-0.693 30.392 
-0.693 30.392 
-0.675 27.055 
-0.675 27.055 
-0.783 41.904 
-0.73 33.19 
-0.762 39.875 
-0.76 37.831 
-0.734 35.026 
-0.771 40.296 
-0.799 46.557 
-0.7 30.721 
-0.707 31.021 
-0.806 51.591 
-0.713 31.196 
-0.821 57.017 
-0.814 51.872 
-0.813 51.786 
-0.797 46.221 
-0.765 40.091 
-0.734 35.026 
-0.695 30.669 
-0.794 46.157 
-0.783 41.904 
-0.702 30.956 
-0.719 31.833 
-0.775 41.083 
-0.723 32.353 
-0.727 32.822 
-0.79 45.637 
-0.779 41.405 
-0.794 46.157 
-0.781 41.472 
-0.706 30.966 
-0.782 41.66 
-0.735 35.427 
-0.764 39.952 
-0.714 31.54 
-0.719 31.833 
-0.789 45.555 
-0.752 37.019 
-0.748 36.282 
-0.79 45.637 
-0.779 41.405 
-0.755 37.328 
-0.722 32.262 
-0.694 30.467 
-0.727 32.822 
-0.723 32.353 
-0.755 37.328 
-0.716 31.657 
-0.722 32.262 
-0.736 35.441 
-0.742 35.832 
-0.745 36.212 
-0.738 35.456 
-0.773 40.828 
-0.772 40.5 
-0.76 37.831 
-0.757 37.408 
-0.775 41.083 
-0.715 31.59 
-0.752 37.019 
-0.744 36.104 
-0.75 36.707 
-0.749 36.413 
-0.728 32.907 
-0.728 32.907 
-0.789 45.555 
-0.744 36.104 
-0.742 35.832 
-0.74 35.595 
-0.746 36.262 
-0.738 35.456 
-0.765 40.091 
-0.702 30.956 
-0.772 40.5 
-0.813 51.786 
-0.741 35.651 
-0.716 31.657 
-0.713 31.196 
-0.759 37.702 
-0.758 37.537 
-0.751 36.859 
-0.751 36.859 
-0.75 36.707 
-0.74 35.595 
-0.749 36.413 
-0.774 40.953 
-0.759 37.702 
-0.758 37.537 
