-0.856 51.688 
-0.624 23.228 
-0.856 51.688 
-0.624 23.228 
-0.84 45.791 
-0.771 33.915 
-0.852 50.675 
-0.833 44.697 
-0.823 40.997 
-0.761 30.311 
-0.744 29.632 
-0.801 38.802 
-0.8 36.102 
-0.694 26.941 
-0.668 25.614 
-0.675 25.952 
-0.65 24.972 
-0.632 24.064 
-0.733 29.261 
-0.784 34.285 
-0.644 24.647 
-0.852 50.675 
-0.804 39.01 
-0.63 23.542 
-0.773 34.155 
-0.756 29.843 
-0.705 27.277 
-0.833 44.697 
-0.809 39.509 
-0.761 30.311 
-0.668 25.614 
-0.823 40.997 
-0.697 27.258 
-0.694 26.941 
-0.644 24.647 
-0.675 25.952 
-0.716 28.458 
-0.649 24.953 
-0.722 28.648 
-0.708 27.39 
-0.722 28.648 
-0.728 28.805 
-0.632 24.064 
-0.821 40.698 
-0.674 25.88 
-0.73 28.92 
-0.814 39.863 
-0.65 24.972 
-0.855 51.066 
-0.712 28.098 
-0.716 28.458 
-0.811 39.719 
-0.625 23.265 
-0.794 35.168 
-0.71 27.573 
-0.822 40.912 
-0.836 44.912 
-0.82 40.338 
-0.712 28.098 
-0.838 45.422 
-0.837 45.079 
-0.756 29.843 
-0.787 34.485 
-0.711 27.895 
-0.758 29.961 
-0.791 34.944 
-0.854 50.895 
-0.796 35.275 
-0.789 34.772 
-0.728 28.805 
-0.625 23.265 
-0.76 30.157 
-0.732 29.112 
-0.799 35.911 
-0.798 35.641 
-0.674 25.88 
-0.696 27.118 
-0.815 39.997 
-0.819 40.248 
-0.791 34.944 
-0.758 29.961 
-0.772 34.154 
-0.793 35.069 
-0.854 50.895 
-0.836 44.912 
-0.801 38.802 
-0.798 35.641 
-0.797 35.436 
-0.839 45.587 
-0.711 27.895 
-0.817 40.127 
-0.786 34.409 
-0.76 30.157 
-0.81 39.702 
-0.732 29.112 
-0.8 36.102 
-0.799 35.911 
-0.71 27.573 
-0.696 27.118 
-0.789 34.772 
