-0.856 51.688 
-0.624 23.227 
-0.856 51.688 
-0.624 23.227 
-0.852 50.675 
-0.84 45.791 
-0.833 44.697 
-0.823 40.997 
-0.694 26.935 
-0.771 33.915 
-0.761 30.311 
-0.8 36.102 
-0.801 38.802 
-0.675 25.952 
-0.668 25.506 
-0.65 24.972 
-0.644 24.647 
-0.733 29.254 
-0.852 50.675 
-0.746 29.821 
-0.84 45.791 
-0.632 24.064 
-0.773 34.155 
-0.784 34.285 
-0.771 33.915 
-0.833 44.697 
-0.823 40.997 
-0.761 30.311 
-0.743 29.48 
-0.756 29.843 
-0.644 24.647 
-0.674 25.843 
-0.697 27.258 
-0.675 25.952 
-0.716 28.458 
-0.705 27.277 
-0.722 28.646 
-0.798 35.639 
-0.729 28.785 
-0.63 23.542 
-0.722 28.646 
-0.71 27.571 
-0.804 39.009 
-0.804 39.009 
-0.809 39.509 
-0.814 39.863 
-0.631 23.917 
-0.838 45.418 
-0.837 45.079 
-0.855 51.066 
-0.821 40.698 
-0.76 30.157 
-0.744 29.632 
-0.632 24.064 
-0.732 29.11 
-0.789 34.769 
-0.712 28.098 
-0.82 40.338 
-0.73 28.92 
-0.696 27.118 
-0.716 28.458 
-0.668 25.506 
-0.65 24.972 
-0.669 25.545 
-0.811 39.719 
-0.625 23.265 
-0.649 24.953 
-0.815 39.997 
-0.809 39.509 
-0.839 45.587 
-0.796 35.275 
-0.817 40.127 
-0.793 35.069 
-0.708 27.388 
-0.822 40.831 
-0.772 34.154 
-0.712 28.098 
-0.81 39.702 
-0.834 44.902 
-0.786 34.409 
-0.711 27.892 
-0.758 29.961 
-0.649 24.953 
-0.669 25.545 
-0.791 34.944 
-0.854 50.895 
-0.836 44.912 
-0.788 34.614 
-0.63 23.542 
-0.625 23.265 
-0.799 35.911 
-0.705 27.277 
-0.784 34.285 
-0.791 34.944 
-0.786 34.409 
-0.818 40.223 
-0.758 29.961 
-0.708 27.388 
-0.796 35.275 
-0.743 29.48 
