-0.855 51.865 
-0.852 51.645 
-0.82 40.659 
-0.755 29.954 
-0.818 40.493 
-0.761 30.425 
-0.81 39.703 
-0.852 51.645 
-0.732 29.136 
-0.773 34.155 
-0.733 29.282 
-0.81 39.703 
-0.813 40.075 
-0.785 34.5 
-0.787 34.707 
-0.823 41.0 
-0.761 30.425 
-0.709 27.917 
-0.722 28.648 
-0.822 40.975 
-0.787 34.707 
-0.787 34.707 
-0.732 29.136 
-0.794 35.263 
-0.813 40.075 
-0.852 51.645 
-0.644 24.656 
-0.812 39.884 
-0.81 39.703 
-0.789 34.78 
-0.834 45.202 
-0.794 35.263 
-0.817 40.13 
-0.73 28.945 
-0.822 40.975 
-0.81 39.703 
-0.839 45.59 
-0.761 30.425 
-0.797 35.44 
-0.855 51.865 
-0.823 41.0 
-0.823 41.0 
-0.813 40.075 
-0.787 34.707 
-0.813 40.075 
-0.82 40.659 
-0.761 30.425 
-0.755 29.954 
-0.761 30.425 
-0.81 39.703 
-0.792 35.258 
-0.852 51.645 
-0.712 28.244 
-0.732 29.136 
-0.791 35.001 
-0.81 39.703 
-0.837 45.306 
-0.8 36.102 
-0.813 40.075 
-0.733 29.282 
