-0.838 57.459 
-0.736 28.253 
-0.838 57.459 
-0.837 53.009 
-0.83 51.752 
-0.829 47.435 
-0.769 32.515 
-0.748 32.353 
-0.797 41.61 
-0.821 46.76 
-0.82 42.865 
-0.777 36.116 
-0.746 32.268 
-0.743 28.878 
-0.812 41.893 
-0.795 38.222 
-0.8 41.787 
-0.772 32.888 
-0.787 37.294 
-0.794 37.311 
-0.822 47.117 
-0.777 36.116 
-0.813 42.235 
-0.739 28.428 
-0.819 42.62 
-0.772 32.888 
-0.741 28.789 
-0.837 53.009 
-0.83 51.752 
-0.795 38.222 
-0.78 36.754 
-0.8 41.787 
-0.743 28.878 
-0.746 32.268 
-0.78 36.754 
-0.784 37.233 
-0.771 32.61 
-0.782 37.196 
-0.797 41.61 
-0.769 32.515 
-0.748 32.353 
-0.819 42.62 
-0.813 42.235 
-0.821 46.76 
-0.784 37.233 
-0.829 47.435 
-0.822 47.117 
-0.781 37.019 
-0.82 42.865 
-0.781 37.019 
-0.812 41.893 
-0.771 32.61 
-0.782 37.196 
-0.794 37.311 
-0.838 57.459 
-0.777 36.116 
-0.83 51.752 
-0.8 41.787 
-0.743 28.878 
-0.746 32.268 
-0.769 32.515 
-0.819 42.62 
-0.813 42.235 
-0.821 46.76 
-0.784 37.233 
-0.82 42.865 
-0.781 37.019 
-0.812 41.893 
-0.771 32.61 
-0.782 37.196 
-0.794 37.311 
-0.838 57.459 
-0.83 51.752 
-0.781 37.019 
-0.8 41.787 
-0.743 28.878 
-0.746 32.268 
-0.769 32.515 
-0.819 42.62 
-0.813 42.235 
-0.821 46.76 
-0.784 37.233 
-0.82 42.865 
-0.812 41.893 
-0.771 32.61 
-0.782 37.196 
-0.794 37.311 
-0.838 57.459 
-0.83 51.752 
-0.821 46.76 
-0.781 37.019 
-0.746 32.268 
-0.743 28.878 
-0.819 42.62 
-0.813 42.235 
-0.784 37.233 
-0.82 42.865 
-0.812 41.893 
-0.794 37.311 
-0.838 57.459 
