-0.769 37.131 
-0.769 37.131 
-0.775 37.477 
-0.82 43.158 
-0.769 37.131 
-0.821 47.697 
-0.838 57.461 
-0.769 37.131 
-0.838 57.461 
-0.83 51.752 
-0.797 41.612 
-0.776 37.479 
-0.797 41.612 
-0.786 40.661 
-0.83 51.752 
-0.776 37.479 
-0.768 32.808 
-0.769 37.131 
-0.83 51.752 
-0.775 37.477 
-0.768 32.808 
-0.82 43.158 
-0.821 47.697 
-0.776 37.479 
-0.83 51.752 
-0.83 51.752 
-0.822 50.697 
-0.768 32.808 
-0.741 28.791 
-0.83 51.752 
-0.786 40.661 
-0.769 37.131 
-0.768 32.808 
-0.797 41.612 
-0.776 37.479 
-0.769 37.131 
-0.829 51.702 
-0.768 32.808 
-0.83 51.752 
-0.769 37.131 
-0.769 37.131 
-0.813 42.249 
-0.769 37.131 
