-0.805 54.945 
-0.618 22.686 
-0.805 54.945 
-0.628 23.235 
-0.789 47.492 
-0.664 26.685 
-0.782 43.462 
-0.655 26.102 
-0.718 28.868 
-0.756 37.605 
-0.73 32.823 
-0.687 26.871 
-0.655 26.102 
-0.804 53.123 
-0.796 49.041 
-0.771 42.009 
-0.702 28.85 
-0.699 27.604 
-0.729 29.653 
-0.767 38.936 
-0.804 53.123 
-0.752 34.797 
-0.728 29.461 
-0.738 33.037 
-0.792 48.391 
-0.689 27.28 
-0.796 49.041 
-0.749 34.201 
-0.745 33.812 
-0.762 37.802 
-0.795 48.575 
-0.767 38.936 
-0.777 42.788 
-0.764 38.002 
-0.766 38.601 
-0.752 34.797 
-0.741 33.078 
-0.774 42.765 
-0.688 27.009 
-0.773 42.682 
-0.772 42.219 
-0.765 38.431 
-0.778 43.003 
-0.702 28.85 
-0.689 27.28 
-0.75 34.519 
-0.744 33.496 
-0.78 43.118 
-0.73 32.823 
-0.781 43.249 
-0.772 42.219 
-0.744 33.496 
-0.743 33.304 
-0.765 38.431 
-0.751 34.646 
-0.743 33.304 
-0.742 33.166 
-0.781 43.249 
-0.751 34.646 
-0.75 34.519 
-0.763 37.92 
-0.78 43.118 
-0.778 43.003 
-0.742 33.166 
-0.773 42.682 
-0.763 37.92 
-0.796 49.041 
-0.767 38.936 
-0.752 34.797 
-0.702 28.85 
-0.744 33.496 
-0.765 38.431 
-0.743 33.304 
-0.781 43.249 
-0.751 34.646 
-0.75 34.519 
-0.773 42.682 
-0.742 33.166 
-0.796 49.041 
-0.767 38.936 
-0.702 28.85 
-0.773 42.682 
-0.765 38.431 
-0.751 34.646 
-0.75 34.519 
-0.767 38.936 
-0.773 42.682 
-0.75 34.519 
-0.767 38.936 
-0.773 42.682 
-0.767 38.936 
-0.767 38.936 
-0.767 38.936 
-0.767 38.936 
-0.767 38.936 
-0.767 38.936 
-0.767 38.936 
-0.767 38.936 
-0.767 38.936 
-0.767 38.936 
