P=? [ F (x=9&y=9&crashed=0) ]	R{"cost"}=? [ C<=100 ]
0.652	20.511
0.846	51.986
0.846	51.986
0.652	20.511
0.719	23.923
0.828	45.743
0.844	51.56
0.822	40.635
0.838	46.506
0.755	25.389
0.723	24.717
0.75	25.059
0.818	39.849
0.814	35.91
0.756	29.163
0.801	34.682
0.79	31.102
0.719	23.923
0.79	31.102
0.801	34.682
0.777	29.569
0.835	45.765
0.769	29.55
0.844	51.56
0.822	40.635
0.838	46.506
0.76	29.311
0.805	35.113
0.786	30.301
0.814	35.91
0.828	45.743
0.78	29.97
0.766	29.411
0.721	24.65
0.818	39.849
0.81	35.128
0.837	46.186
0.788	30.666
0.751	25.067
0.803	34.709
0.821	40.261
0.813	35.537
0.789	30.737
0.811	35.14
0.812	35.501
0.75	25.059
0.723	24.717
0.786	30.301
0.78	29.97
0.755	25.389
0.751	25.067
0.836	46.084
0.787	30.361
0.768	29.418
0.766	29.411
0.779	29.962
0.778	29.745
0.721	24.65
0.819	40.062
0.759	29.275
0.805	35.113
0.778	29.745
0.757	29.172
0.803	34.709
0.82	40.222
0.819	40.062
0.759	29.275
0.757	29.172
0.836	46.084
0.789	30.737
0.787	30.361
0.722	24.702
0.821	40.261
0.82	40.222
0.813	35.537
0.812	35.501
0.835	45.765
0.802	34.703
0.777	29.569
0.769	29.55
0.81	35.128
0.722	24.702
0.811	35.14
0.756	29.163
0.779	29.962
0.768	29.418
0.802	34.703
0.846	51.986
0.652	20.511
0.719	23.923
0.79	31.102
0.844	51.56
0.822	40.635
0.838	46.506
0.828	45.743
0.818	39.849
0.75	25.059
0.723	24.717
0.786	30.301
0.755	25.389
