-0.712 26.4 
-0.922 53.749 
-0.712 26.4 
-0.734 30.263 
-0.791 34.247 
-0.721 29.802 
-0.859 41.321 
-0.852 36.679 
-0.908 53.205 
-0.886 46.834 
-0.879 43.091 
-0.771 30.331 
-0.907 48.566 
-0.819 35.004 
-0.843 35.853 
-0.823 35.784 
-0.784 30.524 
-0.875 41.506 
-0.788 32.265 
-0.904 48.246 
-0.788 32.265 
-0.844 36.644 
-0.916 53.375 
-0.898 47.258 
-0.774 30.465 
-0.898 47.258 
-0.859 41.321 
-0.895 46.94 
-0.852 36.679 
-0.893 46.925 
-0.877 42.442 
-0.917 53.59 
-0.877 42.442 
-0.876 41.826 
-0.821 35.344 
-0.821 35.344 
-0.784 30.524 
-0.876 41.826 
-0.907 48.566 
-0.893 46.925 
-0.908 53.205 
-0.917 53.59 
-0.773 30.459 
-0.773 30.459 
-0.843 35.853 
-0.774 30.465 
-0.844 36.644 
-0.712 26.4 
-0.773 30.459 
-0.893 46.925 
-0.908 53.205 
-0.893 46.925 
-0.917 53.59 
-0.712 26.4 
-0.908 53.205 
-0.893 46.925 
-0.893 46.925 
-0.893 46.925 
-0.893 46.925 
-0.821 35.344 
-0.774 30.465 
-0.908 53.205 
-0.908 53.205 
-0.788 32.265 
-0.893 46.925 
-0.712 26.4 
-0.773 30.459 
-0.843 35.853 
-0.917 53.59 
-0.893 46.925 
-0.908 53.205 
-0.893 46.925 
-0.893 46.925 
-0.821 35.344 
-0.893 46.925 
-0.784 30.524 
-0.908 53.205 
-0.774 30.465 
-0.821 35.344 
-0.893 46.925 
-0.773 30.459 
-0.773 30.459 
-0.774 30.465 
-0.893 46.925 
-0.908 53.205 
-0.893 46.925 
-0.844 36.644 
-0.788 32.265 
-0.917 53.59 
-0.893 46.925 
-0.893 46.925 
-0.893 46.925 
-0.917 53.59 
-0.908 53.205 
-0.843 35.853 
-0.908 53.205 
-0.859 41.321 
-0.893 46.925 
-0.774 30.465 
-0.773 30.459 
