-0.925 54.075 
-0.721 26.375 
-0.925 54.075 
-0.725 26.466 
-0.768 30.096 
-0.907 48.354 
-0.88 42.285 
-0.913 53.002 
-0.856 41.148 
-0.854 36.951 
-0.884 46.39 
-0.768 30.096 
-0.794 34.609 
-0.819 35.004 
-0.86 41.222 
-0.841 35.507 
-0.875 41.504 
-0.824 35.314 
-0.791 34.246 
-0.788 32.265 
-0.781 30.203 
-0.786 32.004 
-0.771 30.117 
-0.785 30.819 
-0.907 48.354 
-0.845 36.172 
-0.913 53.002 
-0.922 53.749 
-0.887 46.858 
-0.821 35.312 
-0.884 46.39 
-0.894 46.922 
-0.849 36.328 
-0.917 53.59 
-0.898 47.258 
-0.903 47.865 
-0.793 34.526 
-0.903 47.865 
-0.783 30.499 
-0.898 47.258 
-0.791 34.246 
-0.788 32.265 
-0.819 35.004 
-0.824 35.314 
-0.904 48.033 
-0.896 47.241 
-0.922 53.749 
-0.886 46.816 
-0.877 42.11 
-0.854 36.951 
-0.771 30.117 
-0.916 53.375 
-0.914 53.217 
-0.843 35.853 
-0.841 35.507 
-0.876 41.826 
-0.904 48.033 
-0.895 46.939 
-0.785 30.819 
-0.784 30.521 
-0.844 35.879 
-0.879 42.136 
-0.876 41.826 
-0.875 41.504 
-0.852 36.678 
-0.786 32.004 
-0.781 30.203 
-0.856 41.148 
-0.851 36.651 
-0.85 36.453 
-0.886 46.816 
-0.852 36.678 
-0.843 35.853 
-0.917 53.59 
-0.916 53.375 
-0.914 53.217 
-0.85 36.453 
-0.894 46.922 
-0.887 46.858 
-0.851 36.651 
-0.879 42.136 
-0.877 42.11 
-0.844 35.879 
-0.784 30.521 
-0.895 46.939 
-0.896 47.241 
-0.925 54.075 
-0.819 35.004 
-0.913 53.002 
-0.824 35.314 
-0.903 47.865 
-0.768 30.096 
-0.791 34.246 
-0.898 47.258 
-0.788 32.265 
-0.922 53.749 
-0.854 36.951 
-0.771 30.117 
-0.841 35.507 
-0.904 48.033 
