-0.908 53.205 
-0.918 63.723 
-0.712 26.4 
-0.773 30.459 
-0.893 46.925 
-0.876 41.826 
-0.712 26.4 
-0.804 35.146 
-0.865 41.587 
-0.818 35.28 
-0.773 30.459 
-0.917 53.59 
-0.818 35.28 
-0.788 32.265 
-0.893 46.925 
-0.907 48.566 
-0.908 53.205 
-0.893 46.925 
-0.821 35.344 
-0.918 63.723 
-0.865 41.587 
-0.852 36.679 
-0.813 35.229 
-0.917 53.59 
-0.916 53.376 
-0.712 26.4 
-0.808 35.218 
-0.774 30.465 
-0.844 36.644 
-0.908 53.205 
-0.877 42.442 
-0.893 46.925 
-0.904 48.247 
-0.893 46.925 
-0.784 30.525 
-0.754 30.418 
-0.893 46.925 
-0.791 34.247 
-0.918 63.723 
-0.893 46.925 
-0.843 35.853 
