-0.714 33.89 
-0.68 27.973 
-0.766 48.911 
-0.715 36.833 
-0.743 42.689 
-0.708 33.652 
-0.66 25.145 
-0.759 48.383 
-0.665 27.644 
-0.774 49.307 
-0.766 48.911 
-0.658 24.731 
-0.721 37.072 
-0.757 44.367 
-0.759 48.383 
-0.744 42.702 
-0.751 42.995 
-0.727 37.117 
-0.678 27.754 
-0.706 32.343 
-0.658 24.731 
-0.68 27.973 
-0.727 37.117 
-0.68 27.973 
-0.708 33.652 
-0.766 48.911 
-0.68 27.973 
-0.781 54.946 
-0.678 27.754 
-0.774 49.307 
-0.727 37.117 
-0.72 37.051 
-0.773 49.227 
-0.698 28.832 
-0.706 32.343 
-0.665 27.644 
-0.766 48.911 
-0.766 48.911 
-0.68 27.973 
-0.729 37.555 
-0.765 48.793 
-0.75 42.876 
-0.665 27.644 
-0.658 24.731 
-0.658 24.731 
-0.735 38.25 
-0.727 37.117 
-0.759 48.383 
-0.715 36.833 
-0.68 27.973 
-0.759 48.383 
-0.665 27.644 
-0.751 42.995 
-0.708 33.652 
-0.698 28.832 
-0.691 28.342 
-0.68 27.973 
-0.774 49.307 
-0.706 32.343 
-0.757 44.367 
-0.774 49.307 
-0.727 37.117 
-0.706 32.343 
-0.678 27.754 
-0.665 27.644 
-0.736 38.909 
-0.715 36.833 
-0.758 45.016 
-0.677 27.732 
-0.707 32.53 
-0.706 32.343 
-0.743 42.689 
-0.765 48.793 
-0.734 37.973 
-0.693 28.776 
