P=? [ F (x=9&y=9&crashed=0) ]	R{"cost"}=? [ C<=100 ]
0.628	22.455
0.882	106.984
0.882	106.984
0.628	22.455
0.881	92.357
0.854	69.942
0.862	81.613
0.863	82.317
0.872	87.39
0.872	87.39
0.822	54.376
0.846	65.135
0.828	58.582
0.855	74.898
0.846	65.135
0.65	24.085
0.673	24.466
0.855	74.898
0.67	24.1
0.723	29.257
0.701	28.216
0.69	24.593
0.717	28.34
0.881	92.357
0.648	23.855
0.633	23.34
0.838	60.564
0.83	59.058
0.81	52.683
0.806	49.092
0.794	47.767
0.79	44.247
0.732	32.194
0.698	27.76
0.783	43.014
0.775	40.019
0.732	32.194
0.838	60.564
0.795	47.904
0.775	40.019
0.802	48.063
0.694	25.292
0.814	53.693
0.767	38.706
0.761	38.299
0.837	60.205
0.783	43.014
0.82	53.77
0.739	32.634
0.734	32.452
0.743	33.129
0.806	49.092
0.74	32.789
0.754	36.747
0.698	27.76
0.81	52.683
0.631	23.07
0.759	37.5
0.789	44.056
0.812	53.12
0.694	25.292
0.629	22.64
0.745	33.59
0.746	34.31
0.79	44.247
0.747	34.464
0.758	37.297
0.837	60.205
0.794	47.767
0.752	35.615
0.76	38.297
0.691	24.835
0.751	35.279
0.813	53.317
0.804	48.542
0.804	48.542
0.785	43.244
0.77	39.185
0.773	39.716
0.75	34.988
0.67	24.1
0.772	39.378
0.752	35.615
0.774	39.834
0.693	24.995
0.756	37.013
0.632	23.324
0.756	37.013
0.754	36.747
0.784	43.028
0.77	39.185
0.648	23.855
0.633	23.34
0.734	32.452
0.802	48.063
0.749	34.833
0.768	38.717
0.787	43.593
0.721	28.868
0.72	28.755
