P=? [ F (x=9&y=9&crashed=0) ]	R{"cost"}=? [ C<=100 ]
0.615	19.396
0.871	56.468
0.871	56.468
0.615	19.396
0.861	55.953
0.669	23.835
0.845	45.347
0.635	22.682
0.86	51.37
0.85	49.831
0.819	35.322
0.833	44.22
0.825	39.362
0.829	40.281
0.695	25.206
0.784	34.215
0.731	26.367
0.783	31.037
0.744	29.333
0.8	34.452
0.635	22.682
0.652	22.721
0.714	25.502
0.699	25.469
0.758	29.392
0.731	26.367
0.813	34.59
0.745	29.361
0.744	29.333
0.835	44.508
0.762	29.802
0.773	29.836
0.845	45.347
0.665	23.468
0.695	25.206
0.869	56.204
0.793	34.416
0.835	44.508
0.819	35.322
0.825	39.362
0.652	22.721
0.659	22.732
0.728	26.141
0.76	29.659
0.855	50.874
0.85	49.831
0.829	40.281
0.718	25.808
0.793	34.416
0.787	34.228
0.833	44.22
0.853	50.615
0.852	50.089
0.723	25.827
0.855	50.874
0.78	30.21
0.86	51.37
0.787	34.228
0.663	23.148
0.826	39.613
0.827	39.68
0.816	34.773
0.817	35.07
0.777	29.941
0.869	56.204
0.663	23.148
0.778	30.149
0.828	39.931
0.783	31.037
0.782	30.7
0.726	26.101
0.725	25.914
0.714	25.502
0.775	29.841
0.717	25.784
0.661	22.911
0.813	34.59
0.717	25.784
0.782	30.7
0.781	30.423
0.696	25.304
0.853	50.615
0.852	50.089
0.817	35.07
0.828	39.931
0.661	22.911
0.781	30.423
0.815	34.769
0.773	29.836
0.762	29.802
0.699	25.469
0.758	29.392
0.697	25.324
0.723	25.827
0.66	22.759
0.815	34.769
0.697	25.324
0.725	25.914
0.776	29.862
0.778	30.149
