-0.649 23.761 
-0.863 55.229 
-0.863 55.229 
-0.649 23.761 
-0.711 27.197 
-0.678 25.361 
-0.791 39.001 
-0.839 50.287 
-0.854 50.839 
-0.79 35.234 
-0.838 46.122 
-0.855 54.458 
-0.73 29.156 
-0.82 43.87 
-0.819 40.774 
-0.669 23.878 
-0.678 25.361 
-0.67 24.22 
-0.737 30.811 
-0.716 27.926 
-0.745 32.903 
-0.734 30.436 
-0.826 44.604 
-0.756 33.029 
-0.835 45.616 
-0.801 39.081 
-0.786 34.553 
-0.808 39.219 
-0.846 50.479 
-0.716 27.926 
-0.846 50.479 
-0.74 31.866 
-0.762 33.207 
-0.732 29.508 
-0.862 55.139 
-0.801 39.081 
-0.765 33.544 
-0.779 34.336 
-0.715 27.762 
-0.756 33.029 
-0.817 40.603 
-0.742 32.079 
-0.744 32.394 
-0.77 33.576 
-0.862 55.139 
-0.855 54.458 
-0.813 39.922 
-0.83 45.297 
-0.821 43.956 
-0.813 39.922 
-0.821 43.956 
-0.817 40.603 
-0.772 33.694 
-0.776 34.153 
-0.772 33.694 
-0.828 44.821 
-0.788 34.717 
-0.74 31.866 
-0.732 29.508 
-0.776 34.153 
-0.713 27.346 
-0.829 45.208 
-0.837 45.897 
-0.779 34.336 
-0.854 50.839 
-0.83 45.297 
-0.809 39.386 
-0.787 34.702 
-0.777 34.315 
-0.712 27.328 
-0.837 45.897 
-0.743 32.316 
-0.812 39.693 
-0.828 44.821 
-0.839 50.287 
-0.77 33.576 
-0.764 33.366 
-0.811 39.518 
-0.812 39.693 
-0.819 40.774 
-0.713 27.346 
-0.788 34.717 
-0.811 39.518 
-0.81 39.388 
-0.745 32.903 
-0.669 23.878 
-0.763 33.305 
-0.829 45.208 
-0.791 39.001 
-0.743 32.316 
-0.764 33.366 
-0.763 33.305 
-0.777 34.315 
-0.81 39.388 
-0.649 23.761 
-0.678 25.361 
-0.716 27.926 
-0.846 50.479 
-0.801 39.081 
-0.862 55.139 
