-0.649 23.685 
-0.863 55.174 
-0.649 23.685 
-0.791 35.129 
-0.855 51.069 
-0.845 49.855 
-0.696 25.123 
-0.801 39.081 
-0.739 28.427 
-0.821 41.129 
-0.862 55.085 
-0.838 46.122 
-0.676 25.067 
-0.827 44.432 
-0.716 27.813 
-0.744 32.394 
-0.743 29.528 
-0.666 23.773 
-0.711 27.189 
-0.754 32.871 
-0.696 25.123 
-0.768 33.0 
-0.711 27.189 
-0.745 32.618 
-0.801 39.081 
-0.838 46.122 
-0.754 32.871 
-0.784 34.163 
-0.67 24.22 
-0.83 45.289 
-0.772 33.535 
-0.776 34.015 
-0.808 39.216 
-0.829 44.453 
-0.77 33.161 
-0.862 55.085 
-0.773 33.985 
-0.669 23.785 
-0.67 24.22 
-0.847 50.43 
-0.676 25.067 
-0.813 39.806 
-0.827 44.432 
-0.851 50.515 
-0.741 28.76 
-0.716 27.813 
-0.815 40.133 
-0.742 29.228 
-0.837 45.67 
-0.786 34.333 
-0.776 34.015 
-0.79 35.046 
-0.666 23.773 
-0.846 50.054 
-0.817 40.303 
-0.788 34.635 
-0.741 28.76 
-0.852 50.569 
-0.786 34.333 
-0.815 40.133 
-0.833 45.389 
-0.788 34.635 
-0.743 29.528 
-0.742 29.228 
-0.784 34.163 
-0.854 50.785 
-0.808 39.216 
-0.81 39.385 
-0.768 33.0 
-0.82 40.861 
-0.82 40.861 
-0.819 40.613 
-0.744 32.394 
-0.818 40.524 
-0.789 34.849 
-0.715 27.686 
-0.714 27.477 
-0.834 45.406 
-0.846 50.054 
-0.789 34.849 
-0.817 40.303 
-0.81 39.385 
-0.812 39.657 
-0.714 27.477 
-0.713 27.337 
-0.712 27.328 
-0.811 39.518 
-0.812 39.657 
-0.811 39.518 
-0.836 45.582 
-0.835 45.45 
-0.715 27.686 
-0.853 50.695 
-0.833 45.389 
-0.83 45.289 
-0.854 50.785 
-0.853 50.695 
-0.819 40.613 
-0.818 40.524 
-0.837 45.67 
