-0.872 58.207 
-0.872 58.207 
-0.741 31.412 
-0.86 46.946 
-0.861 51.892 
-0.778 32.632 
-0.871 53.279 
-0.82 41.682 
-0.756 32.326 
-0.819 37.09 
-0.817 36.775 
-0.844 42.704 
-0.796 36.583 
-0.789 36.356 
-0.742 31.658 
-0.844 42.704 
-0.828 42.416 
-0.756 32.326 
-0.842 42.431 
-0.778 32.632 
-0.789 36.356 
-0.791 36.556 
-0.871 53.279 
-0.823 42.24 
-0.796 36.583 
-0.827 42.289 
-0.823 42.24 
-0.843 42.451 
-0.818 37.009 
-0.818 37.009 
-0.827 42.289 
-0.843 42.451 
-0.842 42.431 
-0.872 58.207 
-0.844 42.704 
-0.756 32.326 
-0.778 32.632 
-0.789 36.356 
-0.796 36.583 
-0.827 42.289 
-0.843 42.451 
-0.756 32.326 
-0.756 32.326 
-0.756 32.326 
-0.756 32.326 
-0.756 32.326 
-0.756 32.326 
-0.756 32.326 
-0.756 32.326 
-0.756 32.326 
-0.756 32.326 
-0.756 32.326 
-0.756 32.326 
-0.756 32.326 
-0.756 32.326 
-0.872 58.207 
-0.827 42.289 
-0.756 32.326 
-0.796 36.583 
-0.844 42.704 
-0.756 32.326 
-0.756 32.326 
-0.756 32.326 
-0.756 32.326 
-0.872 58.207 
-0.756 32.326 
-0.756 32.326 
-0.844 42.704 
-0.872 58.207 
-0.796 36.583 
-0.756 32.326 
-0.756 32.326 
-0.756 32.326 
-0.756 32.326 
-0.756 32.326 
-0.756 32.326 
-0.756 32.326 
-0.756 32.326 
-0.756 32.326 
-0.796 36.583 
-0.796 36.583 
-0.756 32.326 
-0.756 32.326 
-0.796 36.583 
-0.756 32.326 
-0.756 32.326 
-0.872 58.207 
-0.756 32.326 
-0.796 36.583 
-0.756 32.326 
-0.756 32.326 
-0.756 32.326 
-0.756 32.326 
-0.756 32.326 
-0.796 36.583 
-0.796 36.583 
-0.756 32.326 
-0.756 32.326 
-0.756 32.326 
-0.872 58.207 
