P=? [ F (x=9&y=9&crashed=0) ]	R{"cost"}=? [ C<=100 ]
0.695	21.623
0.948	99.278
0.948	99.278
0.695	21.623
0.947	79.374
0.707	21.92
0.783	25.464
0.937	63.964
0.926	57.521
0.902	48.049
0.818	30.079
0.936	63.864
0.928	59.164
0.918	52.964
0.89	46.041
0.806	26.407
0.783	25.464
0.807	29.935
0.908	51.455
0.853	35.511
0.803	26.126
0.87	40.65
0.869	37.709
0.793	25.58
0.843	34.826
0.839	32.01
0.809	30.078
0.793	25.58
0.886	43.487
0.918	52.964
0.928	59.164
0.936	63.864
0.872	41.155
0.886	43.487
0.785	25.474
0.897	46.479
0.879	41.164
0.846	35.2
0.825	30.245
0.855	36.109
0.908	51.455
0.901	47.967
0.914	52.507
0.9	46.783
0.927	58.984
0.914	52.507
0.917	52.681
0.89	46.041
0.909	51.552
0.86	36.402
0.885	42.199
0.803	26.126
0.839	32.01
0.843	34.826
0.882	41.46
0.909	51.552
0.883	42.072
0.862	36.469
0.835	31.513
0.838	31.806
0.871	41.082
0.83	30.75
0.831	31.062
0.897	46.479
0.866	37.182
0.86	36.402
0.835	31.513
0.855	36.109
0.826	30.322
0.88	41.38
0.844	35.017
0.832	31.22
0.827	30.498
0.829	30.579
0.808	30.056
0.884	42.104
0.87	40.65
0.785	25.474
0.899	46.708
0.833	31.275
0.846	35.2
0.838	31.806
0.806	26.407
0.865	37.011
0.864	36.736
0.833	31.275
0.899	46.708
0.863	36.666
0.868	37.538
0.867	37.348
0.927	58.984
0.869	37.709
0.868	37.538
0.865	37.011
0.825	30.245
0.867	37.348
0.845	35.042
0.807	29.935
0.885	42.199
0.829	30.579
