-0.848 51.409 
-0.665 24.563 
-0.848 51.409 
-0.665 24.563 
-0.737 29.758 
-0.826 40.959 
-0.803 39.3 
-0.833 44.884 
-0.722 26.291 
-0.69 25.646 
-0.846 50.604 
-0.838 47.013 
-0.802 35.73 
-0.691 25.84 
-0.768 31.841 
-0.713 25.942 
-0.769 34.236 
-0.817 40.293 
-0.722 26.291 
-0.759 30.236 
-0.793 35.03 
-0.78 34.916 
-0.755 29.861 
-0.846 50.604 
-0.838 47.013 
-0.835 45.234 
-0.744 29.846 
-0.718 26.138 
-0.811 39.851 
-0.804 39.782 
-0.69 25.646 
-0.837 46.305 
-0.833 44.884 
-0.761 31.15 
-0.765 31.26 
-0.8 35.465 
-0.794 35.152 
-0.837 46.305 
-0.823 40.519 
-0.775 34.615 
-0.81 39.814 
-0.847 51.318 
-0.773 34.539 
-0.755 29.861 
-0.714 25.951 
-0.824 40.64 
-0.771 34.497 
-0.762 31.252 
-0.742 29.794 
-0.778 34.778 
-0.739 29.782 
-0.8 35.465 
-0.794 35.152 
-0.765 31.26 
-0.769 34.236 
-0.761 31.15 
-0.834 45.007 
-0.823 40.519 
-0.771 34.497 
-0.714 25.951 
-0.778 34.778 
-0.744 29.846 
-0.825 40.801 
-0.742 29.794 
-0.739 29.782 
-0.825 40.801 
-0.802 35.73 
-0.801 35.597 
-0.801 35.597 
-0.834 45.007 
-0.793 35.03 
-0.78 34.916 
-0.779 34.806 
-0.713 25.942 
-0.847 51.318 
-0.81 39.814 
-0.804 39.782 
-0.779 34.806 
-0.762 31.252 
-0.848 51.409 
-0.722 26.291 
-0.838 47.013 
-0.69 25.646 
-0.833 44.884 
-0.81 39.814 
-0.837 46.305 
-0.714 25.951 
-0.8 35.465 
-0.765 31.26 
-0.769 34.236 
-0.761 31.15 
-0.823 40.519 
-0.771 34.497 
-0.778 34.778 
-0.744 29.846 
-0.739 29.782 
-0.825 40.801 
-0.802 35.73 
-0.801 35.597 
-0.834 45.007 
