-0.718 26.21 
-0.889 57.407 
-0.718 26.21 
-0.889 57.407 
-0.88 52.44 
-0.823 35.992 
-0.739 29.796 
-0.769 29.995 
-0.872 47.931 
-0.868 46.646 
-0.852 41.425 
-0.863 42.787 
-0.816 32.16 
-0.879 51.669 
-0.846 37.818 
-0.809 31.38 
-0.73 27.405 
-0.738 29.786 
-0.722 26.754 
-0.798 31.149 
-0.794 30.663 
-0.879 51.669 
-0.829 36.349 
-0.777 30.017 
-0.842 36.996 
-0.73 27.405 
-0.833 36.984 
-0.769 29.995 
-0.87 46.757 
-0.786 30.652 
-0.816 32.16 
-0.738 29.786 
-0.852 41.425 
-0.846 37.818 
-0.859 41.796 
-0.863 42.787 
-0.78 30.562 
-0.796 30.904 
-0.871 47.755 
-0.786 30.652 
-0.815 31.962 
-0.813 31.717 
-0.727 27.026 
-0.859 41.796 
-0.813 31.717 
-0.862 42.285 
-0.861 41.974 
-0.831 36.523 
-0.778 30.298 
-0.798 31.149 
-0.844 37.25 
-0.728 27.029 
-0.845 37.447 
-0.862 42.285 
-0.832 36.83 
-0.78 30.562 
-0.727 27.026 
-0.778 30.298 
-0.844 37.25 
-0.845 37.447 
-0.842 36.996 
-0.728 27.029 
-0.861 41.974 
-0.871 47.755 
-0.831 36.523 
-0.832 36.83 
-0.833 36.984 
-0.889 57.407 
-0.769 29.995 
-0.73 27.405 
-0.816 32.16 
-0.738 29.786 
-0.852 41.425 
-0.846 37.818 
-0.863 42.787 
-0.786 30.652 
-0.859 41.796 
-0.778 30.298 
-0.798 31.149 
-0.862 42.285 
-0.727 27.026 
-0.844 37.25 
-0.845 37.447 
-0.842 36.996 
-0.728 27.029 
-0.861 41.974 
-0.871 47.755 
-0.831 36.523 
-0.832 36.83 
-0.833 36.984 
-0.769 29.995 
-0.73 27.405 
-0.738 29.786 
-0.852 41.425 
-0.846 37.818 
-0.786 30.652 
-0.859 41.796 
-0.778 30.298 
-0.862 42.285 
-0.727 27.026 
