-0.889 57.407 
-0.695 26.134 
-0.889 57.407 
-0.695 26.134 
-0.87 46.644 
-0.749 29.77 
-0.888 57.298 
-0.88 52.44 
-0.823 35.992 
-0.852 41.415 
-0.872 47.477 
-0.878 51.55 
-0.718 26.209 
-0.863 42.683 
-0.73 26.84 
-0.816 32.16 
-0.847 38.022 
-0.749 29.77 
-0.769 29.994 
-0.73 26.84 
-0.723 26.725 
-0.779 30.277 
-0.793 30.354 
-0.88 52.44 
-0.859 41.786 
-0.872 47.477 
-0.797 31.07 
-0.842 36.986 
-0.807 31.138 
-0.833 36.975 
-0.863 42.683 
-0.777 30.003 
-0.769 29.994 
-0.823 35.992 
-0.888 57.298 
-0.816 32.16 
-0.879 51.657 
-0.852 41.415 
-0.829 36.349 
-0.878 51.55 
-0.847 38.022 
-0.811 31.568 
-0.718 26.209 
-0.829 36.349 
-0.795 30.759 
-0.796 30.882 
-0.862 42.236 
-0.861 41.964 
-0.831 36.521 
-0.813 31.717 
-0.808 31.192 
-0.846 37.818 
-0.845 37.446 
-0.844 37.24 
-0.815 31.962 
-0.809 31.38 
-0.813 31.717 
-0.862 42.236 
-0.832 36.783 
-0.844 37.24 
-0.815 31.962 
-0.779 30.277 
-0.794 30.566 
-0.845 37.446 
-0.846 37.818 
-0.794 30.566 
-0.832 36.783 
-0.809 31.38 
-0.861 41.964 
-0.842 36.986 
-0.831 36.521 
-0.777 30.003 
-0.793 30.354 
-0.807 31.138 
-0.797 31.07 
-0.833 36.975 
-0.695 26.134 
-0.889 57.407 
-0.73 26.84 
-0.88 52.44 
-0.863 42.683 
-0.769 29.994 
-0.823 35.992 
-0.816 32.16 
-0.878 51.55 
-0.847 38.022 
-0.829 36.349 
-0.813 31.717 
-0.862 42.236 
-0.844 37.24 
-0.815 31.962 
-0.779 30.277 
-0.845 37.446 
-0.846 37.818 
-0.832 36.783 
-0.809 31.38 
-0.861 41.964 
-0.842 36.986 
-0.831 36.521 
-0.807 31.138 
