-0.729 26.644 
-0.729 26.644 
-0.819 31.584 
-0.824 35.073 
-0.825 35.354 
-0.83 35.525 
-0.819 31.584 
-0.767 29.856 
-0.891 47.245 
-0.819 31.584 
-0.838 35.868 
-0.864 35.909 
-0.872 36.959 
-0.83 35.525 
-0.819 31.584 
-0.819 31.584 
-0.767 29.856 
-0.868 36.663 
-0.814 31.022 
-0.767 29.856 
-0.865 36.004 
-0.819 31.584 
-0.819 31.584 
-0.838 35.868 
-0.891 47.245 
-0.89 42.88 
-0.83 35.525 
-0.838 35.868 
-0.83 35.525 
-0.873 41.763 
-0.838 35.868 
-0.899 57.152 
-0.831 35.658 
-0.775 29.962 
-0.868 36.663 
-0.819 31.584 
-0.807 30.215 
-0.892 56.998 
-0.83 35.525 
-0.729 26.644 
-0.901 57.599 
-0.9 57.537 
-0.875 42.291 
-0.892 56.998 
-0.868 36.663 
-0.818 31.085 
-0.873 41.763 
-0.83 35.525 
-0.83 35.525 
-0.814 31.022 
-0.819 31.584 
-0.872 36.959 
-0.838 35.868 
-0.819 31.584 
-0.91 63.118 
-0.819 31.584 
-0.89 42.88 
-0.91 63.118 
-0.83 35.525 
-0.872 36.959 
