-0.873 56.977 
-0.693 24.974 
-0.693 24.974 
-0.873 56.977 
-0.725 25.905 
-0.759 30.243 
-0.86 49.562 
-0.852 44.929 
-0.872 56.577 
-0.865 52.457 
-0.745 26.105 
-0.825 39.467 
-0.856 46.066 
-0.848 41.498 
-0.824 36.131 
-0.754 26.95 
-0.865 52.457 
-0.784 30.279 
-0.709 25.574 
-0.807 34.472 
-0.8 31.626 
-0.864 50.324 
-0.709 25.574 
-0.695 25.376 
-0.772 30.257 
-0.772 30.257 
-0.811 34.65 
-0.834 39.874 
-0.872 56.577 
-0.789 30.356 
-0.827 39.823 
-0.862 50.004 
-0.8 31.626 
-0.807 34.472 
-0.837 40.265 
-0.843 40.295 
-0.817 34.921 
-0.856 46.066 
-0.848 41.498 
-0.798 31.25 
-0.845 40.776 
-0.745 26.105 
-0.754 26.95 
-0.759 30.243 
-0.808 34.57 
-0.847 41.113 
-0.753 26.934 
-0.749 26.545 
-0.751 26.659 
-0.792 30.456 
-0.846 41.025 
-0.818 35.007 
-0.819 35.481 
-0.794 30.972 
-0.796 30.981 
-0.836 40.001 
-0.749 26.545 
-0.822 36.064 
-0.821 35.651 
-0.844 40.383 
-0.855 45.674 
-0.854 45.419 
-0.853 45.05 
-0.826 39.501 
-0.694 25.067 
-0.793 30.679 
-0.75 26.656 
-0.817 34.921 
-0.855 45.674 
-0.854 45.419 
-0.793 30.679 
-0.799 31.455 
-0.695 25.376 
-0.796 30.981 
-0.799 31.455 
-0.821 35.651 
-0.82 35.488 
-0.836 40.001 
-0.853 45.05 
-0.792 30.456 
-0.694 25.067 
-0.844 40.383 
-0.818 35.007 
-0.827 39.823 
-0.823 36.107 
-0.822 36.064 
-0.826 39.501 
-0.843 40.295 
-0.837 40.265 
-0.824 36.131 
-0.823 36.107 
-0.794 30.972 
-0.82 35.488 
-0.819 35.481 
-0.693 24.974 
-0.865 52.457 
-0.709 25.574 
-0.872 56.577 
-0.8 31.626 
-0.856 46.066 
