-0.855 46.198 
-0.811 36.067 
-0.777 32.013 
-0.863 51.881 
-0.777 32.013 
-0.768 31.073 
-0.777 32.013 
-0.863 51.881 
-0.847 46.082 
-0.777 32.013 
-0.777 32.013 
-0.863 51.881 
-0.845 41.487 
-0.856 46.373 
-0.863 51.881 
-0.855 46.198 
-0.777 32.013 
-0.768 31.073 
-0.859 47.65 
-0.811 36.067 
-0.777 32.013 
-0.855 46.198 
-0.785 35.206 
-0.845 41.487 
-0.863 51.881 
-0.722 28.767 
-0.777 32.013 
-0.777 32.013 
-0.743 31.042 
-0.785 35.206 
-0.835 36.817 
-0.88 57.684 
-0.863 51.881 
-0.864 52.535 
-0.704 28.548 
-0.856 46.373 
-0.777 32.013 
-0.844 41.188 
-0.811 36.067 
-0.855 46.198 
-0.777 32.013 
-0.768 31.073 
-0.777 32.013 
-0.807 35.254 
-0.74 30.821 
-0.768 31.073 
-0.845 41.487 
-0.845 41.487 
-0.811 36.067 
-0.863 51.881 
