-0.806 49.337 
-0.687 27.733 
-0.814 54.987 
-0.795 44.913 
-0.806 49.337 
-0.74 30.383 
-0.791 43.918 
-0.741 30.841 
-0.755 34.799 
-0.749 34.535 
-0.795 44.913 
-0.663 24.966 
-0.741 30.841 
-0.742 31.078 
-0.716 29.016 
-0.687 27.733 
-0.806 49.337 
-0.766 38.934 
-0.806 49.337 
-0.779 38.99 
-0.699 28.666 
-0.812 49.775 
-0.829 55.167 
-0.806 49.337 
-0.779 38.99 
-0.74 30.383 
-0.782 39.583 
-0.812 49.775 
-0.812 49.775 
-0.749 34.535 
-0.79 43.902 
-0.662 24.926 
-0.701 28.789 
-0.741 30.841 
-0.805 46.485 
-0.806 49.337 
-0.765 35.444 
-0.741 30.841 
-0.763 34.911 
-0.687 27.733 
-0.687 27.733 
-0.687 27.733 
-0.728 29.361 
-0.686 25.302 
-0.687 27.733 
