-0.687 27.733 
-0.814 54.987 
-0.74 30.383 
-0.791 43.918 
-0.716 29.016 
-0.687 27.733 
-0.779 38.99 
-0.699 28.666 
-0.812 49.775 
-0.829 55.167 
-0.779 38.99 
-0.74 30.383 
-0.812 49.775 
-0.812 49.775 
-0.79 43.902 
-0.701 28.789 
-0.805 46.485 
-0.765 35.444 
-0.763 34.911 
-0.687 27.733 
-0.687 27.733 
-0.687 27.733 
-0.728 29.361 
-0.686 25.302 
-0.687 27.733 
-0.672 23.778 
-0.812 49.775 
-0.687 27.733 
-0.779 38.99 
-0.739 30.189 
-0.687 27.733 
-0.791 43.918 
-0.806 49.295 
-0.804 44.445 
-0.829 55.167 
-0.699 28.666 
-0.781 39.018 
-0.787 43.31 
-0.687 27.733 
-0.687 27.733 
-0.764 34.914 
-0.778 38.859 
-0.761 34.174 
-0.763 34.911 
-0.787 43.31 
-0.814 54.987 
-0.687 27.733 
-0.752 34.034 
-0.699 28.666 
-0.812 49.775 
-0.687 27.733 
-0.779 38.99 
-0.672 23.778 
-0.787 43.31 
-0.782 39.169 
-0.686 25.302 
-0.687 27.733 
-0.829 55.167 
-0.764 34.914 
-0.742 30.821 
-0.699 28.666 
-0.779 38.99 
-0.686 25.302 
-0.74 30.383 
-0.75 33.407 
-0.791 43.918 
-0.699 28.666 
-0.812 49.775 
-0.687 27.733 
-0.687 27.733 
-0.806 49.295 
-0.647 23.736 
-0.741 30.556 
-0.779 38.99 
-0.812 49.775 
-0.762 34.618 
-0.703 28.901 
-0.763 34.911 
