-0.647 23.736 
-0.829 50.64 
-0.647 23.736 
-0.806 44.606 
-0.811 49.732 
-0.766 35.12 
-0.778 38.716 
-0.672 23.778 
-0.782 39.128 
-0.75 33.368 
-0.787 43.31 
-0.692 27.47 
-0.827 50.265 
-0.688 25.675 
-0.739 30.189 
-0.742 30.821 
-0.728 29.361 
-0.686 25.302 
-0.752 34.034 
-0.716 29.016 
-0.812 49.774 
-0.703 28.901 
-0.672 23.778 
-0.728 29.361 
-0.801 43.99 
-0.716 29.016 
-0.686 25.302 
-0.791 43.911 
-0.761 34.174 
-0.699 28.666 
-0.742 30.821 
-0.787 43.31 
-0.699 28.666 
-0.804 44.403 
-0.803 44.029 
-0.701 28.671 
-0.763 34.428 
-0.764 34.914 
-0.79 43.902 
-0.828 50.468 
-0.812 49.774 
-0.779 38.99 
-0.762 34.385 
-0.79 43.902 
-0.741 30.556 
-0.703 28.901 
-0.781 39.018 
-0.764 34.914 
-0.74 30.383 
-0.741 30.556 
-0.74 30.383 
-0.761 34.174 
-0.781 39.018 
-0.779 38.99 
-0.779 38.99 
-0.74 30.383 
-0.779 38.99 
-0.699 28.666 
-0.787 43.31 
-0.699 28.666 
-0.779 38.99 
-0.787 43.31 
-0.686 25.302 
-0.764 34.914 
-0.699 28.666 
-0.779 38.99 
-0.686 25.302 
-0.74 30.383 
-0.699 28.666 
-0.779 38.99 
-0.787 43.31 
-0.716 29.016 
-0.699 28.666 
-0.74 30.383 
-0.716 29.016 
-0.779 38.99 
-0.79 43.902 
-0.74 30.383 
-0.787 43.31 
-0.781 39.018 
-0.79 43.902 
-0.742 30.821 
-0.716 29.016 
-0.74 30.383 
-0.779 38.99 
-0.787 43.31 
-0.699 28.666 
-0.699 28.666 
-0.779 38.99 
-0.779 38.99 
-0.74 30.383 
-0.779 38.99 
-0.779 38.99 
-0.779 38.99 
-0.787 43.31 
-0.787 43.31 
-0.787 43.31 
-0.74 30.383 
-0.779 38.99 
-0.703 28.901 
