P=? [ F (x=9&y=9&crashed=0) ]	R{"cost"}=? [ C<=100 ]
0.628	19.553
0.829	54.27
0.829	54.27
0.628	19.553
0.797	43.513
0.82	53.608
0.813	48.478
0.798	47.551
0.657	22.759
0.764	36.8
0.692	26.543
0.691	23.318
0.657	22.759
0.759	33.686
0.746	32.254
0.736	29.341
0.787	42.038
0.781	39.142
0.658	22.774
0.674	22.79
0.805	48.012
0.686	22.857
0.736	29.341
0.675	22.795
0.774	37.804
0.772	37.342
0.746	32.254
0.716	28.0
0.789	42.51
0.698	26.808
0.724	28.089
0.821	53.828
0.82	53.608
0.706	26.814
0.828	54.143
0.813	48.478
0.812	48.355
0.765	36.918
0.803	47.645
0.797	43.513
0.789	42.51
0.781	39.142
0.787	42.038
0.777	38.771
0.759	33.686
0.697	26.686
0.732	28.543
0.735	28.916
0.757	33.109
0.728	28.461
0.711	27.042
0.753	32.75
0.749	32.605
0.754	32.878
0.709	26.932
0.713	27.359
0.777	38.771
0.708	26.818
0.714	27.622
0.758	33.536
0.765	36.918
0.747	32.381
0.725	28.091
0.726	28.314
0.714	27.622
0.788	42.158
0.69	23.157
0.812	48.355
0.773	37.465
0.727	28.316
0.734	28.77
0.828	54.143
0.821	53.828
0.778	38.904
0.78	39.013
0.756	32.981
0.803	47.645
0.716	28.0
0.687	22.943
0.732	28.543
0.734	28.77
0.689	23.139
0.687	22.943
0.712	27.236
0.689	23.139
0.706	26.814
0.691	23.318
0.758	33.536
0.753	32.75
0.749	32.605
0.697	26.686
0.692	26.543
0.773	37.465
0.712	27.236
0.748	32.483
0.788	42.158
0.78	39.013
0.778	38.904
0.756	32.981
0.748	32.483
