-0.898 62.914 
-0.666 24.006 
-0.898 62.914 
-0.666 24.006 
-0.714 26.283 
-0.882 51.425 
-0.752 27.134 
-0.79 30.711 
-0.801 31.754 
-0.758 30.369 
-0.889 57.189 
-0.89 57.519 
-0.832 36.691 
-0.714 26.283 
-0.87 50.884 
-0.866 47.191 
-0.813 35.393 
-0.841 40.32 
-0.693 25.031 
-0.685 24.486 
-0.85 45.016 
-0.849 42.139 
-0.756 30.227 
-0.755 27.396 
-0.669 24.24 
-0.813 35.393 
-0.814 35.534 
-0.692 25.017 
-0.88 51.264 
-0.841 40.32 
-0.824 35.637 
-0.89 57.519 
-0.86 45.694 
-0.872 51.259 
-0.889 57.189 
-0.685 24.486 
-0.693 25.031 
-0.826 36.085 
-0.865 46.663 
-0.866 47.191 
-0.848 41.541 
-0.854 45.578 
-0.799 31.363 
-0.87 50.884 
-0.794 30.93 
-0.861 45.998 
-0.825 35.644 
-0.849 42.139 
-0.845 40.936 
-0.669 24.24 
-0.8 31.482 
-0.852 45.272 
-0.871 51.029 
-0.843 40.64 
-0.83 36.389 
-0.829 36.205 
-0.796 31.228 
-0.842 40.505 
-0.847 41.355 
-0.846 41.303 
-0.864 46.311 
-0.863 46.274 
-0.853 45.513 
-0.844 40.877 
-0.794 30.93 
-0.831 36.565 
-0.754 27.337 
-0.753 27.169 
-0.795 31.065 
-0.862 46.151 
-0.851 45.131 
-0.795 31.065 
-0.796 31.228 
-0.831 36.565 
-0.862 46.151 
-0.829 36.205 
-0.854 45.578 
-0.851 45.131 
-0.85 45.016 
-0.824 35.637 
-0.757 30.273 
-0.853 45.513 
-0.755 27.396 
-0.754 27.337 
-0.844 40.877 
-0.846 41.303 
-0.757 30.273 
-0.756 30.227 
-0.864 46.311 
-0.753 27.169 
-0.872 51.259 
-0.898 62.914 
-0.666 24.006 
-0.693 25.031 
-0.813 35.393 
-0.841 40.32 
-0.89 57.519 
-0.866 47.191 
-0.889 57.189 
-0.87 50.884 
