P=? [ F (x=9&y=9&crashed=0) ]	R{"cost"}=? [ C<=100 ]
0.659	21.47
0.948	99.271
0.948	99.271
0.659	21.47
0.938	78.388
0.947	84.642
0.936	49.508
0.937	63.704
0.937	63.704
0.662	21.55
0.712	22.464
0.759	25.304
0.716	22.468
0.803	26.232
0.842	26.266
0.759	25.304
0.927	44.117
0.779	25.31
0.78	25.96
0.933	48.803
0.799	25.969
0.863	27.827
0.91	42.085
0.907	38.224
0.892	36.226
0.89	32.618
0.863	27.827
0.875	31.002
0.915	42.607
0.716	22.468
0.875	31.002
0.927	44.117
0.933	48.803
0.899	37.482
0.915	42.607
0.662	21.55
0.889	32.424
0.914	42.418
0.846	26.269
0.858	27.329
0.857	27.217
0.852	26.831
0.712	22.464
0.893	36.272
0.883	31.608
0.842	26.266
0.897	36.746
0.896	36.552
0.907	38.224
0.849	26.72
0.88	31.454
0.911	42.125
0.91	42.085
0.886	32.121
0.902	37.706
0.846	26.269
0.849	26.72
0.885	32.11
0.858	27.329
0.878	31.334
0.877	31.127
0.89	32.618
0.897	36.746
0.906	38.037
0.883	31.608
0.88	31.454
0.801	26.081
0.857	27.217
0.852	26.831
0.801	26.081
0.851	26.722
0.892	36.226
0.903	37.712
0.803	26.232
0.886	32.121
0.904	37.741
0.906	38.037
0.904	37.741
0.911	42.125
0.885	32.11
0.896	36.552
0.799	25.969
0.714	22.467
0.714	22.467
0.902	37.706
0.877	31.127
0.878	31.334
0.78	25.96
0.779	25.31
0.851	26.722
0.948	99.271
0.659	21.47
0.937	63.704
0.759	25.304
0.863	27.827
0.716	22.468
0.875	31.002
0.915	42.607
0.662	21.55
0.712	22.464
