-0.627 32.296 
-0.741 49.362 
-0.723 44.452 
-0.741 49.362 
-0.627 32.296 
-0.723 44.452 
-0.772 62.019 
-0.765 55.243 
-0.733 45.376 
-0.741 49.362 
-0.772 62.019 
-0.788 63.234 
-0.629 34.564 
-0.741 49.362 
-0.741 49.362 
-0.735 46.175 
-0.724 44.887 
-0.749 50.367 
-0.733 45.376 
-0.747 49.842 
-0.733 45.376 
-0.724 44.887 
-0.788 63.234 
-0.667 35.487 
-0.781 62.417 
-0.629 34.564 
-0.627 32.296 
-0.666 35.388 
-0.734 45.484 
-0.683 39.133 
-0.734 45.484 
-0.699 39.939 
-0.747 49.842 
-0.763 54.84 
-0.725 44.917 
-0.78 62.301 
-0.734 45.484 
-0.712 40.779 
-0.756 50.389 
-0.734 45.484 
-0.741 49.362 
-0.627 32.296 
-0.747 49.842 
-0.724 44.887 
-0.72 42.055 
-0.667 35.487 
-0.748 50.022 
-0.741 49.362 
-0.676 38.877 
-0.755 50.372 
-0.724 44.887 
-0.749 50.367 
-0.673 35.964 
-0.738 48.727 
-0.725 44.917 
-0.667 35.487 
-0.733 45.376 
-0.683 39.133 
-0.734 45.484 
-0.731 45.038 
-0.772 62.019 
-0.755 50.372 
-0.627 32.296 
-0.627 32.296 
-0.78 62.301 
-0.666 35.388 
-0.741 49.362 
-0.733 45.376 
-0.629 34.564 
-0.732 45.245 
-0.627 32.296 
-0.741 49.362 
-0.747 49.842 
-0.683 39.133 
-0.741 49.362 
-0.763 54.84 
-0.694 39.894 
-0.693 39.798 
-0.692 39.598 
-0.683 39.133 
-0.69 39.326 
-0.723 44.452 
-0.735 46.175 
-0.694 39.894 
-0.667 35.487 
-0.758 51.05 
