P=? [ F (x=9&y=9&crashed=0) ]	R{"cost"}=? [ C<=100 ]
0.692	24.132
0.925	53.402
0.856	37.147
0.865	41.134
0.74	25.491
0.915	48.438
0.696	24.52
0.904	47.15
0.896	42.71
0.725	24.557
0.756	28.517
0.782	29.608
0.828	36.14
0.782	29.608
0.847	36.316
0.799	31.781
0.825	35.809
0.799	31.781
0.759	28.737
0.776	28.91
0.867	41.445
0.883	41.657
0.756	28.517
0.809	33.813
0.905	47.389
0.819	34.444
0.915	48.438
0.808	32.654
0.904	47.15
0.896	42.71
0.883	41.657
0.912	48.057
0.89	41.793
0.815	33.937
0.819	34.444
0.8	32.002
0.912	48.057
0.805	32.313
0.729	24.642
0.779	29.128
0.866	41.285
0.85	36.52
0.731	24.772
0.852	37.005
0.735	25.081
0.805	32.313
0.8	32.002
0.777	28.981
0.893	42.159
0.891	41.974
0.735	25.081
0.732	24.783
0.817	34.231
0.779	29.128
0.758	28.586
0.778	29.093
0.849	36.469
0.732	24.783
0.851	36.745
0.806	32.339
0.737	25.245
0.895	42.478
0.851	36.745
0.808	32.654
0.807	32.433
0.867	41.445
0.729	24.642
0.854	37.063
0.913	48.246
0.893	42.159
0.891	41.974
0.854	37.063
0.894	42.342
0.847	36.316
0.828	36.14
0.776	28.91
0.759	28.737
0.827	35.967
0.816	34.106
0.818	34.276
0.914	48.385
0.913	48.246
0.89	41.793
0.895	42.478
0.894	42.342
0.816	34.106
0.815	33.937
0.809	33.813
0.739	25.373
0.807	32.433
0.739	25.373
0.738	25.283
0.848	36.38
0.736	25.169
0.826	35.894
0.736	25.169
0.827	35.967
0.826	35.894
0.758	28.586
0.848	36.38
